-0.9929847675929218 0.10137919102239963 -0.060856478341185176 130.61741942895665 -0.10395795000928604 -0.9937439764092622 0.040812424335982506 9.165662597299711 -0.05633822821418855 0.0468526304273032 0.9973118043339008 -1.0422030071473969
-0.9933198403054158 0.09871201618826168 -0.05976313843569194 129.5142605805654 -0.10135157670936941 -0.9939265743127295 0.0428698352398018 8.42400934279499 -0.05516840358538539 0.04864054620387687 0.9972916045524671 -1.176967794630268
-0.9938632036569797 0.09893142331641291 -0.04948237966471146 132.3441264070121 -0.10403239338774872 -0.987998027942852 0.114180374439128 10.294199149880942 -0.03759246656859027 0.11862744312186557 0.9922269580069224 -2.018477857831052
-0.9960365686176927 0.07759778267505768 -0.04347111800041231 127.4187662930011 -0.08070115487145556 -0.9939215506314603 0.07488173871355686 8.499172954696308 -0.03739622412362802 0.07809311950656438 0.9962444414434837 -2.626287168535673
-0.9940637337169972 0.09332379876939186 -0.05592818512952264 125.51354072642958 -0.09592557612548332 -0.9943346516965865 0.045791749043095124 7.958294263084871 -0.05133787250778962 0.050884860407412795 0.9973841555928704 -1.6701387288383367
-0.9784520767626863 0.2026033589726502 -0.03979211494498226 122.14239432923992 -0.2038966627447768 -0.978480457898508 0.03165666489491086 19.221788629230307 -0.03252206021053582 0.03908800895064427 0.9987063848579026 -2.7793511786777567
-0.995548998287138 0.08387902238667155 -0.04297093916742322 124.29166190681292 -0.08732590970117587 -0.9924725769130263 0.08586250386796371 9.128729527806 -0.03544541584374894 0.08923280606968599 0.9953798917079871 -2.973286598957971
-0.9946665561244229 0.09330097192160865 -0.04397011219077092 122.37319079577642 -0.09665658872324108 -0.9919635580692931 0.08164437101780721 8.553583171574905 -0.035999249769573326 0.08545892639736484 0.9956911297762236 -3.0378224160229244
-0.996403562485943 0.07463755912361127 -0.040114528956403016 120.49001574000162 -0.0777667912946158 -0.9934997585172775 0.08312975398647948 8.049502438450496 -0.0336491729031236 0.08595036122194219 0.9957310221986462 -3.0141963644820735
-0.9976193259765689 0.054481837483526 -0.04227776983811458 118.65179699215092 -0.05796949019607739 -0.9945897902331301 0.08620143485133153 7.5506121834322935 -0.03735262567039777 0.08844703809874058 0.9953802804994152 -2.8253109849332905
-0.9903154668543763 0.13551950012072972 -0.030161916319009035 115.30047452380917 -0.1368552334569281 -0.989436927972652 0.047803876824954065 19.031687309274698 -0.023364956333297788 0.05146873469469961 0.9984012460751853 -3.7728743458677063
-0.9901907771785751 0.1367900440222818 -0.02847294587634815 114.00453834050747 -0.13835560955397955 -0.9883621085095547 0.06323027571898696 18.861562222223974 -0.019492308622684532 0.06654942763791875 0.9975927142805486 -4.209846638751886
-0.994676358957478 0.08812143338711474 -0.05341866629658997 117.57921282768883 -0.09165107214759947 -0.9934883424089739 0.06768304419621507 6.841990640277028 -0.047106495362123364 0.07221860200302613 0.9962757909431684 -2.701531236105454
-0.9947917995924361 0.08747897943052854 -0.05231351279971202 116.61794077675474 -0.09082040487282299 -0.9937221793474024 0.06532904661633049 6.650540842167266 -0.04627017962348143 0.06973993426190642 0.9964915514176552 -2.6998016078758402
-0.9962511509002387 0.0811020813390073 -0.0301014407037052 111.86732662409757 -0.08193679887528414 -0.9962548384457033 0.027616260854760516 10.415510121939171 -0.027748969711130566 0.029979147352912086 0.9991652743185021 -3.7995079432784604
-0.9998365526831 -0.010557223679976474 -0.014676952918023492 109.48429584818541 0.010206646504391006 -0.9996656025051639 0.0237593673133491 6.284217220757451 -0.014922877936957443 0.023605681438314423 0.9996099636947972 -4.233183659721716
-0.9998479828771594 -0.008052209085935501 -0.015465221153360765 108.87335810340147 0.007809690150906796 -0.9998465855829284 0.015678457765792936 6.1138022947390445 -0.015589094785547675 0.015555295786429757 0.9997574770396898 -4.286775889649122
-0.9915000369673931 0.12810457755893734 -0.022735300792151143 107.47605501300222 -0.12896240201619763 -0.9907827392175318 0.041451930411254334 17.78233511601365 -0.017215561561445977 0.044031589535845024 0.9988817965921079 -4.4350824593357885
-0.9958010153928603 0.07178612042278362 -0.05680748768604156 106.97567365712571 -0.0745770075429509 -0.996028566303827 0.048635018789804405 9.631424919780343 -0.053090561199640944 0.05266733353219586 0.9971998517298948 -2.390437017744935
-0.9919321227390133 0.12204632999732327 -0.03428348308821345 105.73850706545377 -0.12348530761094738 -0.99138964603497 0.04356545120722343 17.623714628603146 -0.02867128672915072 0.04744747694918669 0.9984621646554538 -3.623054279364549
-0.997422908890209 0.04842168663133416 -0.05294224291410576 101.98979427902003 -0.05156508098896219 -0.9968827167710903 0.05971508541140584 7.512398352980073 -0.04988570179521431 0.062291165239274554 0.9968105273769645 -3.0735209798573053
-0.997196985074027 0.04093630433428866 -0.06262900244079328 102.67787785105763 -0.04382638793622199 -0.9980029629435592 0.04548992939492726 8.285909656771436 -0.060641740408254506 0.04810722340088029 0.9969996360966887 -2.2233024749128174
-0.9933177179071534 0.11307225304631269 -0.023120918726693942 102.62851833283004 -0.11411682334560067 -0.9921880053255586 0.05040151503287849 16.712395410783685 -0.017241285371017493 0.05270320368944376 0.9984613715110029 -4.298595799216191
-0.9925478875334323 0.12093159346133704 -0.014974667135932937 101.41636112554036 -0.12150531377863148 -0.9915023676972008 0.046470566753624425 17.03083807141285 -0.009227658234187678 0.04794376449287314 0.9988074117515199 -4.717786633266176
-0.992509715207783 0.12100284256815319 -0.01681598372370897 100.43154169193423 -0.12160419008665269 -0.9917260866344558 0.041131375397355646 16.917132680137883 -0.011699836389404753 0.04286818376296579 0.9990122284783747 -4.618045952679261
-0.9928667232331486 0.11813186860591139 -0.016140988691956026 99.35486055633457 -0.11870722259344782 -0.9920746594119052 0.041188171322695484 16.780400714736764 -0.011147430216333097 0.04281041663466438 0.9990210223149173 -4.611352172755439
-0.9931774159041773 0.11168963596806777 -0.033526791603652906 98.75410095467652 -0.1128626217933081 -0.9929795427483327 0.0354070089849576 16.56260039111971 -0.029336822252165676 0.038949363289281974 0.9988104414549897 -3.617465218912518
-0.992882318362181 0.11477067267898079 -0.03181814854073491 98.38357001131672 -0.1159995820881508 -0.9924467548358674 0.039919115360098276 16.61711763040543 -0.02699627454150953 0.043325875739245484 0.9986961848591948 -3.884597772526597
-0.9934630682446149 0.11281584452473718 -0.017427485710067112 96.42265366849142 -0.11350331708216288 -0.9924981369312065 0.04543616620532474 16.118055531440284 -0.012170827636216665 0.047117230524108586 0.9988152169157201 -4.671638660757237
-0.9936740303639868 0.11064645172834041 -0.01921676612048851 95.45541108467248 -0.111350942667444 -0.9929520660959282 0.0405852436595447 16.09160148900807 -0.014590714419562481 0.04246830766302025 0.9989912681785447 -4.517125026345254
-0.992584303975207 0.11837371973492629 -0.027641671045293345 94.7616175084539 -0.119510860463014 -0.9918603604070898 0.04393381026621636 16.637146162282775 -0.022216069261898355 0.04691149037532951 0.9986519705769977 -4.050180942434952
-0.9931724959045669 0.11581178345077553 -0.014000863996503764 93.32404892506003 -0.11629715530944584 -0.9923624290483085 0.041131266455989975 16.161747945809957 -0.009130446080488248 0.042478703220479155 0.9990556514664662 -4.761924843832401
-0.9934286448455332 0.1134031134517777 -0.015468078737117467 92.4236831169984 -0.11395915739988091 -0.9926090439266904 0.04172045493104115 15.840329301692657 -0.010622525362828239 0.043209024223960106 0.9990095806249992 -4.7567673809707
-0.9934702966649498 0.11286173562136255 -0.01670324151180329 91.34572509045522 -0.1134629553850346 -0.9926963827526375 0.04098840598417185 15.769749591839124 -0.011955224789284138 0.04261596299935755 0.9990199959449666 -4.761882056378864
-0.9927547743340569 0.11736211832501862 -0.02576996738863168 90.65762240640379 -0.11835123262606974 -0.9921263814347037 0.040966193344973915 16.008312690829023 -0.02075918526429498 0.04371929143469289 0.9988281532794423 -4.377835424639353
-0.9932685376712784 0.11371168274616004 -0.02207408615112864 89.64862878906483 -0.11448417525518124 -0.9927123017958864 0.03762525055412124 15.510483323262141 -0.01763478631887245 0.03989911114493096 0.9990480845491584 -4.594524693542017
-0.9932221237564197 0.11381250969589318 -0.023590793066730942 88.78117800676333 -0.11460032008652761 -0.9927851327497752 0.03527671791826252 15.443651669972203 -0.01940565682631531 0.037741129126475065 0.9990991080245267 -4.573472491598638
-0.9934706124141388 0.1116887901747156 -0.023275661511257387 87.96529364432828 -0.11255013100882058 -0.9928511728779407 0.039736840901089726 15.34651694872216 -0.018671108145353887 0.04209706241781772 0.9989390507215231 -4.662418031399788
-0.9934395527337696 0.1118939407075497 -0.02361357865872801 86.97620981346077 -0.11275870194219903 -0.9928498103037237 0.0391756214523738 15.393938223548691 -0.019061222427936692 0.04158124833148157 0.9989532869893136 -4.561326766536334
-0.9930625283704503 0.11526378749127376 -0.023260998251610893 86.01714373630703 -0.11606090925647866 -0.9925727673059404 0.036457741910234265 15.407842474242248 -0.01888597598894702 0.038904509967349656 0.9990644418730709 -4.789197348738876
-0.9930783792748838 0.11203594649244415 -0.03526016605634141 85.29673622874893 -0.11364048151494825 -0.9923919388068979 0.047371729461156385 15.320825396897247 -0.02968456800814105 0.051050822565672935 0.9982547971021958 -4.208591106946291
-0.9930387456651799 0.1148327904046984 -0.026219837062940152 84.19516243590084 -0.11582785329884579 -0.9924534496763551 0.04024995187190084 15.380359004996818 -0.0213999534559617 0.04300674916080199 0.9988455643985782 -4.767337343781663
-0.9930297522853174 0.11487886204367173 -0.026358264960253296 83.29698097087991 -0.11595963396036156 -0.9922794260869267 0.043987542058838404 15.323534162777442 -0.021101525251589776 0.04673743275094947 0.998684303477287 -4.764608189445891
-0.9935016266257485 0.11108256879058545 -0.024802838605353004 82.49792682036087 -0.11217618571999988 -0.9925181324514935 0.048210580916590993 14.746954662560634 -0.019261911880979324 0.050679578390982465 0.9985291979130141 -4.699709764268978
-0.9934407279227709 0.11217415880235017 -0.022191849883819583 81.66642032506418 -0.11291722301497827 -0.9929637403785749 0.03567507589312329 15.01803756795937 -0.018033880638036105 0.0379469154264106 0.9991170155486095 -4.82696792865364
-0.9933927751437155 0.11255211729200172 -0.02242354087456275 80.82507086956424 -0.11334809527127947 -0.9928238434758042 0.03811856666122097 14.97116580513476 -0.017972300649563445 0.04040837436746036 0.9990216012130773 -4.894209767807752
-0.9930238747888781 0.11202060809684755 -0.036809882652587264 79.99348482781508 -0.11366307183885117 -0.9924515309316472 0.0460506769937853 14.94982465492293 -0.03137339955185919 0.04991334604134038 0.9982606712114452 -4.264254950072162
-0.9934062865900943 0.1124030630308319 -0.022572132920260096 79.21191673988065 -0.11323761102683903 -0.9927657060261066 0.03991862206319922 14.836035601819047 -0.017921864083223302 0.04221142451726652 0.9989479478070961 -4.868940373514991
-0.9932492798082555 0.11228610130784356 -0.02911528144233308 78.21130716671857 -0.1133471509641539 -0.9928365602310084 0.037788728967394415 14.791508192728523 -0.024663566828236186 0.04083376203274187 0.9988615080928692 -4.54054298473145
-0.9936764472795752 0.10902279737302398 -0.026854194733975944 77.30344299146932 -0.11016379584301735 -0.992872102307647 0.045485454209651124 14.476827373910897 -0.021703829323582842 0.048156184568146035 0.9986039884161005 -4.717550163112839
-0.9935372945027519 0.1104971269874399 -0.02596207541150225 76.68861802958168 -0.11157282847001633 -0.9927607132819665 0.0444710030365824 14.505596478886416 -0.020860210434011074 0.047080262227402817 0.998673270158591 -4.882343238542913
-0.9933438223872427 0.11112256168389038 -0.03032864668777869 76.15146326459882 -0.11235830723988897 -0.9927524223032466 0.04264081149815297 14.705349019004052 -0.025370481258516913 0.045764662085984474 0.9986300287818666 -4.67894833971609
-0.9933623051588326 0.10814891921220983 -0.03918088772308058 75.36069901258548 -0.11029894045778954 -0.9922251550124132 0.05764881173526646 14.363288091384868 -0.032641605711520305 0.061587766917062935 0.9975677784204737 -4.311091280255519
-0.9934340076233433 0.11120955150242798 -0.026857180642417565 74.74839583141107 -0.112289289837847 -0.9927556193870056 0.04274804747862068 14.291799235418189 -0.0219086258159499 0.04548313786614262 0.9987248351196204 -4.936599359989997
-0.9931507604304038 0.11435375962506608 -0.023974668217283644 73.64930812256972 -0.11531280397080801 -0.9923805849126699 0.043401980701150894 14.234397814895667 -0.01882881560020392 0.04586929635393844 0.9987699852093551 -4.9700642359788025
-0.9935773583410361 0.11069990537780816 -0.023442780154920885 73.13202002955441 -0.1116354299264763 -0.9928056856115064 0.043294357630024635 13.995669876586197 -0.018481444131309314 0.04563333832637844 0.9987872819855154 -5.064097397307584
-0.9934219889422655 0.11193158867777428 -0.02416756798000777 72.0372389262231 -0.11289464522004365 -0.992673820157583 0.04305212949895944 13.981021307435562 -0.01917161877985247 0.04549732112799023 0.9987804777845563 -5.002581482096162
-0.9937625478939461 0.10738191826108553 -0.030085246116815994 71.8103225381044 -0.10868888126447172 -0.9930190409617358 0.04582478998223296 14.032322121148425 -0.024954468393814728 0.04880889179245161 0.9984963528171661 -4.761122500848588
-0.9939549865902721 0.10668110685627576 -0.025935035613117295 70.86214011950237 -0.10777014040763969 -0.9931557755956563 0.04502446265654191 13.784448454867832 -0.020954270897637423 0.047547311605520004 0.9986491734789744 -4.960919073216583
-0.9935843098912076 0.11050061926659467 -0.024079706802908833 70.04418086398385 -0.11152499683808906 -0.9926761264832761 0.046435794280115364 13.895310268251679 -0.018772166051875528 0.048823365839114966 0.9986310052916778 -5.093717048768605
-0.9939894876656632 0.10693105417422727 -0.023465891488416175 69.53572415505224 -0.10794619199291665 -0.9930267157522996 0.047387355237785936 13.634892581336812 -0.018235077306836666 0.049635586582531026 0.99860091653284 -5.079118786909962
-0.9937360513200894 0.1083603563633746 -0.027325692590805053 68.67669395237286 -0.10967532115265431 -0.9925863722679571 0.052379552479959485 13.621438564785787 -0.021447243105534006 0.05504840376196336 0.9982533190560627 -5.065186533741728
-0.9936089636913853 0.10933542215993448 -0.028053390762142794 68.06700822813718 -0.11050930471429395 -0.9928824522258172 0.04440866619953411 13.286609402629287 -0.022998279146679495 0.04722500950943818 0.9986194859069878 -4.936487234499415
-0.9935499886618507 0.11043554444259843 -0.025737337735398665 67.3390738988902 -0.11150906940382542 -0.9927496576411309 0.04487588098426485 13.473182496497238 -0.02059484087657259 0.047456377622913055 0.9986609758833013 -5.096490202661629
-0.9936069041479689 0.10988894323011358 -0.02587933896484641 66.59554966030908 -0.11098736550654177 -0.9927691466929781 0.04572992534885771 13.382467010278308 -0.020666996090530913 0.048309849205555325 0.9986185626866395 -5.105922962618189
-0.9941923326420518 0.10450523731903699 -0.025695546085950535 66.09658651129692 -0.10577019761850781 -0.9929160097710367 0.054133749510918726 13.174451999358276 -0.019856258748941917 0.05653718168834717 0.9982030234753048 -5.143889346909145
-0.9933448318401883 0.11168108290151348 -0.028167015786817268 65.34541211463119 -0.11285672763862704 -0.9926220484265406 0.04432638045451483 13.274814603231931 -0.023008782738108708 0.04721021816771997 0.9986199433305287 -5.20016843862217
-0.9932860648904788 0.1107673442519908 -0.033367480302686964 64.7964926279299 -0.11231970863527554 -0.992466639546413 0.04893109889973496 13.185024598013245 -0.02769614316968381 0.05235040434237579 0.9982446387628241 -5.002795667114739
-0.9932038627662608 0.11337970925804164 -0.026289323208073815 64.23143813980533 -0.11441506822654558 -0.9925469809407913 0.04194857313468621 13.353402324638354 -0.02133727135534991 0.04467137958338488 0.9987738426176493 -5.195412757717191
-0.9936150666022932 0.10916455587164278 -0.028499108096124284 63.61188986490826 -0.11026926994639724 -0.9930724009870258 0.04059426687791234 13.202018938765859 -0.023870222588344567 0.04347765103145102 0.9987691957276089 -5.165612145108463
-0.993452645377888 0.1110680613785453 -0.026753077080786895 63.031770450051006 -0.1121968159976131 -0.992656527027473 0.04522050231649132 12.898253511116138 -0.02153406305545549 0.047926037718238196 0.9986187355727707 -5.202757473664168
-0.9938399999898162 0.10721630222288311 -0.028048510796548624 62.46659028289974 -0.10848883149429826 -0.9929060543857733 0.04865943490306861 12.822798363672511 -0.022632451507835633 0.051402642945042716 0.9984215244259436 -5.175134073084538
-0.9931111218001243 0.11189338276825932 -0.03478750709053976 62.02763126918952 -0.11356922377670718 -0.9922382072656071 0.05064949607936435 12.902850147981349 -0.028850150218928925 0.054251368047387796 0.9981104437372331 -4.9850915031472285
-0.9927815803767508 0.11622928584664723 -0.02958862579137944 61.31054495500098 -0.11754675165895757 -0.991927919064314 0.04755801252336243 13.001471346945454 -0.023822150177339216 0.050692765680350055 0.9984301421074075 -5.228072637083247
-0.992790401649492 0.11680409276807843 -0.026907662575286744 60.452172202732605 -0.11803258006676923 -0.9917602784456159 0.04979819414654717 12.380495561785247 -0.020869318039210934 0.05261515000549697 0.9983967736098097 -5.282868592932297
-0.9928375594506607 0.11516752729626473 -0.03178083070851334 60.07862690810945 -0.11666984615652685 -0.9918934585200799 0.050353887068329696 12.764157552111243 -0.025724065422693603 0.05370109497526345 0.9982256582840331 -5.177480080599885
-0.9921301912330478 0.12151552249753887 -0.030193731734081047 59.192645373085846 -0.1230081060317867 -0.9909456634981169 0.05381168873726064 12.6732298023279 -0.02338139205332994 0.057102274792112585 0.998094504903832 -5.212873373906333
-0.9927112955418386 0.11765155426548077 -0.026122700522001798 59.43395918469954 -0.11883618488211604 -0.9916684960965612 0.04971473636912804 12.483597618823747 -0.02005604313690767 0.05245670241737061 0.9984217793624081 -5.334301566604263
-0.9924416644648948 0.11988164685669239 -0.02622848415523419 58.45588853856781 -0.12101948679285346 -0.9915253156762355 0.04724227121489347 12.548429499166575 -0.020342724757235673 0.050059355969431535 0.9985390500272827 -5.365436188862045
-0.9921574552815828 0.12200266283474875 -0.027183343988665728 57.705908112020964 -0.12329107335697509 -0.9909942936467167 0.05224577676838958 12.424120623901645 -0.02056441488739008 0.05518750058552933 0.9982642158364038 -5.3636515889561815
-0.9916425867582047 0.12682779478574135 -0.02365778090366267 57.29045902735589 -0.1278246524519777 -0.9906868890883682 0.04690784597430575 12.520217131439793 -0.017488234703113247 0.04953986534301148 0.9986190281527656 -5.456773629873441
-0.9914755666505483 0.12797212087540535 -0.024481360534871592 56.806019795516335 -0.12899714837335474 -0.9905647064666635 0.04627416140960545 12.504764654861225 -0.01832856913481152 0.049037726102165405 0.998628742312284 -5.454930400023702
-0.9923800591751256 0.12099288432721335 -0.023292490072146493 56.96911313069643 -0.12194610136537475 -0.9915101438260895 0.04513073289630502 12.0729836389731 -0.017634242636576637 0.04762726773764165 0.9987095057395265 -5.471989064259808
-0.9921914077351033 0.12245307395747373 -0.023695043680170346 55.84357695621468 -0.12351083884431865 -0.9910813137923464 0.05002901297862064 12.277167461366892 -0.017357508594619753 0.05256495153624563 0.9984666457951361 -5.470805937906914
-0.9918052709664428 0.12548691505623677 -0.023986217560376527 55.26449654100663 -0.12655490069856296 -0.9907021367395926 0.04993128647237575 12.179978611575178 -0.017497473885158085 0.05255768649092507 0.9984645852499576 -5.461782779689267
-0.9919455976865014 0.12380748315130444 -0.026751417646757602 54.767717891220414 -0.12498750261352691 -0.9909872921325068 0.04819036233849572 12.096696913202381 -0.020543987461187498 0.05114581065562768 0.9984798699180548 -5.459334690466455
-0.9914519403541353 0.12695151036779576 -0.03010587954814861 54.064593179273686 -0.12830373098551368 -0.9905579996338213 0.04830115916464135 12.354349411640074 -0.023689714713964166 0.05175097464576516 0.9983790032046947 -5.445891569126417
-0.9922709884684047 0.12221515627940244 -0.02148815998485416 53.99298983396384 -0.12304301738884296 -0.99148146577092 0.042719069566061196 11.904962548497165 -0.01608419459537656 0.04503286142743668 0.9988560156878857 -5.5736141406112605
-0.9920043800114019 0.12373321201602172 -0.024847581017035426 53.524997411703424 -0.12477346403786409 -0.9911218022065684 0.045925546951552064 12.221070014477746 -0.018944463840169647 0.04865866248681578 0.9986357903934806 -5.504548341440488
-0.992268986398729 0.12188601022096349 -0.023367908414325036 52.99269653639781 -0.12281520956133286 -0.9914704009378024 0.043621879425847686 11.942171579714508 -0.0178516926830721 0.046154572651608536 0.9987747856707736 -5.523942295704832
-0.9924078891116779 0.12072304061840018 -0.023505937393656594 52.74268302736687 -0.12164208476605363 -0.9916569304877008 0.04265835708848444 11.874020163465213 -0.018159979148522045 0.04519380134009934 0.998813163448384 -5.553785370943096
-0.9928014956349812 0.117899444260713 -0.021092920802060475 52.80833375310164 -0.11863494503059206 -0.9922143449837088 0.0379004409754985 11.73277602969225 -0.016460257669162443 0.04012997198558727 0.999058879779317 -5.651801516216398
-0.9927114355461868 0.11907871528889158 -0.018554387647624307 52.028497090274755 -0.11971277464999731 -0.9920826186188805 0.03795957612915453 11.514970439878459 -0.01388730792595431 0.03990410253912653 0.9991070039185634 -5.67122679457487
-0.9926163654165083 0.11992247394112868 -0.018203058840755598 51.2968180893661 -0.1205909571253874 -0.991828435580965 0.04164343204633152 11.642331420144616 -0.013060327978419486 0.0435310764495153 0.9989667027565271 -5.657022057282265
-0.993048101776577 0.11608237773643616 -0.019502541808557875 51.02060736972887 -0.11678085573312458 -0.9923671606694138 0.03961881067330302 11.535741523704914 -0.014754636294348374 0.041620908255143474 0.99902452457577 -5.634430704182613
-0.992500378702192 0.12049964305068184 -0.020562935118220705 51.10869823026728 -0.1211474269238157 -0.9920566270054628 0.0338666467825781 11.553196283874206 -0.016318677206089895 0.03610380643665564 0.9992147996977667 -5.664232536304163
-0.9927080635042504 0.11892181124765304 -0.01970541710344888 49.949305420913284 -0.1196461526574611 -0.9919725861149172 0.0409290428760949 11.356009607182093 -0.01467987765312319 0.0429882682375488 0.9989677221942865 -5.698774018834965
-0.9931466941456817 0.1157547225664131 -0.016139644081601182 49.71478666909348 -0.11628213886392359 -0.9925318717898296 0.03686390731605055 11.198963993740788 -0.011751939786249818 0.03848802001853929 0.9991899540259194 -5.798063893090533
-0.9928773217654335 0.11790272824950941 -0.017133901926584667 49.58057503067429 -0.11848903175112914 -0.9922046585612537 0.03860394907296159 11.365030652005773 -0.01244882639398158 0.040359165014530796 0.9991076841465836 -5.74648397455957
-0.9935097730933703 0.1126616396666525 -0.01567436491805124 49.30193129780446 -0.11318946965965113 -0.9928346111861358 0.03830899096874717 11.131799387044218 -0.011246098262488966 0.03983452997712193 0.999143000523636 -5.65951225142916
-0.9938869320489504 0.10963662848275109 -0.012983681961184998 48.813320206841865 -0.11007237024564678 -0.9931277436856135 0.03976629264134501 11.029977456895582 -0.008534612518387726 0.04095234324025022 0.999124649867227 -5.700346000913908
-0.9943196555787815 0.10575813988685125 -0.011984922918731525 48.49821165203567 -0.10612303994619729 -0.9937152780735382 0.03560683243160447 10.936255250924587 -0.00814388864564788 0.03667644981330082 0.9992940083413032 -5.7671714279383135
-0.9945169740802399 0.1036314648257078 -0.014018122711966232 48.151188338622234 -0.10408829290882342 -0.9938733117442531 0.037168097635561476 10.845948304078265 -0.010080453641420907 0.03842342645571224 0.9992107008803511 -5.713811425094636
-0.9943593966132457 0.10527192826037829 -0.012931028083151856 48.061673411227666 -0.10568827621689664 -0.9936947211061797 0.037427122732237576 10.817006364789487 -0.0089094689654432 0.0385826692448181 0.9992156919287817 -5.737496697575687
-0.9937687083914424 0.11109905406569641 -0.008986345626112245 47.67666283109125 -0.11134120459000471 -0.9932119837469899 0.033661424536438604 11.173561393980341 -0.0051855937414448175 0.034452220931065966 0.9993928927556393 -5.818579512871628
-0.9960185888995708 0.08876864358591062 -0.008191366334651617 47.099403472234535 -0.08898473508822655 -0.9955338727105647 0.03152816530002567 10.726966972431038 -0.0053560701814909725 0.03213154527602336 0.9994692973325355 -5.798649949544933
-0.9943812241759558 0.10551727023504837 -0.008490388005274562 46.935841985479485 -0.10575520146231598 -0.9937513694155851 0.03569388110467387 10.819524687891999 -0.004671013808851568 0.03639122788244732 0.9993267034174635 -5.794347633607338
-0.9941583097441361 0.10771842532887725 -0.006782035930080863 46.794543810704866 -0.10788497930816728 -0.9936130343684814 0.0330752048026962 10.675606217277169 -0.00317591032090711 0.03361366950707337 0.9994298548752237 -5.770791777366295
-0.9934519214214024 0.11316907720664109 -0.015685655495662 46.66900601908778 -0.1137549592572294 -0.9925515633861546 0.04360278963655972 10.80181346174853 -0.010634334418151176 0.04510159624560489 0.9989258015226113 -5.609265593656501
-0.9933210950342133 0.11515636359216352 -0.00722593137676196 46.53453532285858 -0.11533454153601713 -0.9927682468160081 0.03330392833502909 10.80873394943942 -0.003338515944124735 0.03391489404520157 0.9994191484423326 -5.761502247720895
-0.9936039288264803 0.11284494915800336 -0.00415332037226071 46.17205916720445 -0.11291561945792261 -0.9932519124900299 0.02647076155560429 10.731682353738904 -0.0011382016610159286 0.026770427423318293 0.999640959901384 -5.866380405340229
-0.9937731163201637 0.11133397972085955 -0.0044427737766518215 45.89067183803481 -0.11140999085530269 -0.9934701239877328 0.024595257295298063 10.734867076911756 -0.0016754751377956077 0.024937074874873438 0.9996876187488536 -5.864322817953412
-0.9934264442180947 0.1143892333938325 -0.004359267342895844 45.844818093878125 -0.11446286930014325 -0.9931123111456263 0.025023768752457192 10.539765489634165 -0.0014667923415869091 0.025358247860803602 0.9996773518419152 -5.8380830722165955
-0.9930074111301149 0.11787914558643527 -0.0063865856674927895 45.59489775360214 -0.11800981710660752 -0.9926452458041971 0.027001834174630195 10.68061743579441 -0.0031566607579859834 0.02756670125607053 0.9996149821179788 -5.845081715994811
-0.9931439552465731 0.11664527612883717 -0.0076787833688080525 45.66919426697825 -0.11681676384051334 -0.992757134024415 0.02805559711468624 10.533711421555369 -0.004350614097610333 0.02876025730866024 0.9995768703589172 -5.917020345773687
-0.9932597867607098 0.1156465905565638 -0.007801416327445728 45.465120819651375 -0.11583711910810297 -0.9927662797301384 0.031573337921697565 10.370546520244856 -0.004093634180889665 0.03226422048376332 0.9994709911927272 -5.89053847530261
-0.9925772392707823 0.12081210785239317 -0.013959178982035884 45.14144538864392 -0.12120398746591268 -0.9921164071994425 0.03185322570845851 10.523727484348754 -0.010000875159374563 0.033308694989944015 0.9993950736991428 -5.869204035298107
-0.9929577121791852 0.11748729332487945 -0.015222277460179824 44.92646265378341 -0.11791536821758436 -0.9925334479935993 0.03119808571130354 10.655942446537871 -0.011443240886728885 0.03277332026409338 0.9993972992343334 -5.909890528643135
-0.9931074055278638 0.1163118862081617 -0.014464653898993382 44.846790087972906 -0.11669085935698886 -0.9927472762938196 0.028915199354936257 10.998734835585198 -0.010996564383700825 0.030403791505476604 0.9994772058600708 -5.862710853246921
-0.9932805257111471 0.11422558418158348 -0.01860949116356664 44.79169227707278 -0.11473164175469072 -0.9929767726110638 0.028875239136599246 10.937440871348095 -0.015180501416771422 0.030816310183051594 0.999409779521616 -5.873401882169395
-0.9932763027192527 0.11464271422259054 -0.01610076184711431 44.62582010656975 -0.11512414923558671 -0.9927996865665158 0.033093996679390336 10.50698606852182 -0.012190845711498567 0.034725069173601714 0.9993225469545551 -5.850610185216621
-0.9929691478730053 0.11784548231717451 -0.011167527470305524 44.493048361019966 -0.11814212807776349 -0.9925036216189047 0.03128895406714361 10.575948468918925 -0.007396549575564437 0.03238832151859784 0.999447991485096 -5.827437150026826
-0.9926964216751125 0.11981751775653522 -0.014056202620077878 44.430995269322295 -0.12025241237185334 -0.9920967023373622 0.03582583606971557 10.578587684187722 -0.00965254951733894 0.03725447154377741 0.9992591919206114 -5.790101096934614
-0.9925918253886125 0.12129351916998031 -0.007024982495741251 44.33625350872716 -0.12146185560900342 -0.9920326758780204 0.03343931252754792 10.547945625883742 -0.0029130402881554058 0.03404485567101248 0.999416060506647 -5.801776234124942
-0.9920623687893468 0.1255695241065675 -0.0066746571244603505 44.38223741566645 -0.1257284226973421 -0.9914264001968938 0.03558169077883207 10.920334747418101 -0.002149455307447149 0.03613845055188177 0.9993444812643979 -5.813442936982125
-0.9922897393987034 0.12361068767076736 -0.009026127498491533 44.217623405129544 -0.12384880907412729 -0.9917183346945057 0.03400319281603167 11.042772305369636 -0.0047482180845529395 0.03485889447938314 0.9993809643477866 -5.816673909418325
-0.9912416184385594 0.1318013390075347 -0.008274110896741365 44.35741307749443 -0.1320176329379867 -0.9905725597434621 0.036569775453861385 10.707267231252034 -0.003376161838562601 0.03734181194207421 0.9992968480947674 -5.8312093074000275
-0.9920568840270452 0.1255115012899985 -0.008366713721117714 44.08171183389796 -0.12572923388956306 -0.9914495515590748 0.03492773194556997 10.753764283172611 -0.003911342493682287 0.03570223742638316 0.9993548176912289 -5.823708448054888
-0.9923991506582513 0.1226546588679489 -0.009988014355830223 43.9571160275739 -0.12291838848141912 -0.9918831522944666 0.03254046661503212 10.967554069636698 -0.005915703332352526 0.03352084205952879 0.9994205108970449 -5.822794434237827
-0.9920070818349234 0.12587563242391742 -0.008790605851798314 44.08586430996444 -0.12608656646955377 -0.9915587216327525 0.030223820240689044 11.135706363822614 -0.004911959413722917 0.03109062102790946 0.9995045002093914 -5.846499301086823
-0.9926315549121862 0.12078399826797138 -0.009686173394316324 43.64259156771178 -0.12104109336421466 -0.9920993770501075 0.03298302251135789 10.826890441075214 -0.005625825256616166 0.033912413939316016 0.9994089744799173 -5.855318384247216
-0.992607995552303 0.12098401713683989 -0.009603893120982504 43.59963743400152 -0.1212383020504103 -0.992074773154014 0.032998766451917655 10.810393869525189 -0.005535456763480696 0.03391919911859791 0.9994092488313157 -5.831286523715789
-0.9926237692169149 0.12057015427977635 -0.012684269098564011 43.4217693170615 -0.12094937316005346 -0.9920301545019052 0.035318857443566894 10.770860622696084 -0.008324777342635854 0.036592491796532726 0.9992955957204673 -5.841612727467051
-0.992759558729131 0.1195302079553543 -0.01187383417872981 43.37900168558113 -0.11988510914054303 -0.9921370373620748 0.035939667510607766 10.728301973399358 -0.00748459473282424 0.03710294436513593 0.999283419436714 -5.85229759924835
-0.9924428622733857 0.12214399345026379 -0.011747765176443093 43.3373955645044 -0.1224637005347155 -0.9919540333771635 0.032091084714067256 10.88019117245401 -0.007733509808813561 0.0332872427636065 0.9994159055644655 -5.948082163304082
-0.9926895229168551 0.12006078881928253 -0.012366004981555241 43.18895216838872 -0.12044887519324463 -0.991996447889766 0.03788292278548375 10.77960651608659 -0.007718779423884741 0.03909545193728005 0.9992056675590023 -5.880856711140823
-0.9927239652843775 0.11966773354008683 -0.013370201922479216 43.12455522823302 -0.12007475979685674 -0.9921279250850937 0.03555604485982426 10.761844472277302 -0.009010039389293142 0.036902761627350705 0.9992782422200975 -5.856036825798489
-0.9930764427245593 0.11702348843196947 -0.010231425157688925 43.351560062764676 -0.11733960958054385 -0.9923063201934732 0.0394915551425847 10.48632745534428 -0.005531268302172434 0.04041868453211419 0.9991675209951886 -5.810790283655771
-0.9926334197016368 0.12089775976199045 -0.007913644923617161 43.10357472967703 -0.12110330504132143 -0.9920139923071314 0.035245263156110034 10.562122907651235 -0.003589373136583009 0.03594399465010696 0.9993473598549623 -5.879093933252386
-0.9925996980516689 0.12110840960042679 -0.008865244035080452 43.08583109329511 -0.12134468818855848 -0.9920106003737535 0.034502686772692547 10.70132009315577 -0.004615850535717486 0.035323106745697906 0.999365284595014 -5.89823744623542
-0.9918699088979751 0.1269847528372457 -0.00830399720567382 42.983266153810156 -0.127185383506114 -0.9913800923694112 0.031454581161185186 11.047882275899378 -0.004238165302444026 0.03225499962000584 0.9994706863907435 -6.064153598698843
-0.9928544670327721 0.11898449330912075 -0.009093824555572748 43.01454382391498 -0.11923154477182192 -0.9922565629631163 0.034795861649759036 10.871920380906083 -0.0048832391300513 0.035631497422862285 0.9993530659216523 -5.987340584371638
-0.9913954715868539 0.13068280862556714 -0.007551320865681419 43.383916310109825 -0.13086543143865925 -0.9908179761819028 0.033970235930409376 10.980383704080582 -0.003042658616575541 0.03466614493316383 0.9993943168859925 -5.983575778090712
-0.9921962145781037 0.12441118768295632 -0.008278173482503742 42.9020278746733 -0.12461695251709691 -0.9916703727977155 0.03256511723602624 10.903353059912925 -0.004157754471109907 0.03334258680067465 0.999435333067232 -6.018458820940917
-0.992119668402435 0.12500205508125942 -0.008546917251828122 43.01660901324923 -0.12520786037902346 -0.9916566035414933 0.030662230053528607 11.191156831158663 -0.004642765162632618 0.03149074273512386 0.9994932605343798 -6.062548416966704
-0.9933562691641636 0.11478222900083343 -0.008268156860042144 43.03679366621799 -0.11501451524396895 -0.9926451252066146 0.03777984498039235 10.006840592821574 -0.0038708907834090066 0.038479803912541556 0.9992518806063887 -5.977592133074306
-0.9926766582716092 0.12035995286144564 -0.010321524592608034 43.25883727866768 -0.1206606428378222 -0.9920195600505233 0.03658143992710716 10.11634303113587 -0.005836213900179146 0.03755894333401447 0.9992773710952145 -5.926212794954657
-0.9923282582249536 0.12323974011220189 -0.00982824426396694 42.90494679117125 -0.12349690506253917 -0.9918164423352498 0.032383007170874556 11.006484532610425 -0.005756940872499186 0.0333483308507587 0.9994272091859786 -6.046837716097414
-0.9918363338216483 0.12722365599892915 -0.00865033326004696 42.75438660789013 -0.1274284112903728 -0.991394893106769 0.029969416374663913 10.971276790718399 -0.004763077498343172 0.030827054288280926 0.9995133845110149 -6.12837665117671
-0.9918783314697656 0.12685298281981025 -0.009257230172931672 42.71719214171092 -0.12708048016750642 -0.9914174959009363 0.030690395597264688 11.044454119585268 -0.005284611731593414 0.031617551632558985 0.9994860695915779 -6.1541361270909425
-0.9917156390401488 0.12816283787861588 -0.008624283743895235 42.795992315243375 -0.12834942633825006 -0.9913740140538307 0.026532791361729303 11.422077270155114 -0.005149372955764082 0.027419906011923484 0.9996107405947938 -6.2088955143756
-0.9922474443410079 0.12336541433724618 -0.015032755706792116 42.51894271112513 -0.12383879329672966 -0.9916410101766109 0.03622237168834213 10.665894791145206 -0.0104385091632113 0.03780319406238121 0.9992306820975558 -5.967048281122047
-0.9921759932400942 0.124234123751084 -0.01235641266071146 42.71881005311773 -0.1245837840451564 -0.99164690535364 0.03339604550768817 10.924458419081557 -0.008104269925867994 0.03467416326837647 0.9993658105071542 -6.048217244792497
-0.9921277988441761 0.12472710993627392 -0.011206195052989072 42.887054396287944 -0.12502437569299926 -0.991648703101004 0.0316505153303885 11.087245243230162 -0.007164931485840284 0.03280240364741584 0.9994361740860539 -6.108762186151597
-0.9935147257982241 0.11310137341496337 -0.011686272020501225 42.83540702135224 -0.11344504421695618 -0.992932953785668 0.03484782961808564 10.005653557889973 -0.007662347205722872 0.03594758153377251 0.9993243016244439 -6.030274535627467
-0.9911784271208506 0.1319199616264297 -0.01274556137339669 43.214059223572676 -0.13223569027557663 -0.9908133056792972 0.02833223440208586 10.89344739662531 -0.008890884521999255 0.029767717637639343 0.9995173010804157 -6.022253264966038
-0.9919372370020543 0.12611971181977571 -0.012423209699290736 42.93013332205157 -0.12642764666454512 -0.9915722895079684 0.028292133867806483 10.880800615473602 -0.008750314714388946 0.029634658264025424 0.9995224955057187 -6.071794451710538
-0.99199963897643 0.12562951685298013 -0.01240728680767791 43.180549330499716 -0.12596701230712204 -0.9915249257829405 0.03179046022880533 10.45785685242548 -0.008308313972071666 0.03309903391986992 0.9994175433083627 -5.9545055553117034
-0.9925475325940593 0.12115384124547926 -0.01308213640492457 42.82376590658733 -0.121539452829344 -0.9919894622154741 0.03442482039757739 10.26116027358608 -0.00880664223159823 0.03575826624610227 0.9993216646544251 -5.992281503442505
-0.9917800631203972 0.12752094248065757 -0.010522149293457109 43.360865114639545 -0.12777393683121246 -0.9913925080479314 0.028543231300791647 10.988878517417934 -0.006791720221174718 0.029653064180309816 0.9995371770580469 -6.009865384503897
-0.9921413165846572 0.12473538760673479 -0.009833158407296488 43.37636823948586 -0.12497012615599887 -0.9917449603102497 0.02871238875073174 10.923857000727377 -0.006170534354430902 0.02971559822411313 0.9995393477637424 -6.035947554649654
-0.9928818523659709 0.1182841439791115 -0.01394591429219833 42.78100994745655 -0.11871532703388307 -0.9922837959567048 0.03577065010580424 10.204057012252639 -0.00960720404460796 0.03717162311337059 0.9992627142376358 -5.982359025709861
-0.9924545580748945 0.12201188742221518 -0.012126396168861759 43.292825584962515 -0.12231968346590218 -0.9920632227492844 0.02912828702670579 10.656217148980287 -0.008476154386111075 0.030391798169525062 0.9995021227645575 -6.024818430046046
-0.9929173358211508 0.11805478548011737 -0.013350350222862692 42.67185210567165 -0.11845605801737459 -0.9923458674195985 0.03489758923234697 10.434934330269614 -0.009128337461664 0.03623185118771437 0.9993017194094627 -6.0355561204636805
-0.9930839847561485 0.1168462622961819 -0.01145208314133373 42.75796287142123 -0.11718863773854049 -0.9924519304403436 0.0361384691184343 10.16504389504372 -0.007142996979584807 0.037230588937722756 0.999281172063954 -5.970558455524457
-0.9918560197787046 0.1272021043020937 -0.006423448440247757 43.390767384319474 -0.1273365550031611 -0.9914293750500766 0.029209519813502265 11.064699459577707 -0.0026528830868499877 0.029789577857488966 0.9995526715798438 -6.148386504983997
-0.9919912020040517 0.12603606242722362 -0.008268380398080082 43.184058394862106 -0.1262076670207974 -0.9916805800057418 0.025322954500746495 10.711080710767723 -0.005007986794578244 0.02616368107357132 0.9996451279633981 -6.11255156737727
