-9.935740165442594751e-01 1.106450667032119473e-01 2.383994258276725398e-02 1.303142743433884903e+02 -1.112986696231760830e-01 -9.933897865861396337e-01 -2.809516055222705325e-02 1.023253257500787683e+01 2.057376456118237273e-02 -3.056797540868696691e-02 9.993209289768701931e-01 -7.835214574198135828e+00
-9.878626311290548134e-01 1.406449552255185365e-01 -6.592737358938323411e-02 1.286392279774032659e+02 -1.383236531349621712e-01 -9.896359217768311289e-01 -3.856564938285658023e-02 1.259700953253735989e+01 -7.066816116314965368e-02 -2.897824871407237574e-02 9.970788695480836683e-01 5.284225012275016731e-01
-9.937827737565223529e-01 1.104810235240791250e-01 -1.377468786815624555e-02 1.257429687443992492e+02 -1.101322850911960471e-01 -9.936289194160368154e-01 -2.392593322549804377e-02 1.102596958780527636e+01 -1.633028981325107543e-02 -2.226014243421075081e-02 9.996188312018856603e-01 -4.574845128610069978e+00
-9.880690824164097830e-01 1.512647132034178887e-01 -2.895643127670225955e-02 1.258748977349289646e+02 -1.524864545934764282e-01 -9.872314428619022308e-01 4.606473043792902455e-02 1.415897660585901718e+01 -2.161873119094418969e-02 4.993059947862775461e-02 9.985186857026755458e-01 -3.108584362519491329e+00
-9.908776515148824959e-01 1.311133612835417850e-01 3.115712151793887871e-02 1.247094429683309613e+02 -1.305583892276797608e-01 -9.912540444546880103e-01 1.923346964273381365e-02 1.183193093829827625e+01 3.340638757222687966e-02 1.499019163172167664e-02 9.993294288792952118e-01 -8.823927485494509781e+00
-9.948941667597068772e-01 9.964890666472778213e-02 -1.599038298582193540e-02 1.229532914834279893e+02 -1.007282658228967620e-01 -9.902806672751602868e-01 9.590629012413917631e-02 9.179368661822584485e+00 -6.278010180044463380e-03 9.702729214807592761e-02 9.952619208864524891e-01 -4.996135210555162409e+00
-9.781547661958625017e-01 1.993861816602545411e-01 -5.880819612317293721e-02 1.211666676167489953e+02 -2.005683818069461111e-01 -9.795667522029838370e-01 1.487622928841156669e-02 1.765151993566323796e+01 -5.464043912397378855e-02 2.634631931489257381e-02 9.981584512846128909e-01 -8.344058708322525941e-01
-9.902307038635416170e-01 1.361990922761572853e-01 -2.988244282293479881e-02 1.205849578613277941e+02 -1.356243755197320544e-01 -9.905483746478958018e-01 -2.049259005822719193e-02 1.272833942128520235e+01 -3.239107733308469600e-02 -1.623960423048069479e-02 9.993433310747810161e-01 -2.441284370492427414e+00
-9.719741811869420101e-01 2.061418831730427448e-01 -1.130120131129700028e-01 1.194935924948885173e+02 -1.996580350819581462e-01 -9.776343032860788096e-01 -6.608962146627514467e-02 1.884385765831045845e+01 -1.241082597299070917e-01 -4.167364923084562744e-02 9.913931847791764840e-01 5.550210678818936927e+00
-9.897250447307623933e-01 1.321468617563110737e-01 -5.460350502165137176e-02 1.189967595409267602e+02 -1.330810391344239285e-01 -9.910087185043250368e-01 1.382594920133140177e-02 1.149435750589612582e+01 -5.228549373959306967e-02 2.095057938039606577e-02 9.984123899311510009e-01 -6.071317294541479503e-01
-9.802642341093654732e-01 1.754205810780541108e-01 -9.115728747728668591e-02 1.175890631796922889e+02 -1.744259152727723194e-01 -9.844902651807181382e-01 -1.882864428614784702e-02 1.569048987057201394e+01 -9.304639384325699702e-02 -2.556853268469442414e-03 9.956584911977244268e-01 2.629359453857870843e+00
-9.920348171654571612e-01 1.234342711112419999e-01 -2.511776755077169132e-02 1.165512749738258549e+02 -1.235048514072475401e-01 -9.923431527296964205e-01 1.272363690332303354e-03 1.107626404730486946e+01 -2.476839135615985926e-02 4.364395229946613913e-03 9.996836893957532499e-01 -3.029417744307758120e+00
-9.851606617297283819e-01 1.513712001271855512e-01 -8.090259793294554691e-02 1.156038830176664334e+02 -1.448584569936667565e-01 -9.861226078677123308e-01 -8.110628637532768526e-02 1.256339941416067063e+01 -9.205703676340179498e-02 -6.818329725261315644e-02 9.934165993973039788e-01 2.152366368873307678e+00
-9.935299641282278049e-01 1.121302600248720582e-01 1.802817700485195504e-02 1.144267952483218238e+02 -1.114215402455690507e-01 -9.931056969082807662e-01 3.641860977061101706e-02 9.247061265453112355e+00 2.198751347171229095e-02 3.417425280929470982e-02 9.991739937049290976e-01 -9.288965340548353211e+00
-9.864378787038516894e-01 1.561335472174135985e-01 -5.062239515821068125e-02 1.125440708244305767e+02 -1.524306630519588757e-01 -9.858153596794330120e-01 -7.023510220432101214e-02 1.297851177984727755e+01 -6.087039033706403979e-02 -6.156615996973426735e-02 9.962451523228580408e-01 -6.597179334502452086e-01
-9.889555259829663214e-01 1.477163268928514128e-01 1.211834960044539701e-02 1.109070888586804102e+02 -1.481160498474083376e-01 -9.879527727633377054e-01 -4.484366807959200979e-02 1.466581580451943267e+01 5.348215155955978947e-03 -4.614331542614636544e-02 9.989205128718344762e-01 -5.571688428218139144e+00
-9.781235232663154644e-01 1.921671386171563134e-01 -7.966281484346952879e-02 1.117736191183521584e+02 -1.887964238418567142e-01 -9.808448391026378665e-01 -4.795114128200621967e-02 1.687735052694335280e+01 -8.735149442119620466e-02 -3.186208469977374474e-02 9.956678783514953945e-01 1.707017552274054051e+00
-9.907985170530158037e-01 1.335842465583546301e-01 -2.176115063551829418e-02 1.108172653418016722e+02 -1.334989224934408358e-01 -9.910346033150945200e-01 -5.334109596146546263e-03 1.197572616221121855e+01 -2.227860629921181099e-02 -2.379937715601110858e-03 9.997489682904576735e-01 -3.683418493385475223e+00
-9.909479864237873414e-01 1.337563963329390093e-01 -1.145926012738560790e-02 1.093296759453284039e+02 -1.336859662228528367e-01 -9.910010308064394202e-01 -6.709647951788619280e-03 1.117888129588376778e+01 -1.225359692921219879e-02 -5.116969865108863744e-03 9.999118291037945028e-01 -4.166523456668579151e+00
-9.902612609275958100e-01 1.381475735974917185e-01 1.725928779570223490e-02 1.074883631093964880e+02 -1.386640739753133011e-01 -9.897706242720742953e-01 -3.356167332893771754e-02 1.295794426822480183e+01 1.244627231977918705e-02 -3.562806810921837625e-02 9.992876117855893359e-01 -7.231161907372262831e+00
-9.889050003315684734e-01 1.475261437879141213e-01 -1.740509173455709671e-02 1.073729715408503722e+02 -1.478434201479620902e-01 -9.888355781722100168e-01 1.861511374621014833e-02 1.238855807968897160e+01 -1.446455800132934524e-02 2.098180735539407690e-02 9.996752174191012585e-01 -3.660053983213384043e+00
-9.878369782391365206e-01 1.503385692062059187e-01 3.970414376866134021e-02 1.054874215314836334e+02 -1.510344609397019089e-01 -9.884126432473190338e-01 -1.513401062184216959e-02 1.430138699100958632e+01 3.696885218701484455e-02 -2.094662927249175272e-02 9.990968635172945422e-01 -9.692395343099423854e+00
-9.792818035928956277e-01 2.016505363407510298e-01 1.855290665456418853e-02 1.031848570746163887e+02 -2.017385409373108618e-01 -9.794348738135216781e-01 -2.981452393766973342e-03 1.660585985755857052e+01 1.757015231380959497e-02 -6.662518396132383058e-03 9.998234347104946185e-01 -6.812989571721550952e+00
-9.905203180186237244e-01 1.354383375307872395e-01 2.293373757548875305e-02 1.036931514249237267e+02 -1.362668172007089062e-01 -9.898824018652669920e-01 -3.954977885448830027e-02 1.202709896568568304e+01 1.734514693721035325e-02 -4.229996695444213778e-02 9.989543826788988001e-01 -7.269070026096059678e+00
-9.849574278727131205e-01 1.727851254284339666e-01 -2.041006871538481732e-03 1.027220388143702507e+02 -1.727221455740995115e-01 -9.841130022981723346e-01 4.109329794452468848e-02 1.518440207515075180e+01 5.091729239551770481e-03 4.082767613222968578e-02 9.991532290669898897e-01 -5.622398501571108653e+00
-9.891428427280217761e-01 1.469566535404262242e-01 4.226820653422698059e-04 1.018416048447206776e+02 -1.469532108070094323e-01 -9.891328425217351672e-01 4.579702870727247847e-03 1.371213293540392009e+01 1.091106520866516258e-03 4.467865829748244623e-03 9.999894237748154779e-01 -5.790870273397694667e+00
-9.882987210169182912e-01 1.430915716771390400e-01 -5.282461690623425216e-02 1.008412010231121911e+02 -1.424984909183477644e-01 -9.896836525471872648e-01 -1.484749025434026551e-02 1.266873975456583423e+01 -5.440421052012234943e-02 -7.146327436197416789e-03 9.984934210508634722e-01 -1.023540277973408186e+00
-9.903593936176404711e-01 1.339660649391753167e-01 3.523300892646756555e-02 9.892377611058752507e+01 -1.352430443641934044e-01 -9.901300681327680486e-01 -3.676638587766668104e-02 1.246746386352991287e+01 2.995981349081947021e-02 -4.117695501264442143e-02 9.987025923424259766e-01 -9.215418224238584699e+00
-9.906797159230877892e-01 1.358011582509862092e-01 -1.057099220700594838e-02 9.839548010745693318e+01 -1.356109980314467167e-01 -9.906162095427477610e-01 -1.700536985994845901e-02 1.200826892751796215e+01 -1.278114515467757006e-02 -1.541333217864605809e-02 9.997995156628581848e-01 -4.967143918733968100e+00
-9.903609236823360806e-01 1.384963930131526688e-01 1.997489778759652980e-03 9.776820437469099545e+01 -1.385105055591389356e-01 -9.902854285406876844e-01 -1.223151134317448235e-02 1.196778859510495785e+01 2.840648194355182427e-04 -1.239028419096246600e-02 9.999231971330826418e-01 -5.691907474459468652e+00
-9.922551814363125278e-01 1.234593632144488362e-01 -1.369089286622665082e-02 9.655832064876796039e+01 -1.237223950398781136e-01 -9.921072009661668911e-01 2.039781254633342422e-02 1.206816457663038733e+01 -1.106453245230175526e-02 2.193370524470989597e-02 9.996981988059446822e-01 -4.578717893241458725e+00
-9.925164195670153067e-01 1.210584623760309342e-01 1.600017428104210174e-02 9.579397708497290864e+01 -1.206622443414883949e-01 -9.924090896913351223e-01 2.376597333353846001e-02 1.096186893168180276e+01 1.875579058177962236e-02 2.165750182192325082e-02 9.995895022130263374e-01 -7.807115210286233342e+00
-9.911843291688009483e-01 1.295377277760632884e-01 -2.781371411388069981e-02 9.534483650307849700e+01 -1.300437185837884091e-01 -9.913587234189706887e-01 1.721954581309894511e-02 1.124342708675660774e+01 -2.534278727951231464e-02 2.068474277634335667e-02 9.994647990545649785e-01 -3.767507187868800678e+00
-9.911364859062421484e-01 1.318006794221399103e-01 1.664473518228155174e-02 9.390350066739978274e+01 -1.323262002865466802e-01 -9.905563757687543269e-01 -3.588653147903130003e-02 1.158642509986273694e+01 1.175767932675115222e-02 -3.777098526293792835e-02 9.992172484745828198e-01 -6.785091830345059805e+00
-9.921545723702862585e-01 1.246691676505146396e-01 -9.322186549442083511e-03 9.307308859254165156e+01 -1.248645461899315356e-01 -9.918681910585225303e-01 2.462390446450624451e-02 1.124505194929657037e+01 -6.176538635609423247e-03 2.559472999706293925e-02 9.996533199899154676e-01 -5.066316196541338357e+00
-9.932595758351216997e-01 1.156487118999360159e-01 7.796822924780851850e-03 9.134318096865041525e+01 -1.155218143832889705e-01 -9.931897131298264014e-01 1.512957813973539109e-02 9.675669677002506575e+00 9.493440547436974783e-03 1.412689523494199337e-02 9.998551422169079661e-01 -6.357413070091392449e+00
-9.947483479402230433e-01 1.020743410736007772e-01 7.520183813453027756e-03 9.032730692852285870e+01 -1.019095531312234626e-01 -9.945975741186530161e-01 1.975116548171115122e-02 9.399369681858379622e+00 9.495643779768052004e-03 1.888106066093245966e-02 9.997766442048573454e-01 -6.582465621742626283e+00
-9.856981441957077816e-01 1.676797791613251765e-01 -1.681250099026155090e-02 8.849166766355801883e+01 -1.682645697729744094e-01 -9.847873511958187276e-01 4.336943029184636700e-02 1.512983926133445678e+01 -9.284561823487465920e-03 4.557811519943212597e-02 9.989176304013325236e-01 -5.411141154748447590e+00
-9.911918848726728459e-01 1.317249544442319897e-01 1.368151085311223626e-02 8.837064876984629791e+01 -1.311416819720573335e-01 -9.906657708755119973e-01 3.719125791322232255e-02 1.150099903162676362e+01 1.845282125038300719e-02 3.506945668659643134e-02 9.992145047964468008e-01 -7.728681798746933396e+00
-9.891587295472414887e-01 1.468415339715526402e-01 1.603640037274537116e-03 8.710767421281116185e+01 -1.466991460628163102e-01 -9.885770560332041157e-01 3.456537037504910787e-02 1.247969416653799968e+01 6.660953755152911396e-03 3.395538522245310914e-02 9.994011524455365114e-01 -6.377766757803765785e+00
-9.911904557568032015e-01 1.324419702161802048e-01 7.777800962310149613e-04 8.631098018798795124e+01 -1.323881995646220555e-01 -9.909247063498074493e-01 2.327210694343168421e-02 1.130079729530180543e+01 3.852925208132181728e-03 2.296412138108388026e-02 9.997288652912525997e-01 -6.278951083371221209e+00
-9.906204036688635028e-01 1.357215412865508952e-01 -1.583916240659361332e-02 8.581705398924124495e+01 -1.361156994726677172e-01 -9.903183981218151022e-01 2.723943278612273033e-02 1.199965719050999269e+01 -1.198883614058506714e-02 2.913989657233442832e-02 9.995034438338609162e-01 -5.011603859578970699e+00
-9.887118385558835154e-01 1.470567879641607179e-01 2.869148677061261754e-02 8.476102238429795932e+01 -1.464891133726548000e-01 -9.889896491070857554e-01 2.098603398302726492e-02 1.204746433716713128e+01 3.146172218327947939e-02 1.654614978498484407e-02 9.993679927657054263e-01 -8.668570462785050168e+00
-9.841302386743757680e-01 1.774356578259574102e-01 2.064136280969052113e-03 8.325320304978717445e+01 -1.771562407356579161e-01 -9.831139175687386711e-01 4.585511368492337786e-02 1.427571463247040739e+01 1.016561336694769141e-02 4.476172935128170521e-02 9.989459684539281348e-01 -6.608662073445424667e+00
-9.922393265505171644e-01 1.230991535404822035e-01 1.754187117138494845e-02 8.251222671503849426e+01 -1.224671928334850890e-01 -9.919093576019386571e-01 3.343071912471774765e-02 1.257022883503112887e+01 2.151523939124676960e-02 3.102297051100326788e-02 9.992870807603843053e-01 -7.481562789974010919e+00
-9.903987067050841198e-01 1.381327645329180620e-01 -5.453541912455368325e-03 8.194872462242101108e+01 -1.382388487940897082e-01 -9.898022779123920589e-01 3.437253734488279061e-02 1.222444804413067843e+01 -6.499546001793978303e-04 3.479640788837225912e-02 9.993942102879542766e-01 -5.808834109586476835e+00
-9.887752306040318295e-01 1.493520909756159143e-01 4.182853709552831686e-03 8.124527804622006499e+01 -1.490687336931363349e-01 -9.880186974074556261e-01 3.996956602716373458e-02 1.152626023453878190e+01 1.010227593510317629e-02 3.889738415994520998e-02 9.991921424463088286e-01 -6.526838064944512574e+00
-9.885156684425786544e-01 1.481944252091649816e-01 2.958353563129055910e-02 8.087190543918666208e+01 -1.477310836417141671e-01 -9.888764336319399995e-01 1.728947464270518333e-02 1.375525443553337190e+01 3.181666496613815009e-02 1.272050880669090694e-02 9.994127718246007541e-01 -7.905672878096090095e+00
-9.893659492093269670e-01 1.357353838822285552e-01 5.225824439715273662e-02 7.960981547560780314e+01 -1.350688194819485433e-01 -9.907054280890195130e-01 1.609871916353967231e-02 1.181082454105284896e+01 5.395769221233702451e-02 8.869065187367229999e-03 9.985038343110260728e-01 -9.276861421310492517e+00
-9.876485224160465037e-01 1.566169686042426235e-01 4.639107092744532493e-03 7.872408945637582178e+01 -1.566530120904721102e-01 -9.876142123751772139e-01 -8.831835457091607305e-03 1.332469366572895098e+01 3.198432801023835554e-03 -9.449479338906878467e-03 9.999502374457645004e-01 -7.071639826060160949e+00
-9.938177908421350626e-01 1.096147581014638717e-01 -1.762961746651398390e-02 7.812451884952486125e+01 -1.100799655896350648e-01 -9.935274071174886590e-01 2.803020660260266070e-02 1.472832019363583456e+01 -1.444298381370048324e-02 2.979758568671949867e-02 9.994516016825426563e-01 -5.584984599840248976e+00
-9.922109573757220691e-01 1.178238939028695559e-01 4.043446659866886672e-02 7.879539148906017942e+01 -1.174644675551418244e-01 -9.930143663586439295e-01 1.116096175643007012e-02 1.033854197523560003e+01 4.146703420237050908e-02 6.324415459692494038e-03 9.991198560951296548e-01 -8.616671538231422289e+00
-9.934317771494654004e-01 1.133099323199259767e-01 1.594250254222732976e-02 7.735575617697361395e+01 -1.129340771200637583e-01 -9.933413560347847948e-01 2.277816094451910051e-02 1.230948032974046136e+01 1.841733896887993993e-02 2.082809709571943613e-02 9.996134212767836535e-01 -6.966667481738420875e+00
-9.925616443874267780e-01 1.205552548569287091e-01 -1.696504103469581928e-02 7.642051883512914401e+01 -1.209682670629654427e-01 -9.923186836479265249e-01 2.589031569969589552e-02 1.062450686935724953e+01 -1.371351358007922780e-02 2.774996593921901650e-02 9.995208246633289217e-01 -5.743727723814750163e+00
-9.905642028209455940e-01 1.355372508418753730e-01 -2.030304715878345975e-02 7.576024231998741243e+01 -1.356377432773377134e-01 -9.907517724203338538e-01 3.650759455021765007e-03 1.189199381081439633e+01 -1.962046605807970037e-02 6.370171127525414700e-03 9.997872064751928134e-01 -5.831620570230917622e+00
-9.895083515925566786e-01 1.444569409801700344e-01 -2.326871555001344249e-03 7.464605324030860345e+01 -1.443941732685897206e-01 -9.882809265451071301e-01 4.950891791612518911e-02 1.202581087143290617e+01 4.852304057073595842e-03 4.932547445080283366e-02 9.987709711017540570e-01 -6.444711369924101874e+00
-9.889952976904123894e-01 1.472541721697639971e-01 1.430069665610571479e-02 7.369968723895729568e+01 -1.467413535086116161e-01 -9.886575642145278842e-01 3.198743334275788719e-02 1.203533766060700216e+01 1.884877493931963813e-02 2.953691757774003571e-02 9.993859585682063340e-01 -7.532832372156577527e+00
-9.941795937007229522e-01 1.077350321625630408e-01 -3.135506305054535162e-04 7.249908910592009192e+01 -1.076871973867918469e-01 -9.936426265408937475e-01 3.282983764645597269e-02 1.396776287781640491e+01 3.225366342683664775e-03 3.267252004125227594e-02 9.994609064121064979e-01 -6.563255120218745020e+00
-9.918543670673212187e-01 1.240982303646842450e-01 2.871486983841229149e-02 7.215706986797700040e+01 -1.233434789476341303e-01 -9.920042965134872048e-01 2.671819417317546769e-02 1.092752677742929812e+01 3.180095486896163809e-02 2.295876562741849120e-02 9.992305011108736368e-01 -7.170590217759453822e+00
-9.933083421889388198e-01 1.151137967515173666e-01 -9.346182927420352074e-03 7.155324696614718505e+01 -1.154116436443641258e-01 -9.923858598756987170e-01 4.301694584784845898e-02 1.225868762365353959e+01 -4.323175819783363003e-03 4.380774949961217801e-02 9.990306257741102813e-01 -5.289916766013543103e+00
-9.936324157326228423e-01 1.125815786085250098e-01 -4.473316819218219054e-03 7.141964007493557176e+01 -1.126522640164616812e-01 -9.919764024439323702e-01 5.737843154321643074e-02 1.099342422676797781e+01 2.022329675896468362e-03 5.751699881258291042e-02 9.983424788269180672e-01 -5.868064443607442726e+00
-9.912371134703712450e-01 1.311779040033907440e-01 -1.553519810634119286e-02 7.093319744483514455e+01 -1.317218912265800679e-01 -9.904092273678359870e-01 4.170018844488734139e-02 1.081019398349223160e+01 -9.916060236760913804e-03 4.338110010042751236e-02 9.990093852929798901e-01 -6.061841440127641256e+00
-9.929003564211984489e-01 1.167094715019850598e-01 -2.297349517128122881e-02 6.925066973456344499e+01 -1.175415116784554320e-01 -9.923018312724887213e-01 3.900088057479469267e-02 1.331684572438014058e+01 -1.824486916919570989e-02 4.142432757442433139e-02 9.989750496553984060e-01 -5.444378160327774552e+00
-9.925146696118234413e-01 1.216862309437359846e-01 1.034851699718987786e-02 6.809568989671140571e+01 -1.215875251603613649e-01 -9.925334386297310907e-01 9.687462372604599067e-03 1.058158168036556823e+01 1.145007994347060215e-02 8.356697945354372645e-03 9.998995255868152743e-01 -7.259147337600557748e+00
-9.935996654513021831e-01 1.126109543604873892e-01 -8.858768146973807628e-03 6.757681961899378109e+01 -1.128427001373357580e-01 -9.930765219028128143e-01 3.264271237395413583e-02 1.190495920993027745e+01 -5.121507666394305158e-03 3.343343541177903888e-02 9.994278240852559891e-01 -5.957808277376765105e+00
-9.969013010718434931e-01 7.755884019557117426e-02 -1.313096450316473748e-02 6.700684722505054935e+01 -7.769054890854652784e-02 -9.969290034512956478e-01 9.835684414157981267e-03 1.000402932549804191e+01 -1.232779508080261363e-02 1.082535842935565366e-02 9.998654094843574258e-01 -6.540514716263555073e+00
-9.945385189034985363e-01 1.034100499255420497e-01 -1.412430499643286749e-02 6.646143467011505379e+01 -1.034980838100475892e-01 -9.946136112989543143e-01 5.648970392985406055e-03 1.273034852012931673e+01 -1.346406568922342908e-02 7.079957150248903167e-03 9.998842898765171183e-01 -6.555462711600849701e+00
-9.923922949244066150e-01 1.228226120542094263e-01 -8.493464714188648373e-03 6.581213186330604969e+01 -1.229891646492546203e-01 -9.921383833876176173e-01 2.313209000249547356e-02 1.441515393100161546e+01 -5.585548634515339651e-03 2.400071201415037922e-02 9.996963376292149484e-01 -6.323831504192003017e+00
-9.919317389849937605e-01 1.262006306520902232e-01 -1.203436816877302869e-02 6.528009888270563010e+01 -1.265086592396232057e-01 -9.915208400323991533e-01 2.969819723213772480e-02 1.408895886459574243e+01 -8.184395616035055124e-03 3.098103620702116409e-02 9.994864636721897400e-01 -5.934731163821711064e+00
-9.922775908382064358e-01 1.222200176597565968e-01 -2.115301405411799604e-02 6.467001244342831967e+01 -1.226807689456677342e-01 -9.922010755436221352e-01 2.205571628805434378e-02 1.313431744922251809e+01 -1.829239326126064560e-02 2.448046105219926424e-02 9.995329386145547224e-01 -5.255817314442170485e+00
-9.933021667162866830e-01 1.135488916701532791e-01 -2.138819293934868596e-02 6.406766122475572445e+01 -1.141520372651205484e-01 -9.930258624161012460e-01 2.947794024319840694e-02 1.255661517324598364e+01 -1.789184129578450314e-02 3.172200771134831010e-02 9.993365780565662826e-01 -5.172127021085714205e+00
-9.932071653662075672e-01 1.148834897519385029e-01 -1.847458924141804834e-02 6.332129198904898715e+01 -1.154998783492467568e-01 -9.926277885906211740e-01 3.674032415483797359e-02 1.279808753033436730e+01 -1.411753401030365132e-02 3.862456601839831666e-02 9.991540612605036564e-01 -5.537741463830144539e+00
-9.927392148492324431e-01 1.182472739646403953e-01 -2.205523748365548556e-02 6.271910524551403654e+01 -1.191289471853357179e-01 -9.918936327846474832e-01 4.421894598233186424e-02 1.297493648759541074e+01 -1.664767980959073676e-02 4.652529893731119359e-02 9.987783794795275227e-01 -5.531982029691208780e+00
-9.923324843890908298e-01 1.210170515946701608e-01 -2.512197543004601394e-02 6.227966549848311928e+01 -1.219339095422011798e-01 -9.917756910936494918e-01 3.889858942774790385e-02 1.298197582759885194e+01 -2.020797194003390654e-02 4.166355456567692739e-02 9.989273177218769284e-01 -5.317735729303797676e+00
-9.920366255251722443e-01 1.233838212957860114e-01 -2.529360114890380137e-02 6.171037825556315681e+01 -1.242278882366453507e-01 -9.916337580416867414e-01 3.507023946861560076e-02 1.281554586212345193e+01 -2.075488860229890084e-02 3.793313267543341888e-02 9.990647186466621310e-01 -5.190421916856372775e+00
-9.923647885181647865e-01 1.217002557919157485e-01 -2.002933472388339700e-02 6.106976137621692402e+01 -1.223618427248306523e-01 -9.918318140734947441e-01 3.601710755550689702e-02 1.266490889036297851e+01 -1.548244019148437359e-02 3.819293562772338446e-02 9.991504359774125987e-01 -5.323114884457994300e+00
-9.921332282474375486e-01 1.234122127197983532e-01 -2.100197988099702234e-02 6.034399317652361106e+01 -1.242090035826740879e-01 -9.913586414972095362e-01 4.219202955307173319e-02 1.271242189227577946e+01 -1.561348251729322012e-02 4.446874948108234249e-02 9.988887573114790808e-01 -5.317860265639934525e+00
-9.924260684444830005e-01 1.216317302193347799e-01 -1.721106840605159810e-02 5.984189393185883432e+01 -1.222013433854926973e-01 -9.918072553356014343e-01 3.721827425395368011e-02 1.250091861407410221e+01 -1.254313942391321011e-02 3.903960127245887507e-02 9.991589358985284441e-01 -5.918421792764370970e+00
-9.922574433855553266e-01 1.232320372109274031e-01 -1.546062905595190287e-02 5.941646492304427341e+01 -1.236856764701800837e-01 -9.917735279205270871e-01 3.297154458294443424e-02 1.235466146290358580e+01 -1.127029201374487102e-02 3.462851889578523468e-02 9.993367031171271897e-01 -5.850820516361131318e+00
-9.919423203026604963e-01 1.254096543832429189e-01 -1.796807669311174110e-02 5.891208333075858405e+01 -1.259692399828691300e-01 -9.914368250565916973e-01 3.442052439814692610e-02 1.244018576856760383e+01 -1.349754684053046383e-02 3.640659980251738370e-02 9.992459035293099756e-01 -5.781046737813638536e+00
-9.913413203832341924e-01 1.293121293946030981e-01 -2.282015977727542763e-02 5.842830650157264216e+01 -1.302250894918446644e-01 -9.904846663963806641e-01 4.451462344547817834e-02 1.254886153474556387e+01 -1.684673759717303723e-02 4.710094293201667198e-02 9.987480606275273010e-01 -5.515920691996903713e+00
-9.915538535304606604e-01 1.280208376896911082e-01 -2.077548233193258348e-02 5.789964146116279409e+01 -1.286493388160455942e-01 -9.911599479802248869e-01 3.242383601662107012e-02 1.236258534722396085e+01 -1.644089933942136789e-02 3.482273161410790602e-02 9.992582620082972600e-01 -5.675950088054700693e+00
-9.912877154907577815e-01 1.296412961675166287e-01 -2.327658577026282122e-02 5.738570121351380493e+01 -1.304519122221989846e-01 -9.907431065989351637e-01 3.755523031832518760e-02 1.232379373540794809e+01 -1.819240816070946676e-02 4.026451359071663710e-02 9.990234257666920081e-01 -5.383096061974832480e+00
-9.914164950294694911e-01 1.295199633563063890e-01 -1.783010027069782677e-02 5.688432705657020705e+01 -1.300868611499041427e-01 -9.908661919052279554e-01 3.551898499954044691e-02 1.221852542791474860e+01 -1.306682592092105535e-02 3.753356939345182247e-02 9.992099325111511998e-01 -5.584989002171395711e+00
-9.913813382537175478e-01 1.292935963803270027e-01 -2.112363835398591017e-02 5.638013930171494081e+01 -1.300088679606406505e-01 -9.908226410391016703e-01 3.698902885847384081e-02 1.214097325945749795e+01 -1.614733457452339344e-02 3.941649324003083932e-02 9.990923899453928447e-01 -5.463639097246405285e+00
-9.912706165045972462e-01 1.307959219927463668e-01 -1.658287202701537108e-02 5.592638488820188769e+01 -1.311318937420101194e-01 -9.911400882438368143e-01 2.111283779207270145e-02 1.206020334508299641e+01 -1.367447615929481310e-02 2.310307914689338493e-02 9.996395632605290515e-01 -5.828251106283444116e+00
-9.914916735973871020e-01 1.284020867603633542e-01 -2.138142424249729612e-02 5.543115090473319384e+01 -1.288764651281140150e-01 -9.914049493097247812e-01 2.251850839342944832e-02 1.192170823932282886e+01 -1.830622634885564759e-02 2.508247594969577332e-02 9.995177594605797466e-01 -5.562898919998947811e+00
-9.912811384732722608e-01 1.294437211657310793e-01 -2.461762697544432263e-02 5.496955163599414362e+01 -1.302270057798242398e-01 -9.909201699510514771e-01 3.343865651908502906e-02 1.194519459206899903e+01 -2.006567897568577521e-02 3.635298935367205914e-02 9.991375424296179419e-01 -5.493979368807655028e+00
-9.914354603817079337e-01 1.294182442558462209e-01 -1.751130924417945711e-02 5.461066709553454501e+01 -1.298737939077291570e-01 -9.911346920068206945e-01 2.801463825498492002e-02 1.192766453055229370e+01 -1.373046079794318364e-02 3.004896594359105291e-02 9.994541180524482149e-01 -5.882696560163241273e+00
-9.913321883549712776e-01 1.298122372869023045e-01 -2.023055565012536403e-02 5.418174921149846313e+01 -1.303107875222240530e-01 -9.911412148285965173e-01 2.565523189198549298e-02 1.191223943490096815e+01 -1.672097445370985744e-02 2.806911681301624273e-02 9.994661243357153557e-01 -5.664038206658819519e+00
-9.913476928930380350e-01 1.302318515154918810e-01 -1.641391624501635851e-02 5.370467151959808660e+01 -1.305243975984023419e-01 -9.912775714528543336e-01 1.822520140097794172e-02 1.190319625536879578e+01 -1.389724531069826997e-02 2.020992789148182839e-02 9.996991674435842246e-01 -5.796332440412232501e+00
-9.915195176587050518e-01 1.284769280642441003e-01 -1.956336006476763756e-02 5.328017944688193097e+01 -1.289559950993758308e-01 -9.913200796473662368e-01 2.559005697276107646e-02 1.181073465245365384e+01 -1.610581974872622724e-02 2.789585351113034808e-02 9.994810773231812551e-01 -5.715136300908814526e+00
-9.920445548056768814e-01 1.255065409278199318e-01 -9.783121421121594719e-03 5.284312193272518954e+01 -1.256325930970675908e-01 -9.919842131146918707e-01 1.355627098182712702e-02 1.169600608889340343e+01 -8.003301325927483778e-03 1.467750372371077854e-02 9.998602492610288994e-01 -6.085150433549864957e+00
-9.920039663091335669e-01 1.252804596490216804e-01 -1.526228217134046640e-02 5.251707995064685974e+01 -1.255868386275093562e-01 -9.918579640617610771e-01 2.111220241486538168e-02 1.164520898176862218e+01 -1.249306969866434934e-02 2.286013030120737088e-02 9.996606112336907657e-01 -5.736475247466682248e+00
-9.916331113920751061e-01 1.266656168997871701e-01 -2.489164290016523950e-02 5.218206402312711845e+01 -1.275053548875885179e-01 -9.911959807776817843e-01 3.567789462902846293e-02 1.164756524633492951e+01 -2.015333386472560606e-02 3.855319942062277599e-02 9.990532988527541791e-01 -5.390460338217314629e+00
-9.918216152824945731e-01 1.249186316892518384e-01 -2.617668648451005470e-02 5.176472277893491736e+01 -1.258685437172578914e-01 -9.913003956895438673e-01 3.847902296382371690e-02 1.152596233921935820e+01 -2.114221277255579068e-02 4.145914811762034524e-02 9.989164859368581117e-01 -5.429136971851212579e+00
-9.922156226948661839e-01 1.227462498711595767e-01 -2.101228742440486991e-02 5.134980290309206907e+01 -1.233199156091584342e-01 -9.919543121127512020e-01 2.861539961399827553e-02 1.146665190279587776e+01 -1.733079612680803183e-02 3.098388005859872146e-02 9.993696226532630122e-01 -5.708913993512417129e+00
-9.923624468433058787e-01 1.224264825510140292e-01 -1.511722412855456658e-02 5.102142623240543173e+01 -1.228316916640277562e-01 -9.919840874603933489e-01 2.966387952247326321e-02 1.148721968923691783e+01 -1.136440135334498662e-02 3.129419427876121984e-02 9.994456082180376288e-01 -5.738400346525750706e+00
-9.923175854847394728e-01 1.234329758061630117e-01 -8.373172718419972724e-03 5.079007385052386070e+01 -1.234726148002260188e-01 -9.923382565062370819e-01 4.392956698758332390e-03 1.148416571613840986e+01 -7.766783898907103460e-03 5.393065714168109037e-03 9.999552949557646286e-01 -6.572904485561320342e+00
-9.921040980781088425e-01 1.245247892018470914e-01 -1.493437145843950348e-02 5.055404697680602766e+01 -1.247635158094250740e-01 -9.920528321852366549e-01 1.628629104870077393e-02 1.149025288066355799e+01 -1.278763854253187407e-02 1.802096078146769170e-02 9.997558308272167515e-01 -5.847591441519211841e+00
-9.922951643833686219e-01 1.235014716517033179e-01 -9.883989136373351123e-03 5.027674743230476651e+01 -1.236603551818239860e-01 -9.921700226314178472e-01 1.751464381246839799e-02 1.145443593098897850e+01 -7.643513438828986387e-03 1.860195396822668726e-02 9.997977515532201487e-01 -5.831978487682631496e+00
-9.925136553387556848e-01 1.213083523699659133e-01 -1.417489369928088758e-02 4.993442692062459543e+01 -1.217049187825744866e-01 -9.920621986860627128e-01 3.163078693776055078e-02 1.137243630914781889e+01 -1.022529756186464286e-02 3.311914225126070394e-02 9.993991023141416408e-01 -5.539094942999575721e+00
-9.926117658011950340e-01 1.206814017878371920e-01 -1.256509671894653901e-02 4.965190949858780556e+01 -1.209600541709460048e-01 -9.923556601427323542e-01 2.447261893716613443e-02 1.128002249952917957e+01 -9.515654890530692717e-03 2.581168427678718832e-02 9.996215330147704137e-01 -5.680074633668600548e+00
-9.923486630276570075e-01 1.220614623043624197e-01 -1.857768573701787038e-02 4.946501027496985614e+01 -1.224930446976693482e-01 -9.921743096797932537e-01 2.419903328898000833e-02 1.136295347579137527e+01 -1.547853313196899741e-02 2.628951562024484795e-02 9.995345298590416760e-01 -5.463294790868969741e+00
-9.924133984685639120e-01 1.220196984963989734e-01 -1.506119911969910907e-02 4.920341953415012171e+01 -1.224413255058235811e-01 -9.919830762569155080e-01 3.126816637161945744e-02 1.134148428393330654e+01 -1.112512240167682492e-02 3.287506043666243993e-02 9.993975495531463027e-01 -5.561164398936385034e+00
-9.924719524256657710e-01 1.220996239031751918e-01 -9.544919648162498299e-03 4.893074903944370391e+01 -1.223463034363146129e-01 -9.919686087201411429e-01 3.208833665518634470e-02 1.130880534994041042e+01 -5.550286826456570476e-03 3.301455976581418872e-02 9.994394594769677731e-01 -5.636107528313003101e+00
-9.922431997897558364e-01 1.235301732088262550e-01 -1.391864856888937012e-02 4.872820096885697438e+01 -1.239362966555151990e-01 -9.917218577926092404e-01 3.357902839112537202e-02 1.127562047118918365e+01 -9.655404823361595293e-03 3.504358833471902385e-02 9.993391416702959162e-01 -5.576323883913460122e+00
-9.921015357651041811e-01 1.246028692154713541e-01 -1.444533543376725487e-02 4.851229838170012698e+01 -1.250227448722869006e-01 -9.915992644888871332e-01 3.316944271008220174e-02 1.128189541222263159e+01 -1.019097625946442306e-02 3.471345053967567901e-02 9.993453458912532339e-01 -5.448148734166404772e+00
-9.923658629680713883e-01 1.228295446612367586e-01 -1.108589076027284397e-02 4.831609380434584011e+01 -1.230859555988408488e-01 -9.920406242709856048e-01 2.655649318629355743e-02 1.121219258106924066e+01 -7.735732024549348169e-03 2.771827473611444825e-02 9.995858420844593306e-01 -5.501604394102068696e+00
-9.926905557190504048e-01 1.202943696356596065e-01 -9.732688228975492836e-03 4.809926998823745947e+01 -1.204858317651833904e-01 -9.924638691726856976e-01 2.233008577310961057e-02 1.117176239539225868e+01 -6.973157825194039629e-03 2.333951629194155886e-02 9.997032770023328574e-01 -5.506972166860416351e+00
-9.924926334855523891e-01 1.212212805058934251e-01 -1.624110924244097018e-02 4.788074905488711863e+01 -1.215927607441480707e-01 -9.922835051909812965e-01 2.426202507039432188e-02 1.110013417579918205e+01 -1.317471106057967710e-02 2.605468246614384836e-02 9.995736993889238198e-01 -5.646671378568121291e+00
-9.922233445286448017e-01 1.236586210612150710e-01 -1.419084245665597557e-02 4.772569968385896289e+01 -1.240046552593018075e-01 -9.919182049554267078e-01 2.685368041863751484e-02 1.109355305016184801e+01 -1.075546588542418067e-02 2.840457912456057291e-02 9.995386434942593601e-01 -5.804597246391256071e+00
-9.923618929471036409e-01 1.220464098691352028e-01 -1.795960090023759892e-02 4.754767927108583336e+01 -1.225110536754620560e-01 -9.920844286163825743e-01 2.755953962303119009e-02 1.098897089140704253e+01 -1.445389752865335574e-02 2.954928653894083046e-02 9.994588158154745772e-01 -5.589678184560161966e+00
-9.926149418630048071e-01 1.209236771787653986e-01 -9.645801566997824414e-03 4.730473715385639366e+01 -1.211145086990222108e-01 -9.923822653313634223e-01 2.255471654413345947e-02 1.094368848387884796e+01 -6.844923147752761568e-03 2.355639516898678024e-02 9.996990763593531781e-01 -5.493541488178222743e+00
-9.923119627397318787e-01 1.225329638736511323e-01 -1.739659069932394941e-02 4.712651174489553796e+01 -1.229419082051870088e-01 -9.921042054971043189e-01 2.478976889418914309e-02 1.101632470315871259e+01 -1.422166693776325680e-02 2.673795428409667108e-02 9.995413077958373860e-01 -5.510333199837280205e+00
-9.923009946479928178e-01 1.225250372035405627e-01 -1.806519523490139265e-02 4.695493440838644972e+01 -1.230256571106239788e-01 -9.919545136953071829e-01 2.984845811773213092e-02 1.099538951810321130e+01 -1.426266851270393751e-02 3.184113719354000893e-02 9.993911737998885103e-01 -5.658652075306272344e+00
-9.922928374241817284e-01 1.220804431853594468e-01 -2.124359170037607575e-02 4.677907129538898090e+01 -1.227311223101073406e-01 -9.919033453840360171e-01 3.263165690642906569e-02 1.094511365553076487e+01 -1.708790253856611735e-02 3.498740927281773772e-02 9.992416548459180925e-01 -5.653843071214327054e+00
-9.924183737163785324e-01 1.218995143035075807e-01 -1.569330821427503825e-02 4.663946866134558888e+01 -1.222417500194459411e-01 -9.922316681705221075e-01 2.309266618922577174e-02 1.095762698816895764e+01 -1.275641259612462011e-02 2.483596368399415555e-02 9.996101484306593177e-01 -5.885592759882478653e+00
-9.921195041851975649e-01 1.242313478351510930e-01 -1.629299329100040994e-02 4.651129981700211857e+01 -1.245954945730640556e-01 -9.919256847422519563e-01 2.365161053098360430e-02 1.097971633842295347e+01 -1.322316707194034352e-02 2.549525767034864845e-02 9.995874847600434432e-01 -5.762199252259522453e+00
-9.920557698312062467e-01 1.254041165463035401e-01 -9.957765705945236662e-03 4.640167864418174304e+01 -1.255917751758413858e-01 -9.918549310712729827e-01 2.122502574278619519e-02 1.100907437695289204e+01 -7.214953415947543414e-03 2.230702272474169995e-02 9.997251328161974593e-01 -5.919650391856997373e+00
-9.918914387140560507e-01 1.259205645831909248e-01 -1.718677459010302735e-02 4.622365896909044380e+01 -1.263211592934837257e-01 -9.916832121430949609e-01 2.464490755316730425e-02 1.097709429275067272e+01 -1.394053515869731613e-02 2.661612610062361745e-02 9.995485197382290021e-01 -5.860345059730817319e+00
-9.918549207173636972e-01 1.251461004007752287e-01 -2.371222898067472384e-02 4.615181007239817035e+01 -1.258036387569948511e-01 -9.916420223741138074e-01 2.862767781846033838e-02 1.091951327661467097e+01 -1.993140045888426581e-02 3.137758780175915058e-02 9.993088542885479875e-01 -5.737876948680703748e+00
-9.920684999460127607e-01 1.249561598884439684e-01 -1.363999709683887292e-02 4.603302063312934678e+01 -1.252304801203280304e-01 -9.918934926256246509e-01 2.155518814049292228e-02 1.087107997386236669e+01 -1.083597082407796418e-02 2.309236654986990614e-02 9.996746092321371346e-01 -5.817545462415266044e+00
-9.920433946808808745e-01 1.245739942774999470e-01 -1.819953350455971730e-02 4.591174058573704286e+01 -1.251187304036225911e-01 -9.916023517455911929e-01 3.271206680719385140e-02 1.086048783611254009e+01 -1.397162740054953660e-02 3.472889232846505803e-02 9.992991032045500654e-01 -5.559069334753466762e+00
-9.920175362366840943e-01 1.252840704666286220e-01 -1.432164397729101396e-02 4.571871097975757436e+01 -1.256187633656415115e-01 -9.917502680476790733e-01 2.552120917675558195e-02 1.084824568376921761e+01 -1.100609328446757601e-02 2.711655425509640685e-02 9.995716874721612966e-01 -5.572448471830517391e+00
-9.920954296680835061e-01 1.247310805591055061e-01 -1.374103250339565180e-02 4.553241186273330499e+01 -1.250650545038896611e-01 -9.917823158334184708e-01 2.695496507215374912e-02 1.082891849525977257e+01 -1.026599111827732752e-02 2.846042063392344515e-02 9.995422021524151823e-01 -5.605756117765349877e+00
-9.916060730763676112e-01 1.288722806937281362e-01 -1.045615162777693841e-02 4.539957090378827331e+01 -1.290927739341011238e-01 -9.913363309260050382e-01 2.423498925450130737e-02 1.099516131936067609e+01 -7.242344652470784384e-03 2.538137614400929470e-02 9.996516064054371542e-01 -5.833296422519247848e+00
-9.916758243514320892e-01 1.278310592663118028e-01 -1.543631056180577721e-02 4.531367385669368986e+01 -1.282416107915806125e-01 -9.913059511995010453e-01 2.943807700977319267e-02 1.096575119696579392e+01 -1.153900595755921049e-02 3.117260661711282813e-02 9.994474072897513439e-01 -5.715728945384800141e+00
-9.917371227334319528e-01 1.267788764138204349e-01 -1.961111643082883230e-02 4.527356722260252297e+01 -1.272897912917232144e-01 -9.914852283823514245e-01 2.746544979617893123e-02 1.090788048280452927e+01 -1.596209338789344664e-02 2.973480107291989749e-02 9.994303643475267451e-01 -5.561053258890523487e+00
-9.916570828161366258e-01 1.268109290441241377e-01 -2.313478713013530919e-02 4.517018611981259824e+01 -1.274634113266799040e-01 -9.914096854377438817e-01 2.932429697707562843e-02 1.085930753475976474e+01 -1.921741068812785058e-02 3.202848568384447647e-02 9.993021901463258194e-01 -5.509912538725125764e+00
