-9.896365834802305361e-01 1.369193224682321575e-01 -4.327276016638642586e-02 1.300134490200189816e+02 -1.395134281585974911e-01 -9.881472713860384172e-01 6.403884302330427325e-02 1.341833701629952458e+01 -3.399170488535689649e-02 6.941231293630699406e-02 9.970087736884861718e-01 -2.337379661195670977e+00
-9.913273190953482139e-01 1.213707236120616928e-01 -5.039140665941971992e-02 1.285685751467802049e+02 -1.242854594166388771e-01 -9.904660631757349343e-01 5.941466380243794199e-02 1.194050826815078103e+01 -4.269977743297368594e-02 6.516229850953886293e-02 9.969606832067793301e-01 -1.747625313945709857e+00
-9.935340863183890203e-01 1.076128581235713672e-01 -3.618690495137790591e-02 1.275287464156055393e+02 -1.089567528498762011e-01 -9.933398420563905873e-01 3.747511429997235632e-02 9.534057147894118955e+00 -3.191309029058380514e-02 4.117561110488947296e-02 9.986421399671876475e-01 -2.466425544200681941e+00
-9.907841527914620361e-01 1.274712583024457946e-01 -4.580219300532240717e-02 1.257498880696884811e+02 -1.291679593612061472e-01 -9.909614113900004906e-01 3.620938290555034828e-02 1.134044828640961811e+01 -4.077255022398591083e-02 4.179185856994293430e-02 9.982940647452044347e-01 -1.845795290222050244e+00
-9.905030146032929306e-01 1.308722361991994654e-01 -4.214541320250953654e-02 1.250741088443680837e+02 -1.329550390464722676e-01 -9.898025985207457023e-01 5.112507754254422970e-02 1.225324645357157216e+01 -3.502478627972423902e-02 5.624298848568651948e-02 9.978025809709346605e-01 -2.277666589881962356e+00
-9.900900051669905277e-01 1.369542636323358153e-01 -3.106945994627748064e-02 1.239068697935950638e+02 -1.382044765962887611e-01 -9.894925293416463319e-01 4.247419246810152371e-02 1.261945423884814588e+01 -2.492597675467412427e-02 4.634721189021102916e-02 9.986143558115061492e-01 -3.101684731707380571e+00
-9.888452979221549199e-01 1.418166355685171187e-01 -4.553041459587071210e-02 1.229650862883335662e+02 -1.444400478952105049e-01 -9.876500945205621829e-01 6.069895680779383712e-02 1.326522822843885407e+01 -3.635999644217201981e-02 6.659829329308324108e-02 9.971171535928833318e-01 -2.436351774410548288e+00
-9.921213850426944258e-01 1.191146427339016267e-01 -3.881828470374292656e-02 1.221590466725614448e+02 -1.212187658458234729e-01 -9.909699909284479524e-01 5.731045180494823144e-02 1.041473372378331952e+01 -3.164124124906114027e-02 6.156442938618734984e-02 9.976014499220476894e-01 -2.696707345016033042e+00
-9.901703260002907570e-01 1.358384360990246564e-01 -3.332633773233566882e-02 1.206374168741129012e+02 -1.373472459645506405e-01 -9.893510900540090081e-01 4.816798350458430938e-02 1.222759627236816016e+01 -2.642838501368798693e-02 5.227178863513164825e-02 9.982831264618532430e-01 -2.987624414345718460e+00
-9.928786641197007157e-01 1.097887424947990020e-01 -4.624273302141287956e-02 1.200685341691236090e+02 -1.124533097574809404e-01 -9.918672440286937508e-01 5.961227514121840432e-02 1.019550713949903553e+01 -3.932189543329511761e-02 6.438790448783839049e-02 9.971499317029500764e-01 -2.389652461528507299e+00
-9.895362062207957443e-01 1.255374814934252514e-01 -7.112269200785285850e-02 1.186135339056259994e+02 -1.309892012699347963e-01 -9.883093498577952829e-01 7.801575568004069650e-02 1.145601243219984156e+01 -6.049732001353853861e-02 8.651571951935214944e-02 9.944119390610856035e-01 -1.004257388329601319e+00
-9.952331147983839443e-01 8.513536367830422391e-02 -4.757117888038960712e-02 1.187876111258178611e+02 -8.771949640887523325e-02 -9.946165132346278526e-01 5.516594557120486214e-02 7.676826112836666383e+00 -4.261850722961180865e-02 5.907589569659261325e-02 9.973433217248536264e-01 -2.214124979629513046e+00
-9.928288643582712236e-01 1.064148527440027248e-01 -5.446765290094423423e-02 1.181265398664917257e+02 -1.101985851899512647e-01 -9.913016854627572094e-01 7.195304177607728113e-02 9.904626022444857014e+00 -4.633700377882211258e-02 7.743931504196743809e-02 9.959196928300154683e-01 -2.388916539433559194e+00
-9.832461351556791573e-01 1.735585425134244242e-01 -5.571777115100221694e-02 1.140937081742259807e+02 -1.762467003528208342e-01 -9.831945348791337747e-01 4.759839491565465153e-02 1.513001934262431725e+01 -4.652030004377222944e-02 5.662101115680891195e-02 9.973113469621299743e-01 -1.872738724201760352e+00
-9.943612958512046962e-01 9.399159731671549722e-02 -4.910389950875101300e-02 1.153689108573724695e+02 -9.688706457087659096e-02 -9.934639493764518825e-01 6.035128837217387104e-02 8.344853701239244970e+00 -4.311043994152586462e-02 6.476851799443074376e-02 9.969686700417688119e-01 -2.148450733514164490e+00
-9.923761697372199819e-01 1.161082270514335879e-01 -4.133300556042591306e-02 1.139255670125945841e+02 -1.184286143145281966e-01 -9.912087672096616675e-01 5.899019510261546001e-02 1.013807161504288779e+01 -3.412039051983700028e-02 6.343547444196073748e-02 9.974024962536925942e-01 -2.944357706300994693e+00
-9.890267327958837118e-01 1.466161034722745782e-01 -1.816149822309315667e-02 1.112658742624897030e+02 -1.472771738062586266e-01 -9.881603829138734252e-01 4.299408930479315522e-02 1.203300097274571989e+01 -1.164284719221359357e-02 4.519707780503855882e-02 9.989102403455197843e-01 -4.366570640887366572e+00
-9.919015799850252613e-01 1.139110906981098958e-01 -5.617400679298573118e-02 1.112284168105247346e+02 -1.174881833278109966e-01 -9.909369376873471413e-01 6.511921609750814799e-02 1.102388465543859475e+01 -4.824709733799643907e-02 7.119163534285660733e-02 9.962951212646118382e-01 -2.310913828177377116e+00
-9.916409580802114654e-01 1.219717279683339567e-01 -4.208453200617654627e-02 1.100322110560314428e+02 -1.234944323831003027e-01 -9.917028932602691693e-01 3.570009341146294923e-02 1.019730614334220853e+01 -3.738095007000260400e-02 4.059888022630735172e-02 9.984760365157663298e-01 -2.725344961063250526e+00
-9.876181717604561872e-01 1.503902658366541578e-01 -4.464431374896460358e-02 1.081825166452583318e+02 -1.520532339508864350e-01 -9.876973216731792515e-01 3.652142939024231871e-02 1.312912098982602949e+01 -3.860260164305627517e-02 4.285753960751777225e-02 9.983351493587599990e-01 -2.775608474953279003e+00
-9.945123656985408456e-01 9.459626745149174454e-02 -4.468445654741966255e-02 1.082661452809371383e+02 -9.689749841590714063e-02 -9.939090702897510621e-01 5.249414059209566580e-02 7.539931534817143621e+00 -3.944653690036255267e-02 5.653588400307611034e-02 9.976210024586286140e-01 -2.845465165202187841e+00
-9.942934632173603404e-01 9.795232111306322043e-02 -4.225933969896138870e-02 1.070487502277685650e+02 -1.000505652309934962e-01 -9.936858774655159543e-01 5.077658242287807350e-02 8.738448745551838925e+00 -3.701882494336606461e-02 5.471489481075480360e-02 9.978155575484181083e-01 -2.964159324392841022e+00
-9.915242975172169348e-01 1.216618675906210312e-01 -4.558461810032407580e-02 1.059886243789072182e+02 -1.239584858528424427e-01 -9.909508568772302795e-01 5.148488165815633816e-02 9.866673032261852327e+00 -3.890836951172402247e-02 5.669911135675673869e-02 9.976328731318416798e-01 -2.791453002402476180e+00
-9.879744387852311682e-01 1.494418632623407683e-01 -3.966910399401510356e-02 1.039136620926804824e+02 -1.509981560867810213e-01 -9.877386052973229358e-01 3.964851149402739972e-02 1.344576240965639080e+01 -3.325755801919713650e-02 4.516167744869253875e-02 9.984259400299152487e-01 -2.937287494511871433e+00
-9.911794298988407803e-01 1.191034548889710887e-01 -5.811802456140690437e-02 1.043634243860755788e+02 -1.230017141188922414e-01 -9.900137416797456513e-01 6.887212505131705409e-02 1.092679458383878810e+01 -4.933473491591668786e-02 7.541325028654301266e-02 9.959311851789738324e-01 -2.369795145298742689e+00
-9.924187238286177326e-01 1.169537555719304400e-01 -3.777427235564886215e-02 1.026985332167917875e+02 -1.185546997851300022e-01 -9.920005569836864989e-01 4.335525461709609923e-02 1.013597177140144368e+01 -3.240153936521048689e-02 4.750488397708898386e-02 9.983453441796020789e-01 -3.234494700020618119e+00
-9.887807537899260257e-01 1.423770036870359301e-01 -4.518196272549764025e-02 1.008027085058141523e+02 -1.444302672630990436e-01 -9.884456344972574193e-01 4.599049403545055204e-02 1.199571178705927643e+01 -3.811192507518197659e-02 5.200015831145887724e-02 9.979195682531969425e-01 -2.992011367770353925e+00
-9.909394089422194352e-01 1.290165237761383421e-01 -3.733395770563738975e-02 1.001225350377797696e+02 -1.305430233037024046e-01 -9.905598776648565362e-01 4.182879184621778046e-02 1.160739787103833898e+01 -3.158491525988638832e-02 4.632348597964462689e-02 9.984270267649606456e-01 -3.290725346189805389e+00
-9.878690371374287960e-01 1.528192148961815544e-01 -2.758718948505156990e-02 9.883387217486058773e+01 -1.538891269033959563e-01 -9.871925330809989685e-01 4.205994828850251332e-02 1.386118531278474819e+01 -2.080629919231060873e-02 4.579508912138614829e-02 9.987341526784213608e-01 -3.944911412788716376e+00
-9.911295367136441214e-01 1.277963009361992586e-01 -3.647392110565551848e-02 9.815381724427921029e+01 -1.294872365515711832e-01 -9.903927830841927626e-01 4.853030790119612636e-02 1.150250352484807870e+01 -2.992151440075577207e-02 5.282272883685437681e-02 9.981555301125137891e-01 -3.462297868747745699e+00
-9.875324451326739084e-01 1.544111527714736032e-01 -3.060826212099699781e-02 9.684116685151846582e+01 -1.557610498393994791e-01 -9.866203430906894667e-01 4.815385708890605743e-02 1.363641448373442522e+01 -2.276324149173702613e-02 5.232107127530274959e-02 9.983708430925822830e-01 -3.988922722858837311e+00
-9.925949882236990707e-01 1.166112961293292449e-01 -3.401462873872466292e-02 9.688907561792677825e+01 -1.181731392257057423e-01 -9.918210350566407651e-01 4.823011076823750104e-02 1.004244650207260570e+01 -2.811224855356395103e-02 5.189258168767838658e-02 9.982569115448438613e-01 -3.653526759716234196e+00
-9.882959168904830172e-01 1.479944232703349627e-01 -3.699772072007383866e-02 9.499184118153448253e+01 -1.496355912912498143e-01 -9.876509700724642737e-01 4.641929699853983293e-02 1.246954734269078280e+01 -2.967103767173773915e-02 5.141217750496034078e-02 9.982366540694048718e-01 -3.539299153668146847e+00
-9.862669748941321757e-01 1.611898523973395170e-01 -3.599007803966454422e-02 9.411029066264279663e+01 -1.626789689862571109e-01 -9.857329029594947833e-01 4.319950315241531669e-02 1.376081577514675836e+01 -2.851328256700107200e-02 4.846107208028974100e-02 9.984180072545182361e-01 -3.582800380543043062e+00
-9.941896593590746622e-01 1.041297416234917700e-01 -2.727486265616600042e-02 9.311572048174241445e+01 -1.052039686289498593e-01 -9.935859805100963893e-01 4.146111815315383503e-02 1.069288478636875972e+01 -2.278258563479593213e-02 4.408963872856854621e-02 9.987677695783827581e-01 -4.127647914530644613e+00
-9.919930160726704305e-01 1.225848374449340500e-01 -3.037784870009289928e-02 9.245179072772330642e+01 -1.237749905142946777e-01 -9.914627527245010175e-01 4.100441053278888748e-02 1.125165156992155957e+01 -2.509198649435524092e-02 4.443610681140190699e-02 9.986970634908329814e-01 -4.060595263627326368e+00
-9.932677309009443345e-01 1.109455501854056392e-01 -3.332115911771055261e-02 9.093615235686752385e+01 -1.122926474173605860e-01 -9.927991559852169523e-01 4.171567104868484366e-02 1.170444700345642808e+01 -2.845305057266240070e-02 4.517655109788022705e-02 9.985737344553030637e-01 -3.896476555101918038e+00
-9.853630725082480613e-01 1.674466192098226780e-01 -3.195692495072167960e-02 8.987093626652546163e+01 -1.687802009663690872e-01 -9.846270110798156505e-01 4.497658072576241062e-02 1.404091213578992026e+01 -2.393447511138447822e-02 4.971195799030246609e-02 9.984767709535925517e-01 -4.181105315334121997e+00
-9.860498504792047925e-01 1.626923008611378396e-01 -3.516969733232517409e-02 8.848711146717290887e+01 -1.642362658408456633e-01 -9.853157074117184777e-01 4.668410554354023717e-02 1.357502674231223239e+01 -2.705811066193324066e-02 5.180899505157709334e-02 9.982903819426250935e-01 -4.062322093319868266e+00
-9.851853768339833284e-01 1.692882312678296308e-01 -2.740926899230179681e-02 8.721961484253959895e+01 -1.704133148084270022e-01 -9.843037700794068368e-01 4.588453272585847620e-02 1.374261808620829051e+01 -1.921133541653181204e-02 4.987567504983009270e-02 9.985706492931971656e-01 -4.541199109669597611e+00
-9.869801079066315985e-01 1.569398498533232655e-01 -3.521576528532081168e-02 8.655638309949907239e+01 -1.584830317914800446e-01 -9.862701785812462152e-01 4.641404394682595996e-02 1.363538207206148556e+01 -2.744804602872818675e-02 5.139083935229620675e-02 9.983013504948650141e-01 -4.089624703271707240e+00
-9.894805786630298527e-01 1.421918844850488806e-01 -2.663930245457532889e-02 8.612578830581551870e+01 -1.432803874003268363e-01 -9.886694147649428555e-01 4.476068469938741801e-02 1.272422582506576383e+01 -1.997285745926430031e-02 4.810671777346930966e-02 9.986424929222548208e-01 -4.595451107969735105e+00
-9.878741037647225109e-01 1.521818610772320002e-01 -3.074794741305290555e-02 8.533556711735910483e+01 -1.535134747622717566e-01 -9.870300990620120007e-01 4.695952099465768026e-02 1.264992764578206241e+01 -2.320276228079679384e-02 5.111031896500349558e-02 9.984234407894460039e-01 -4.376738890776000979e+00
-9.869377066327993386e-01 1.580949935132229811e-01 -3.098283803083643623e-02 8.409256060526284671e+01 -1.594516631788834293e-01 -9.860506289522865675e-01 4.774226903163032026e-02 1.244254363669452346e+01 -2.300283321417094518e-02 5.205891056154216684e-02 9.983790560179367501e-01 -4.351074280589955379e+00
-9.898224228995611274e-01 1.392643379345712418e-01 -2.927482373794440193e-02 8.403785887285071965e+01 -1.405668481932552394e-01 -9.888818689412592899e-01 4.851402341855835798e-02 1.158784030957536793e+01 -2.219306905897658680e-02 5.213533790901941911e-02 9.983933965260667343e-01 -4.474033455976567986e+00
-9.843110065638058792e-01 1.741461654871574449e-01 -2.837173599671504592e-02 8.150343954230385179e+01 -1.753272240644095925e-01 -9.834117152419639130e-01 4.649476128261055552e-02 1.468942828514661336e+01 -1.980421316831433576e-02 5.073964299222258334e-02 9.985155390727806779e-01 -4.657756491573701751e+00
-9.905494338884450745e-01 1.350229504646100753e-01 -2.409609659494239484e-02 8.196062609097374718e+01 -1.360220792743264961e-01 -9.896257211754520000e-01 4.624852362893318997e-02 1.144232015373210665e+01 -1.760150485527241584e-02 4.908905006005522681e-02 9.986393003437383786e-01 -4.746640738384251712e+00
-9.860267936381226228e-01 1.633275154750285230e-01 -3.279153726921105183e-02 8.050316571220116657e+01 -1.646696232910578039e-01 -9.853872346086873790e-01 4.354208349889957669e-02 1.310428594383122203e+01 -2.520074191179407994e-02 4.833343106999900968e-02 9.985132958794774583e-01 -4.380886860164013186e+00
-9.838612253243856909e-01 1.761043976385748833e-01 -3.169117283336764929e-02 8.001473910033847403e+01 -1.774046320827322720e-01 -9.831361256860300379e-01 4.439543767837048766e-02 1.430499741340656428e+01 -2.333850506759310023e-02 4.930111056982782597e-02 9.985112491493480791e-01 -4.501617040122491531e+00
-9.861581948628088679e-01 1.627407029194624932e-01 -3.174079895348993346e-02 8.001145757918629897e+01 -1.640324904856622357e-01 -9.854934590522859139e-01 4.354290103142118701e-02 1.315121053448319621e+01 -2.419414743275188906e-02 4.814671098258190701e-02 9.985472134313739812e-01 -4.509031160401024252e+00
-9.942365677631708198e-01 1.037364834092926319e-01 -2.706269262996584615e-02 7.860681792589632266e+01 -1.048965268627371911e-01 -9.934325513264925522e-01 4.569994110577470237e-02 9.808005302114150226e+00 -2.214420860282678358e-02 4.827533505642168932e-02 9.985885669536501696e-01 -4.648505051592143111e+00
-9.941827942846241939e-01 1.042243279456832594e-01 -2.716359719712019630e-02 7.739329626419669239e+01 -1.053577984774813625e-01 -9.934467534430859725e-01 4.430894236348827120e-02 9.813560651404884538e+00 -2.236751770749618659e-02 4.691308493014680059e-02 9.986485150511874576e-01 -4.700126625864593954e+00
-9.904507413331988808e-01 1.344405482134359564e-01 -3.054616160156534491e-02 7.698631513330079201e+01 -1.356587482588027804e-01 -9.898609277059209344e-01 4.209569837916465884e-02 1.101934458809981443e+01 -2.457708309325809179e-02 4.583756971356180154e-02 9.986465261489579914e-01 -4.630300188164376607e+00
-9.889042659137998736e-01 1.431207956730501107e-01 -3.980942983015128139e-02 7.713614762206938735e+01 -1.449250342212205223e-01 -9.883315098276921340e-01 4.687815202941545550e-02 1.120823117632973087e+01 -3.263567547128082974e-02 5.212738750050654318e-02 9.981070324163161533e-01 -4.261446114696004095e+00
-9.903479280049278799e-01 1.343324898155483782e-01 -3.414328156903352618e-02 7.598122083176423303e+01 -1.358445699900983350e-01 -9.896296094413099542e-01 4.668499674677019373e-02 1.096265269388997865e+01 -2.751789055418290414e-02 5.087256919987685755e-02 9.983259725172193289e-01 -4.486936656461562478e+00
-9.913377521178909912e-01 1.274307371618185747e-01 -3.179415751742368373e-02 7.450997014650700123e+01 -1.288341078693860942e-01 -9.905571804920259016e-01 4.688544363859118574e-02 1.085062102333782619e+01 -2.551928438155398257e-02 5.057548222294706158e-02 9.983941539905818452e-01 -4.570570194839628897e+00
-9.913632892748118763e-01 1.272788166047871539e-01 -3.160587796455631426e-02 7.376728681557808898e+01 -1.286711032365296659e-01 -9.905814914667521176e-01 4.681939721311010466e-02 1.129575740487714697e+01 -2.534908026181223115e-02 5.048179480951137804e-02 9.984032314264065233e-01 -4.626647993027377836e+00
-9.912322600991640975e-01 1.290448599036888577e-01 -2.839067930044547952e-02 7.310921693946308153e+01 -1.303126005822446420e-01 -9.902820384617054827e-01 4.858096777156624413e-02 1.013579241136360487e+01 -2.184565559089030398e-02 5.185468573395179970e-02 9.984156744058244604e-01 -4.799405794822849458e+00
-9.889360329677145955e-01 1.455275266160590275e-01 -2.876215734417904638e-02 7.237070688161998078e+01 -1.467610564697961750e-01 -9.880627666238577245e-01 4.683120237060951069e-02 1.151542085516441460e+01 -2.160358771010933640e-02 5.053422808968103391e-02 9.984886462997121237e-01 -4.817210707311498474e+00
-9.895103964968021693e-01 1.415944751502324350e-01 -2.863878195161550025e-02 7.142755592607753101e+01 -1.428319355673310365e-01 -9.886237273771880663e-01 4.713983293272977493e-02 1.091905020932309789e+01 -2.163823945776913518e-02 5.073588743449843064e-02 9.984776694144953391e-01 -4.829012180097504547e+00
-9.942984125932101680e-01 1.042966992394414316e-01 -2.220056851479123780e-02 7.091021191688463432e+01 -1.052455941845007459e-01 -9.933334858038056492e-01 4.703138192326662692e-02 1.344533023060371058e+01 -1.714735021435755472e-02 4.909974041294193348e-02 9.986466761933411318e-01 -5.066371155228757139e+00
-9.934801288196339897e-01 1.112237944351945063e-01 -2.503000583222809994e-02 7.005173078750340210e+01 -1.122985871563581539e-01 -9.925779700169614639e-01 4.666905569747725052e-02 1.373217317376360391e+01 -1.965352292108481919e-02 4.917561375769499005e-02 9.985967644892228545e-01 -4.999781246754561259e+00
-9.880266931498793426e-01 1.516114453504963933e-01 -2.858711706430392199e-02 6.939058572260252333e+01 -1.528631860888045313e-01 -9.870626444821195555e-01 4.837542978356740297e-02 1.202601827987525240e+01 -2.088300653867364645e-02 5.216613371430539603e-02 9.984200491432485558e-01 -4.914034559007641079e+00
-9.923881255146593805e-01 1.190935177708865728e-01 -3.134553177818440867e-02 6.993638383796205460e+01 -1.205081944778927799e-01 -9.915530960537017879e-01 4.796074196671299555e-02 1.080043448973407116e+01 -2.536894560639079907e-02 5.137306425817695504e-02 9.983572631415795762e-01 -4.744528477236422681e+00
-9.923961022503753338e-01 1.195269481236740788e-01 -2.938171047614073286e-02 6.911766736391761867e+01 -1.208043624175067637e-01 -9.915901733693650577e-01 4.642449890104317911e-02 1.024137797526382521e+01 -2.358563671311231583e-02 4.962093055912802919e-02 9.984895998413220175e-01 -4.863425515077734573e+00
-9.910641382381806253e-01 1.303158192648977143e-01 -2.845454528772077205e-02 6.845545538524459062e+01 -1.315824701755223258e-01 -9.901212381421053976e-01 4.843539328272274819e-02 1.108668258508397741e+01 -2.186155165399316161e-02 5.174670066064854940e-02 9.984209290324482788e-01 -5.002402232477943578e+00
-9.931665486304881441e-01 1.135270273188411089e-01 -2.705218567050519246e-02 6.666884978038453369e+01 -1.146878946978866914e-01 -9.923299507001748232e-01 4.612977079018713150e-02 1.323112331764205152e+01 -2.160771832403493575e-02 4.891710346633223322e-02 9.985690879940622988e-01 -5.065799868184866384e+00
-9.932654740160593576e-01 1.131753911918833844e-01 -2.479977734209206156e-02 6.613677257584737390e+01 -1.142159724095360429e-01 -9.924096815534984017e-01 4.558218517610428816e-02 1.314191095689428046e+01 -1.945275749597677115e-02 4.810774145029803744e-02 9.986527101241722271e-01 -5.168925940308321643e+00
-9.954189637467873997e-01 9.198371500625156238e-02 -2.607839693925801880e-02 6.555000870767327115e+01 -9.308375055309435486e-02 -9.946551495218340921e-01 4.468275856153391262e-02 1.059412069967893899e+01 -2.182892567769012873e-02 4.690554022018843944e-02 9.986607874050178468e-01 -5.112490676732591055e+00
-9.929301779547978768e-01 1.161212565175257366e-01 -2.460722437506799448e-02 6.474822060241189092e+01 -1.170899024871596000e-01 -9.922127390586494844e-01 4.247158091336653701e-02 1.306736811687133937e+01 -1.948374815587108205e-02 4.505257189688698788e-02 9.987945981648450600e-01 -5.160841026331130621e+00
-9.928234224639125305e-01 1.165177470779445307e-01 -2.693077093074189993e-02 6.427879462056816351e+01 -1.176509030104315595e-01 -9.920243684993754751e-01 4.523181760935377632e-02 1.292566063836640744e+01 -2.144567154168816603e-02 4.807563748195093495e-02 9.986134468616122417e-01 -5.105678268310347434e+00
-9.906984483722147683e-01 1.325862515090097948e-01 -3.061813684201742866e-02 6.457832683587788836e+01 -1.339415894164825704e-01 -9.898485344785372675e-01 4.753450762634797017e-02 1.085410596774218206e+01 -2.400489569803032977e-02 5.119340486315130528e-02 9.984002204932870272e-01 -5.004245573072346964e+00
-9.924402021026470511e-01 1.199951780823377279e-01 -2.576048305923476708e-02 6.300646994736478490e+01 -1.210512515894262842e-01 -9.916553875109508365e-01 4.434170620464959744e-02 1.281757900584585386e+01 -2.022473087807310707e-02 4.712483058318722717e-02 9.986842396891097984e-01 -5.178497086357652712e+00
-9.921537841291119264e-01 1.225123541599672100e-01 -2.493174114390162358e-02 6.235917089455170270e+01 -1.235413334140259417e-01 -9.913155379554987601e-01 4.506709604894569565e-02 1.295352572841349570e+01 -1.919394635212438513e-02 4.779359042992255280e-02 9.986728018411478169e-01 -5.207281924142485252e+00
-9.924053954532501276e-01 1.207527329382564324e-01 -2.345865646666538823e-02 6.183600811142798648e+01 -1.217217979367591491e-01 -9.915178799510984131e-01 4.556421451449042120e-02 1.271994072671651921e+01 -1.775767389951949521e-02 4.807360216607286379e-02 9.986859335108593250e-01 -5.262998239425057179e+00
-9.923284510032401862e-01 1.208875557994672501e-01 -2.589293691996108829e-02 6.129144351014937087e+01 -1.219398072102620689e-01 -9.915669711419967669e-01 4.388194569308580956e-02 1.274926784114270895e+01 -2.036979987713449444e-02 4.670268293275566668e-02 9.987011217876187175e-01 -5.167984518524490589e+00
-9.919215418419535801e-01 1.243248648891177033e-01 -2.519886505747648969e-02 6.070647862624186786e+01 -1.253388723905088931e-01 -9.911501649244871537e-01 4.372090618958104219e-02 1.269290799694677574e+01 -1.954026350277825869e-02 4.652610601012132502e-02 9.987259381641075962e-01 -5.193283776947094310e+00
-9.917966484514393333e-01 1.256155170282313160e-01 -2.366748829559673847e-02 6.009613780252627890e+01 -1.265584268805567958e-01 -9.909925303080486803e-01 4.378092574592511166e-02 1.270098795624298127e+01 -1.795474048854054858e-02 4.641709550781457361e-02 9.987607724268147136e-01 -5.270052812778016182e+00
-9.917791442838590488e-01 1.256302695485405074e-01 -2.431387128241728479e-02 5.969869735048859383e+01 -1.266090176897140540e-01 -9.909722242962608618e-01 4.409316628421228179e-02 1.250342342756371039e+01 -1.855493474045583069e-02 4.680903808542294375e-02 9.987315096412523463e-01 -5.280330287498956388e+00
-9.919514106786293528e-01 1.246644488478222956e-01 -2.216244675450248017e-02 5.913845728744064445e+01 -1.255563573145776490e-01 -9.910712215111527890e-01 4.487131634224759275e-02 1.241500313509012088e+01 -1.637070525577807509e-02 4.729280162837314755e-02 9.987469103449421182e-01 -5.373929747846121430e+00
-9.914884478646952548e-01 1.279373657586462543e-01 -2.413893522084372550e-02 5.860625814772086528e+01 -1.289342757801152095e-01 -9.906020770710795009e-01 4.564512494802148990e-02 1.240822000394416236e+01 -1.807236232247789315e-02 4.836895021810649897e-02 9.986660274460543718e-01 -5.306944243846956510e+00
-9.916683489500310866e-01 1.265574552690569288e-01 -2.402282678079857917e-02 5.808549766350252952e+01 -1.275036832693708377e-01 -9.909010932781354697e-01 4.310259960768193094e-02 1.226594340864665078e+01 -1.834928999889530107e-02 4.580648268549809138e-02 9.987817928359125075e-01 -5.348289833893915102e+00
-9.914541799529679178e-01 1.282286173193142309e-01 -2.400064070321872647e-02 5.769620432212096972e+01 -1.291520123524487751e-01 -9.907356392518635868e-01 4.198393527903576672e-02 1.231534947613718955e+01 -1.839474813910336667e-02 4.472487916784366468e-02 9.988299747325971589e-01 -5.330393697540657172e+00
-9.915425522219858401e-01 1.279730197921321033e-01 -2.159336329508798613e-02 5.705988344861047779e+01 -1.288059249570543963e-01 -9.907359783900240302e-01 4.302621084315916972e-02 1.217857734339606779e+01 -1.588712777907817092e-02 4.544367204402482291e-02 9.988405637748630772e-01 -5.423601849628340688e+00
-9.913489685355609815e-01 1.292490446254414282e-01 -2.284528500347255547e-02 5.651561485376684146e+01 -1.301093818944021041e-01 -9.906364102864906318e-01 4.136485655423271374e-02 1.220198690303238820e+01 -1.728500293710884261e-02 4.397939378966330554e-02 9.988828968379416251e-01 -5.407690342972914621e+00
-9.911151688160886319e-01 1.300049118552807914e-01 -2.809706454697230571e-02 5.607067465242865012e+01 -1.310640781722473558e-01 -9.905715687038774142e-01 3.987699447549346299e-02 1.202424883725793414e+01 -2.264794815242841125e-02 4.320520997565199806e-02 9.988094814705378299e-01 -5.290084500893580177e+00
-9.917238518959561322e-01 1.259911412601079916e-01 -2.469886443996412162e-02 5.555149202753278104e+01 -1.268952511092592272e-01 -9.911375504491835020e-01 3.929314616458008669e-02 1.201849163250759389e+01 -1.952938367092679067e-02 4.210211887267097108e-02 9.989224267979297522e-01 -5.386871025903996468e+00
-9.914396389850668179e-01 1.282644492518325019e-01 -2.440641938679835588e-02 5.510140007099915493e+01 -1.291566603472785180e-01 -9.908417235006128365e-01 3.938573419745636933e-02 1.189468718808524272e+01 -1.913110914447824912e-02 4.220082971292189039e-02 9.989259685454388027e-01 -5.405135573170622543e+00
-9.917050138030016893e-01 1.265387822247055483e-01 -2.256329300162778634e-02 5.474459151640103016e+01 -1.273608780239813276e-01 -9.910594814769402294e-01 3.975312470258562242e-02 1.181718005539972971e+01 -1.733125347311346293e-02 4.229705388968977436e-02 9.989547471659081523e-01 -5.430571470705709558e+00
-9.913777525449547490e-01 1.288045781091779751e-01 -2.407347953727268647e-02 5.423292436237213110e+01 -1.296170325911827070e-01 -9.909122719212808406e-01 3.594849396097294508e-02 1.192839823671218724e+01 -1.922437570302588938e-02 3.875887013217107352e-02 9.990636483052049988e-01 -5.388233679293055189e+00
-9.913896709374665495e-01 1.286754214837821930e-01 -2.427254136824656683e-02 5.379956382358307820e+01 -1.295358789901620566e-01 -9.908451301215557283e-01 3.803135770182119318e-02 1.177128673368845746e+01 -1.915662842851877795e-02 4.084806017877447987e-02 9.989817113275312188e-01 -5.431445713296627176e+00
-9.914843924065994685e-01 1.273281052636877353e-01 -2.731763577025003373e-02 5.346266957794615138e+01 -1.282880655167635553e-01 -9.910518047086267490e-01 3.685773500557195520e-02 1.171302843068454536e+01 -2.238016666790865541e-02 4.004839564493987286e-02 9.989470727451895682e-01 -5.400435184524226884e+00
-9.919268920881967322e-01 1.246961800444727486e-01 -2.306303177310594504e-02 5.314761053170123262e+01 -1.254922503974615355e-01 -9.914014344790855748e-01 3.707951999408898303e-02 1.150448327937190918e+01 -1.824104828214841850e-02 3.967440478605406551e-02 9.990461479643674148e-01 -5.462546001246698424e+00
-9.918892521171509546e-01 1.249350572865066261e-01 -2.338681242273139144e-02 5.258655416173179731e+01 -1.257056293038276151e-01 -9.914487635517879038e-01 3.503489707362644756e-02 1.156147604146626939e+01 -1.880973938701424597e-02 3.769059182937072039e-02 9.991124125901671427e-01 -5.425937109434005201e+00
-9.917386001123669192e-01 1.260107935556665226e-01 -2.399643629028500383e-02 5.230261718472966948e+01 -1.268439692159161192e-01 -9.912280741852259602e-01 3.711485444669937461e-02 1.149550985412294679e+01 -1.910906906979602596e-02 3.985203701844050594e-02 9.990228519031817411e-01 -5.417446078396378262e+00
-9.919469342516793464e-01 1.245979873724069875e-01 -2.272930204472821403e-02 5.193698125374746155e+01 -1.253655820981739999e-01 -9.914488908114234000e-01 3.622937667121480659e-02 1.148787126002044268e+01 -1.802083388417340115e-02 3.878709130038340142e-02 9.990849869228216606e-01 -5.450280653830199107e+00
-9.921966948392970664e-01 1.228116761511649918e-01 -2.151768925598756751e-02 5.148477389522822989e+01 -1.235165180153861980e-01 -9.917165576870248245e-01 3.524115473071301463e-02 1.145395592470632984e+01 -1.701142343634563445e-02 3.762394729877036048e-02 9.991471613642950445e-01 -5.509512138820898741e+00
-9.922119848357942029e-01 1.228161981312911599e-01 -2.077398914001845481e-02 5.113358876074957493e+01 -1.234982617673930361e-01 -9.917074633633531366e-01 3.555961824677807831e-02 1.135376626068618755e+01 -1.623442295391617357e-02 3.784823094940576588e-02 9.991516175863169869e-01 -5.544026108214513471e+00
-9.924286636722188248e-01 1.207968584750816338e-01 -2.221410597629407471e-02 5.090927447687022322e+01 -1.215726461845987733e-01 -9.918655215722458340e-01 3.772106594320801670e-02 1.143496564392200554e+01 -1.747681954616714037e-02 4.013609471247273769e-02 9.990413678520935203e-01 -5.488528132116707425e+00
-9.924884997673879550e-01 1.206702043209595954e-01 -2.013155777921904130e-02 5.060869703769242989e+01 -1.213452050245531488e-01 -9.919356973189172866e-01 3.659116836045154392e-02 1.141479758565789027e+01 -1.555374704144739037e-02 3.875918179698342042e-02 9.991275227814511162e-01 -5.438152886541299580e+00
-9.924064444824609588e-01 1.218201174395675823e-01 -1.700905455019127363e-02 5.034821783695380759e+01 -1.223683510261571461e-01 -9.918265198123288329e-01 3.614057642186314923e-02 1.129694529384260981e+01 -1.246738211576922314e-02 3.794751090618871114e-02 9.992019569632577536e-01 -5.497699304582599922e+00
-9.923390599554338110e-01 1.224991797539119187e-01 -1.603561805434396137e-02 4.997476496503698229e+01 -1.230182099923898542e-01 -9.917201058640805478e-01 3.684768154450245720e-02 1.130327784794053869e+01 -1.138903406941504590e-02 3.853806669457580242e-02 9.991922274109272806e-01 -5.508506151287119401e+00
-9.924070242870941527e-01 1.211587807938842992e-01 -2.118603271438129765e-02 4.971633341578838383e+01 -1.218361151986318974e-01 -9.919574198286302824e-01 3.429924605924727921e-02 1.137528085048792548e+01 -1.685998751307477700e-02 3.662003663933977027e-02 9.991870264057637341e-01 -5.411579573899482298e+00
-9.924442019600006049e-01 1.216789224142854203e-01 -1.577167828978058919e-02 4.946569648145142395e+01 -1.221777696981188738e-01 -9.918583951428650014e-01 3.590983954592722599e-02 1.131781073088753153e+01 -1.127380093719301986e-02 3.756546052851104239e-02 9.992305727847349273e-01 -5.536567583773305046e+00
-9.922161684359023237e-01 1.232719430946071087e-01 -1.763811611419059677e-02 4.926042149669640935e+01 -1.238171899237949930e-01 -9.917168137621539259e-01 3.416232985053029719e-02 1.141560271915933633e+01 -1.328075953221823091e-02 3.608031800194529820e-02 9.992606427149655079e-01 -5.477781448705369982e+00
-9.924591052099791533e-01 1.214770777323633394e-01 -1.637815836454488763e-02 4.902972597505847574e+01 -1.219699864676431628e-01 -9.919678768122477397e-01 3.351199447489357219e-02 1.125451772626898617e+01 -1.217566782117916226e-02 3.525692780444307506e-02 9.993041089452702197e-01 -5.458172861029384926e+00
-9.923852463576676719e-01 1.226402739147162135e-01 -1.144054307078520155e-02 4.880976965367123910e+01 -1.229697495313787081e-01 -9.917971223002459702e-01 3.488422132054417452e-02 1.116524161788749581e+01 -7.068487237103661391e-03 3.602542728510104569e-02 9.993258753165079611e-01 -5.527455541349688417e+00
-9.922955956820513901e-01 1.228332285857838407e-01 -1.616937677204742518e-02 4.858039976743276611e+01 -1.233115130692750000e-01 -9.918204635525664781e-01 3.296117144367427532e-02 1.119970440178813931e+01 -1.198839165901211673e-02 3.470109556722732191e-02 9.993258289626383295e-01 -5.443087689129745499e+00
-9.921382724088685379e-01 1.241304685646826694e-01 -1.591462206456413508e-02 4.833000024187217036e+01 -1.246312653321060143e-01 -9.915593897242327426e-01 3.573547748981687616e-02 1.126017040371711886e+01 -1.134443137683738625e-02 3.743799438564180543e-02 9.992345572752759919e-01 -5.509300539101883665e+00
-9.924047614556921193e-01 1.219010305408694539e-01 -1.652053852468177153e-02 4.815599263793761509e+01 -1.224105279046723838e-01 -9.918806710188625697e-01 3.447313616819686066e-02 1.110517952490554272e+01 -1.218409201257540479e-02 3.623359231770476030e-02 9.992690702156168392e-01 -5.542686873838526651e+00
-9.921761588055988401e-01 1.237179885299915516e-01 -1.674303472672889967e-02 4.800497158023333810e+01 -1.242245325292869462e-01 -9.916830034767434299e-01 3.366134479229250520e-02 1.113961927878984426e+01 -1.243926909620099441e-02 3.547787943829713853e-02 9.992930424329561356e-01 -5.528436433026448604e+00
-9.923268742198196879e-01 1.225629234035573029e-01 -1.630044502140581830e-02 4.781760398059060435e+01 -1.230109222253141094e-01 -9.919481052786740527e-01 3.012091378637904437e-02 1.115187996017245275e+01 -1.247748830493756664e-02 3.189492500104835343e-02 9.994133409379613031e-01 -5.511525648114305120e+00
-9.921764535339900881e-01 1.235199820282222721e-01 -1.813006046491793741e-02 4.762203222573280215e+01 -1.240432516942938518e-01 -9.917823650910875255e-01 3.132111114623657711e-02 1.107123017442459023e+01 -1.411229116125363794e-02 3.332498063129951671e-02 9.993449298936296632e-01 -5.525205748642956216e+00
-9.923323070918141919e-01 1.222865323759728395e-01 -1.796096604577473999e-02 4.734595035423242848e+01 -1.228203455997032845e-01 -9.918983436196540104e-01 3.244747496117903612e-02 1.102735450969170472e+01 -1.384756327325402381e-02 3.440464974457726338e-02 9.993120458932466255e-01 -5.538550125785555167e+00
-9.921510722680682015e-01 1.229378763090836074e-01 -2.285887936746186164e-02 4.727473442239319468e+01 -1.236494755176575228e-01 -9.917812577583140499e-01 3.287467054657344095e-02 1.101600180566774689e+01 -1.862946594865036790e-02 3.544312807795036574e-02 9.991980422671563611e-01 -5.453634715747645245e+00
-9.923279377329172757e-01 1.223357857866347043e-01 -1.786671516261852111e-02 4.705971021556099743e+01 -1.228747960346998069e-01 -9.918712389738193469e-01 3.306402570727480505e-02 1.096575697563836371e+01 -1.367656733856980472e-02 3.500572542466499903e-02 9.992935257937611837e-01 -5.546515479000099447e+00
-9.919841532523223648e-01 1.249762963435711721e-01 -1.866453986889695174e-02 4.679639546856397203e+01 -1.255331773288137220e-01 -9.915587169973196779e-01 3.244583388298941107e-02 1.098192262502627159e+01 -1.445202705527401030e-02 3.452877204410570444e-02 9.992992058513404663e-01 -5.592474462761502174e+00
-9.922489303269941274e-01 1.230427119088807197e-01 -1.739400215718182180e-02 4.668688502648564764e+01 -1.235590553356530064e-01 -9.918007594951265826e-01 3.262534765257074643e-02 1.092538675723650243e+01 -1.323707329801046204e-02 3.452165278485733180e-02 9.993162839559379673e-01 -5.602854348441035803e+00
-9.919848469896990206e-01 1.244874815697135373e-01 -2.165479797305575049e-02 4.658910644358528685e+01 -1.251462518660683698e-01 -9.916116335539413296e-01 3.232311625383420262e-02 1.095582791085245233e+01 -1.744932625341749644e-02 3.477405833253482959e-02 9.992428563069076786e-01 -5.481640992375639065e+00
-9.920864144067316204e-01 1.237731392900684596e-01 -2.108924702012176730e-02 4.641408448781135121e+01 -1.244121132134364399e-01 -9.917048142713673631e-01 3.229841229472157904e-02 1.096262571242034234e+01 -1.691663191541021086e-02 3.466657383235415002e-02 9.992557511585131724e-01 -5.522852925728670925e+00
-9.919495371302204934e-01 1.243156623497269908e-01 -2.411911859271752626e-02 4.632117163205234078e+01 -1.250740453284448217e-01 -9.915984609847288134e-01 3.299962663266204493e-02 1.094941459975453846e+01 -1.981411043471378516e-02 3.575064009588690278e-02 9.991642971806065088e-01 -5.539779196738825462e+00
-9.920088523555632420e-01 1.241701357194459066e-01 -2.236546989476276281e-02 4.613082736319539379e+01 -1.248816571941285258e-01 -9.915935337050567622e-01 3.386496140212023886e-02 1.093213843353740700e+01 -1.797243847248679999e-02 3.638737843996608934e-02 9.991761356966144536e-01 -5.567514424239107029e+00
-9.916299327033564204e-01 1.268866474785556309e-01 -2.387164130071642992e-02 4.596418477577692840e+01 -1.276396224227553111e-01 -9.912639964666682957e-01 3.322372791704458067e-02 1.092118935035634486e+01 -1.944745110583345760e-02 3.599261036076843029e-02 9.991628138821541105e-01 -5.482537448458195684e+00
-9.919489457085768347e-01 1.245836952579521539e-01 -2.271985879174442599e-02 4.585192811968423143e+01 -1.253311895080601868e-01 -9.914925006177719435e-01 3.513849961527057419e-02 1.085044054961926463e+01 -1.814888547921881048e-02 3.770310457497336176e-02 9.991241633857479432e-01 -5.491866962621777759e+00
-9.916711537851004010e-01 1.269177139437826785e-01 -2.191384580150112713e-02 4.565840637088405884e+01 -1.276249748596997857e-01 -9.912176731843596045e-01 3.463221273677551809e-02 1.083403181413687477e+01 -1.732594997651848781e-02 3.714052038230514913e-02 9.991598436702421315e-01 -5.514000631098589622e+00
-9.917403402802502654e-01 1.264215395139294262e-01 -2.164929116025821054e-02 4.561683096969105122e+01 -1.271317111006989853e-01 -9.912551604721209220e-01 3.536573016351256260e-02 1.085341942644669544e+01 -1.698898152986395155e-02 3.782593269594232421e-02 9.991399167895655964e-01 -5.529462825564992912e+00
-9.917555744361474801e-01 1.264654883616613545e-01 -2.067270732813437928e-02 4.538628037341601384e+01 -1.270847102586681043e-01 -9.913742812255321724e-01 3.203920946326241359e-02 1.094374904596959297e+01 -1.644253609692195722e-02 3.440224960677605581e-02 9.992727997042121224e-01 -5.565777846464134093e+00
-9.916997643447977850e-01 1.268284524945679503e-01 -2.112157750516368421e-02 4.542637722935794642e+01 -1.274392986294586583e-01 -9.913728973187461158e-01 3.064316606794477080e-02 1.091240353829968868e+01 -1.705293415530507312e-02 3.308053959156512930e-02 9.993071976809861923e-01 -5.556243297863746378e+00
-9.916256829252081406e-01 1.274703321611489748e-01 -2.073208580539286777e-02 4.529224200421236191e+01 -1.280806772704585483e-01 -9.912665065719226121e-01 3.140148179048898175e-02 1.092399824506766315e+01 -1.654826495607521902e-02 3.379389541654107681e-02 9.992918130153570777e-01 -5.616965295330038188e+00
-9.915010260467096437e-01 1.283942874906022491e-01 -2.099100493312568497e-02 4.517604344629401680e+01 -1.290130945336943891e-01 -9.911455166231490921e-01 3.140360356186528562e-02 1.093265951687330428e+01 -1.677309712491889884e-02 3.384481965694812605e-02 9.992863410430599114e-01 -5.596720159916915627e+00
