-0.9929847675929216 0.10137919102239963 -0.06085647834118518 130.61741942895685 -0.103957950009286 -0.9937439764092614 0.04081242433598252 9.165662597299708 -0.056338228214188546 0.046852630427303206 0.9973118043339001 -1.042203007147401
-0.9933198403054165 0.09871201618826178 -0.05976313843569201 129.51426058056552 -0.10135157670936946 -0.9939265743127302 0.0428698352398019 8.424009342795001 -0.05516840358538543 0.04864054620387693 0.9972916045524677 -1.1769677946302781
-0.9938632036569799 0.09893142331641273 -0.04948237966471149 132.34412640701214 -0.1040323933877488 -0.9879980279428522 0.11418037443912785 10.294199149880923 -0.03759246656859023 0.11862744312186539 0.9922269580069215 -2.018477857831108
-0.9960365686176933 0.07759778267505775 -0.043471118000412444 127.4187662930009 -0.08070115487145553 -0.9939215506314607 0.07488173871355698 8.499172954696318 -0.03739622412362798 0.07809311950656438 0.9962444414434821 -2.626287168535675
-0.9940637337169967 0.09332379876939186 -0.05592818512952264 125.51354072642955 -0.09592557612548347 -0.994334651696587 0.045791749043095076 7.958294263084887 -0.05133787250778959 0.05088486040741281 0.9973841555928705 -1.6701387288383387
-0.9784520767626872 0.20260335897265033 -0.039792114944982256 122.1423943292401 -0.20389666274477683 -0.9784804578985082 0.031656664894910834 19.221788629230293 -0.032522060210535844 0.0390880089506443 0.9987063848579039 -2.7793511786777594
-0.9955489982871395 0.08387902238667157 -0.04297093916742327 124.29166190681306 -0.08732590970117587 -0.9924725769130265 0.08586250386796379 9.128729527805998 -0.035445415843748974 0.08923280606968603 0.9953798917079868 -2.9732865989579835
-0.9946665561244233 0.09330097192160884 -0.04397011219077089 122.37319079577648 -0.09665658872324111 -0.991963558069293 0.08164437101780703 8.553583171574884 -0.03599924976957334 0.08545892639736476 0.995691129776224 -3.037822416022903
-0.9964035624859443 0.07463755912361122 -0.040114528956402995 120.49001574000171 -0.0777667912946159 -0.9934997585172786 0.08312975398647954 8.049502438450507 -0.0336491729031236 0.08595036122194233 0.995731022198647 -3.014196364482088
-0.9976193259765695 0.054481837483526224 -0.04227776983811455 118.65179699215048 -0.05796949019607743 -0.9945897902331295 0.08620143485133146 7.5506121834322535 -0.037352625670397814 0.08844703809874062 0.995380280499416 -2.8253109849333207
-0.9903154668543752 0.13551950012072936 -0.03016191631900906 115.30047452380924 -0.1368552334569282 -0.989436927972653 0.0478038768249542 19.031687309274712 -0.0233649563332978 0.05146873469469963 0.9984012460751843 -3.7728743458676965
-0.9901907771785741 0.13679004402228168 -0.028472945876348063 114.00453834050754 -0.1383556095539793 -0.9883621085095533 0.06323027571898684 18.86156222222395 -0.0194923086226845 0.06654942763791864 0.9975927142805467 -4.209846638751854
-0.9946763589574781 0.0881214333871144 -0.05341866629658985 117.57921282768878 -0.09165107214759961 -0.9934883424089737 0.06768304419621489 6.841990640277024 -0.047106495362123316 0.07221860200302607 0.9962757909431681 -2.7015312361054358
-0.9947917995924352 0.08747897943052882 -0.052313512799711866 116.61794077675478 -0.0908204048728229 -0.9937221793474008 0.06532904661633039 6.650540842167282 -0.04627017962348146 0.06973993426190642 0.9964915514176553 -2.699801607875859
-0.99625115090024 0.0811020813390073 -0.03010144070370524 111.86732662409773 -0.08193679887528407 -0.9962548384457052 0.027616260854760624 10.415510121939173 -0.02774896971113059 0.029979147352912135 0.9991652743185019 -3.799507943278427
-0.9998365526830995 -0.010557223679976581 -0.014676952918023456 109.4842958481855 0.010206646504390878 -0.9996656025051636 0.023759367313349055 6.2842172207574505 -0.014922877936957417 0.023605681438314388 0.9996099636947966 -4.233183659721672
-0.9998479828771603 -0.008052209085935355 -0.015465221153360843 108.87335810340157 0.007809690150907035 -0.9998465855829295 0.015678457765792995 6.113802294739034 -0.015589094785547715 0.015555295786429791 0.99975747703969 -4.28677588964914
-0.991500036967394 0.12810457755893706 -0.022735300792151115 107.4760550130023 -0.12896240201619782 -0.9907827392175308 0.04145193041125421 17.782335116013616 -0.017215561561446 0.04403158953584497 0.9988817965921081 -4.435082459335811
-0.9958010153928611 0.07178612042278369 -0.05680748768604161 106.97567365712572 -0.07457700754295087 -0.9960285663038281 0.04863501878980455 9.631424919780349 -0.053090561199641 0.0526673335321959 0.9971998517298943 -2.390437017744977
-0.9919321227390138 0.12204632999732315 -0.03428348308821349 105.73850706545399 -0.12348530761094764 -0.9913896460349713 0.043565451207223486 17.62371462860318 -0.02867128672915075 0.04744747694918668 0.9984621646554542 -3.623054279364549
-0.9974229088902086 0.048421686631333935 -0.05294224291410569 101.98979427901989 -0.05156508098896204 -0.9968827167710916 0.0597150854114059 7.512398352980092 -0.049885701795214295 0.06229116523927467 0.9968105273769652 -3.0735209798573124
-0.9971969850740263 0.04093630433428846 -0.06262900244079318 102.6778778510576 -0.043826387936222136 -0.9980029629435585 0.04548992939492724 8.28590965677143 -0.060641740408254416 0.04810722340088026 0.996999636096688 -2.2233024749128067
-0.9933177179071543 0.11307225304631238 -0.023120918726693935 102.62851833283 -0.11411682334560098 -0.9921880053255594 0.05040151503287852 16.712395410783692 -0.017241285371017503 0.05270320368944375 0.9984613715110032 -4.2985957992162245
-0.9925478875334338 0.12093159346133711 -0.014974667135932982 101.41636112554029 -0.12150531377863145 -0.9915023676972018 0.046470566753624466 17.030838071412845 -0.0092276582341877 0.04794376449287317 0.9988074117515204 -4.717786633266226
-0.9925097152077835 0.12100284256815358 -0.016815983723709 100.43154169193433 -0.12160419008665274 -0.9917260866344565 0.04113137539735574 16.9171326801379 -0.011699836389404795 0.04286818376296588 0.9990122284783755 -4.618045952679172
-0.9928667232331483 0.11813186860591147 -0.01614098869195604 99.35486055633457 -0.11870722259344764 -0.9920746594119055 0.04118817132269552 16.780400714736718 -0.011147430216333137 0.04281041663466437 0.9990210223149177 -4.611352172755426
-0.9931774159041753 0.11168963596806737 -0.03352679160365279 98.75410095467635 -0.11286262179330807 -0.9929795427483294 0.03540700898495744 16.562600391119695 -0.02933682225216566 0.03894936328928191 0.9988104414549892 -3.6174652189124887
-0.9928823183621803 0.11477067267898078 -0.03181814854073487 98.38357001131664 -0.11599958208815064 -0.9924467548358675 0.03991911536009833 16.61711763040543 -0.026996274541509525 0.04332587573924554 0.9986961848591955 -3.884597772526573
-0.9934630682446165 0.11281584452473717 -0.017427485710067133 96.42265366849136 -0.11350331708216325 -0.9924981369312078 0.04543616620532489 16.11805553144027 -0.012170827636216672 0.047117230524108655 0.9988152169157208 -4.67163866075724
-0.993674030363988 0.11064645172834081 -0.019216766120488515 95.45541108467252 -0.11135094266744432 -0.9929520660959296 0.04058524365954476 16.091601489008106 -0.014590714419562473 0.04246830766302026 0.9989912681785446 -4.517125026345274
-0.9925843039752065 0.11837371973492632 -0.027641671045293293 94.76161750845372 -0.11951086046301368 -0.9918603604070894 0.04393381026621629 16.63714616228278 -0.02221606926189833 0.04691149037532951 0.998651970576998 -4.0501809424349355
-0.9931724959045681 0.1158117834507759 -0.01400086399650379 93.32404892506037 -0.11629715530944605 -0.9923624290483084 0.04113126645599 16.161747945809914 -0.009130446080488248 0.04247870322047914 0.9990556514664655 -4.761924843832393
-0.9934286448455351 0.11340311345177861 -0.015468078737117523 92.42368311699826 -0.11395915739988084 -0.9926090439266924 0.04172045493104119 15.840329301692643 -0.010622525362828211 0.04320902422396014 0.999009580625 -4.75676738097063
-0.99347029666495 0.1128617356213627 -0.016703241511803368 91.34572509045495 -0.11346295538503443 -0.9926963827526387 0.04098840598417189 15.769749591839053 -0.011955224789284145 0.042615962999357625 0.9990199959449674 -4.761882056378826
-0.9927547743340551 0.11736211832501878 -0.025769967388631663 90.65762240640389 -0.11835123262606943 -0.992126381434702 0.04096619334497389 16.008312690828973 -0.020759185264294978 0.04371929143469289 0.998828153279443 -4.377835424639304
-0.9932685376712769 0.11371168274616017 -0.022074086151128536 89.6486287890644 -0.11448417525518083 -0.9927123017958852 0.03762525055412115 15.510483323262163 -0.0176347863188724 0.03989911114493092 0.9990480845491582 -4.594524693542016
-0.9932221237564172 0.11381250969589304 -0.02359079306673089 88.78117800676364 -0.1146003200865271 -0.9927851327497729 0.03527671791826249 15.443651669972187 -0.01940565682631527 0.03774112912647501 0.9990991080245262 -4.573472491598596
-0.9934706124141384 0.11168879017471603 -0.023275661511257338 87.96529364432789 -0.11255013100882034 -0.9928511728779397 0.03973684090108975 15.346516948722115 -0.018671108145353887 0.04209706241781768 0.9989390507215229 -4.662418031399815
-0.9934395527337706 0.11189394070754964 -0.02361357865872804 86.97620981346114 -0.1127587019421993 -0.9928498103037238 0.03917562145237371 15.393938223548673 -0.019061222427936692 0.04158124833148154 0.9989532869893135 -4.561326766536408
-0.9930625283704511 0.1152637874912741 -0.02326099825161091 86.0171437363069 -0.11606090925647844 -0.9925727673059412 0.03645774191023432 15.407842474242218 -0.018885975988947028 0.03890450996734968 0.9990644418730714 -4.789197348738921
-0.9930783792748824 0.11203594649244325 -0.0352601660563413 85.29673622874935 -0.11364048151494872 -0.9923919388068967 0.04737172946115628 15.320825396897304 -0.029684568008140975 0.05105082256567283 0.9982547971021946 -4.208591106946265
-0.9930387456651788 0.11483279040469771 -0.026219837062940118 84.1951624359011 -0.11582785329884615 -0.9924534496763554 0.0402499518719009 15.380359004996759 -0.021399953455961667 0.04300674916080199 0.9988455643985769 -4.767337343781726
-0.9930297522853175 0.11487886204367134 -0.02635826496025328 83.29698097087973 -0.11595963396036187 -0.9922794260869264 0.043987542058838335 15.32353416277747 -0.0211015252515898 0.04673743275094947 0.998684303477288 -4.764608189445939
-0.9935016266257469 0.1110825687905841 -0.02480283860535289 82.49792682036082 -0.11217618572000072 -0.9925181324514923 0.04821058091659098 14.746954662560652 -0.019261911880979306 0.05067957839098243 0.9985291979130141 -4.6997097642688495
-0.9934407279227694 0.11217415880234946 -0.022191849883819476 81.66642032506418 -0.11291722301497836 -0.9929637403785726 0.035675075893123256 15.018037567959336 -0.018033880638036067 0.03794691542641056 0.9991170155486101 -4.826967928653687
-0.9933927751437154 0.1125521172920016 -0.02242354087456273 80.82507086956412 -0.11334809527127986 -0.9928238434758037 0.03811856666122093 14.971165805134708 -0.01797230064956344 0.04040837436746032 0.9990216012130773 -4.894209767807752
-0.993023874788879 0.11202060809684801 -0.03680988265258728 79.99348482781531 -0.11366307183885106 -0.9924515309316482 0.046050676993785435 14.949824654922862 -0.03137339955185925 0.04991334604134042 0.9982606712114458 -4.2642549500720985
-0.9934062865900938 0.11240306303083214 -0.022572132920260137 79.21191673988065 -0.11323761102683876 -0.9927657060261061 0.03991862206319918 14.836035601818955 -0.017921864083223323 0.0422114245172665 0.9989479478070964 -4.868940373515155
-0.9932492798082561 0.11228610130784339 -0.029115281442333128 78.2113071667184 -0.11334715096415408 -0.9928365602310091 0.03778872896739455 14.791508192728527 -0.02466356682823622 0.040833762032741916 0.9988615080928699 -4.540542984731351
-0.9936764472795765 0.10902279737302349 -0.02685419473397596 77.30344299146938 -0.11016379584301801 -0.9928721023076493 0.045485454209651256 14.476827373910911 -0.021703829323582814 0.04815618456814608 0.9986039884161003 -4.717550163112825
-0.9935372945027523 0.11049712698743962 -0.02596207541150226 76.68861802958168 -0.11157282847001701 -0.9927607132819655 0.044471003036582336 14.505596478886405 -0.020860210434011074 0.047080262227402796 0.9986732701585915 -4.882343238542909
-0.9933438223872423 0.11112256168389037 -0.0303286466877786 76.1514632645988 -0.11235830723988896 -0.9927524223032457 0.04264081149815286 14.70534901900411 -0.0253704812585169 0.04576466208598444 0.9986300287818659 -4.678948339716122
-0.993362305158831 0.10814891921220922 -0.039180887723080475 75.36069901258556 -0.11029894045778971 -0.9922251550124102 0.05764881173526632 14.36328809138486 -0.03264160571152023 0.061587766917062824 0.997567778420474 -4.311091280255569
-0.9934340076233436 0.11120955150242803 -0.026857180642417613 74.74839583141112 -0.112289289837847 -0.9927556193870076 0.04274804747862074 14.291799235418141 -0.021908625815949923 0.04548313786614269 0.998724835119621 -4.936599359989913
-0.9931507604304062 0.11435375962506586 -0.023974668217283734 73.6493081225698 -0.11531280397080902 -0.9923805849126706 0.04340198070115095 14.234397814895667 -0.018828815600203937 0.04586929635393854 0.9987699852093564 -4.970064235978764
-0.9935773583410363 0.11069990537780833 -0.02344278015492088 73.13202002955447 -0.11163542992647627 -0.9928056856115066 0.04329435763002464 13.995669876586243 -0.018481444131309324 0.04563333832637846 0.9987872819855148 -5.0640973973074095
-0.9934219889422644 0.11193158867777421 -0.024167567980007767 72.03723892622318 -0.11289464522004343 -0.9926738201575813 0.043052129498959285 13.981021307435611 -0.019171618779852448 0.045497321127990195 0.9987804777845555 -5.002581482096055
-0.993762547893946 0.10738191826108562 -0.03008524611681596 71.81032253810432 -0.1086888812644715 -0.9930190409617347 0.04582478998223292 14.032322121148415 -0.024954468393814717 0.04880889179245156 0.9984963528171658 -4.761122500848603
-0.9939549865902715 0.10668110685627574 -0.025935035613117247 70.86214011950278 -0.10777014040763999 -0.9931557755956542 0.04502446265654181 13.784448454867828 -0.02095427089763744 0.047547311605519976 0.9986491734789751 -4.960919073216442
-0.993584309891207 0.11050061926659503 -0.024079706802908853 70.0441808639837 -0.11152499683808877 -0.9926761264832762 0.046435794280115315 13.895310268251677 -0.01877216605187555 0.04882336583911495 0.9986310052916785 -5.093717048768407
-0.9939894876656624 0.10693105417422683 -0.02346589148841616 69.53572415505195 -0.1079461919929168 -0.993026715752299 0.04738735523778605 13.634892581336747 -0.018235077306836663 0.04963558658253105 0.9986009165328403 -5.079118786910039
-0.9937360513200927 0.10836035636337545 -0.02732569259080518 68.67669395237269 -0.10967532115265452 -0.99258637226796 0.052379552479959686 13.621438564785798 -0.021447243105534072 0.05504840376196345 0.9982533190560624 -5.065186533741727
-0.9936089636913815 0.1093354221599343 -0.028053390762142666 68.06700822813718 -0.11050930471429332 -0.992882452225814 0.044408666199533944 13.28660940262925 -0.022998279146679422 0.047225009509438066 0.9986194859069873 -4.936487234499531
-0.9935499886618495 0.11043554444259819 -0.025737337735398613 67.33907389889015 -0.1115090694038255 -0.9927496576411303 0.044875880984264836 13.47318249649723 -0.02059484087657255 0.047456377622913014 0.9986609758833008 -5.096490202661636
-0.9936069041479683 0.10988894323011389 -0.025879338964846385 66.595549660309 -0.11098736550654124 -0.9927691466929786 0.04572992534885769 13.38246701027828 -0.020666996090530923 0.048309849205555346 0.9986185626866395 -5.105922962618248
-0.9941923326420519 0.10450523731903678 -0.025695546085950552 66.09658651129682 -0.10577019761850771 -0.992916009771036 0.054133749510918754 13.17445199935831 -0.019856258748941914 0.0565371816883471 0.9982030234753039 -5.143889346909165
-0.993344831840189 0.11168108290151266 -0.028167015786817316 65.34541211463119 -0.112856727638628 -0.9926220484265406 0.044326380454514855 13.274814603231965 -0.02300878273810867 0.04721021816771998 0.9986199433305295 -5.200168438622163
-0.9932860648904807 0.11076734425199136 -0.03336748030268714 64.79649262792992 -0.11231970863527581 -0.9924666395464139 0.048931098899735084 13.185024598013282 -0.027696143169683857 0.052350404342375895 0.9982446387628244 -5.002795667114625
-0.9932038627662607 0.11337970925804147 -0.026289323208073808 64.23143813980495 -0.1144150682265459 -0.9925469809407904 0.041948573134686175 13.353402324638294 -0.021337271355349886 0.044671379583384865 0.9987738426176492 -5.195412757717301
-0.9936150666022897 0.10916455587164266 -0.028499108096124163 63.61188986490836 -0.11026926994639688 -0.9930724009870225 0.04059426687791208 13.202018938765855 -0.023870222588344512 0.04347765103145092 0.9987691957276082 -5.165612145108384
-0.9934526453778895 0.11106806137854505 -0.02675307708078694 63.03177045005101 -0.1121968159976135 -0.992656527027474 0.04522050231649142 12.898253511116149 -0.021534063055455493 0.0479260377182382 0.998618735572771 -5.202757473664221
-0.9938399999898175 0.10721630222288328 -0.028048510796548687 62.46659028289988 -0.10848883149429817 -0.9929060543857732 0.04865943490306868 12.82279836367251 -0.02263245150783565 0.05140264294504271 0.9984215244259436 -5.1751340730847035
-0.9931111218001247 0.11189338276825933 -0.034787507090539765 62.02763126918959 -0.11356922377670735 -0.9922382072656072 0.050649496079364316 12.902850147981335 -0.028850150218928918 0.0542513680473878 0.9981104437372331 -4.985091503147342
-0.992781580376749 0.11622928584664655 -0.029588625791379334 61.31054495500077 -0.1175467516589579 -0.9919279190643127 0.04755801252336234 13.00147134694545 -0.02382215017733918 0.05069276568035002 0.998430142107408 -5.228072637083373
-0.9927904016494907 0.11680409276807828 -0.02690766257528664 60.45217220273233 -0.11803258006676894 -0.9917602784456148 0.04979819414654707 12.380495561785267 -0.020869318039210903 0.052615150005496915 0.9983967736098104 -5.2828685929323225
-0.9928375594506634 0.11516752729626618 -0.03178083070851356 60.07862690810921 -0.11666984615652619 -0.991893458520083 0.05035388706833006 12.764157552111266 -0.025724065422693686 0.05370109497526365 0.9982256582840331 -5.177480080599868
-0.9921301912330472 0.12151552249753887 -0.030193731734081086 59.1926453730857 -0.12300810603178637 -0.9909456634981169 0.053811688737260686 12.673229802327905 -0.02338139205332997 0.05710227479211259 0.9980945049038327 -5.212873373906258
-0.9927112955418387 0.11765155426548053 -0.02612270052200179 59.43395918469926 -0.11883618488211614 -0.991668496096561 0.04971473636912803 12.48359761882386 -0.02005604313690764 0.052456702417370576 0.9984217793624078 -5.334301566604386
-0.992441664464893 0.11988164685669182 -0.02622848415523409 58.4558885385676 -0.12101948679285349 -0.9915253156762335 0.047242271214893335 12.548429499166552 -0.020342724757235617 0.05005935596943144 0.998539050027282 -5.365436188862005
-0.9921574552815831 0.12200266283474888 -0.027183343988665815 57.70590811202065 -0.12329107335697524 -0.9909942936467169 0.05224577676838957 12.424120623901626 -0.02056441488739011 0.055187500585529306 0.9982642158364033 -5.363651588956081
-0.9916425867582033 0.12682779478574163 -0.02365778090366266 57.290459027355894 -0.1278246524519773 -0.9906868890883673 0.046907845974305716 12.52021713143982 -0.017488234703113233 0.049539865343011504 0.9986190281527653 -5.45677362987347
-0.9914755666505475 0.1279721208754047 -0.024481360534871533 56.80601979551634 -0.12899714837335496 -0.9905647064666638 0.04627416140960537 12.504764654861265 -0.018328569134811484 0.049037726102165405 0.9986287423122843 -5.4549304000237
-0.9923800591751252 0.1209928843272137 -0.023292490072146458 56.969113130696336 -0.12194610136537422 -0.991510143826089 0.04513073289630494 12.072983638973032 -0.017634242636576643 0.04762726773764162 0.9987095057395261 -5.471989064259775
-0.9921914077351037 0.12245307395747414 -0.023695043680170374 55.84357695621479 -0.12351083884431849 -0.9910813137923469 0.05002901297862064 12.277167461366869 -0.01735750859461978 0.052564951536245685 0.9984666457951371 -5.470805937906716
-0.9918052709664437 0.12548691505623774 -0.023986217560376603 55.26449654100669 -0.12655490069856232 -0.9907021367395931 0.04993128647237582 12.179978611575144 -0.017497473885158148 0.05255768649092512 0.9984645852499563 -5.461782779689263
-0.9919455976865006 0.12380748315130458 -0.026751417646757567 54.767717891220464 -0.1249875026135267 -0.990987292132506 0.048190362338495586 12.096696913202347 -0.02054398746118749 0.05114581065562761 0.9984798699180543 -5.459334690466548
-0.9914519403541341 0.1269515103677955 -0.030105879548148588 54.0645931792732 -0.1283037309855136 -0.99055799963382 0.04830115916464125 12.354349411640117 -0.02368971471396413 0.05175097464576508 0.9983790032046935 -5.44589156912661
-0.9922709884684047 0.12221515627940263 -0.021488159984854226 53.99298983396418 -0.12304301738884274 -0.9914814657709197 0.042719069566061196 11.904962548497178 -0.016084194595376574 0.04503286142743671 0.9988560156878856 -5.573614140611444
-0.9920043800114033 0.12373321201602172 -0.024847581017035394 53.52499741170351 -0.12477346403786399 -0.9911218022065684 0.045925546951552015 12.221070014477746 -0.018944463840169682 0.048658662486815794 0.9986357903934805 -5.504548341440566
-0.9922689863987274 0.12188601022096306 -0.023367908414324973 52.99269653639762 -0.12281520956133278 -0.9914704009378009 0.043621879425847596 11.942171579714442 -0.017851692683072094 0.04615457265160842 0.9987747856707745 -5.5239422957047974
-0.9924078891116783 0.12072304061840029 -0.023505937393656536 52.74268302736648 -0.12164208476605362 -0.9916569304877005 0.04265835708848438 11.874020163465172 -0.01815997914852204 0.04519380134009934 0.9988131634483843 -5.553785370943132
-0.9928014956349811 0.11789944426071296 -0.021092920802060492 52.80833375310173 -0.11863494503059205 -0.9922143449837091 0.0379004409754985 11.732776029692229 -0.016460257669162426 0.04012997198558724 0.9990588797793164 -5.651801516216372
-0.9927114355461875 0.11907871528889159 -0.01855438764762429 52.02849709027477 -0.11971277464999737 -0.9920826186188816 0.0379595761291546 11.514970439878462 -0.013887307925954304 0.03990410253912658 0.9991070039185642 -5.671226794575041
-0.9926163654165097 0.11992247394112913 -0.018203058840755643 51.296818089366106 -0.12059095712538742 -0.9918284355809672 0.04164343204633155 11.642331420144682 -0.01306032797841948 0.04353107644951532 0.9989667027565261 -5.657022057282349
-0.9930481017765764 0.11608237773643622 -0.019502541808557896 51.02060736972901 -0.11678085573312422 -0.9923671606694134 0.03961881067330298 11.535741523705024 -0.014754636294348377 0.041620908255143425 0.9990245245757694 -5.634430704182725
-0.9925003787021919 0.12049964305068167 -0.02056293511822072 51.10869823026751 -0.12114742692381589 -0.9920566270054627 0.033866646782578065 11.553196283874215 -0.016318677206089895 0.036103806436655624 0.9992147996977662 -5.664232536304209
-0.992708063504251 0.11892181124765305 -0.019705417103448915 49.949305420913326 -0.11964615265746141 -0.991972586114918 0.04092904287609496 11.35600960718215 -0.014679877653123176 0.04298826823754883 0.9989677221942864 -5.698774018834903
-0.993146694145681 0.11575472256641328 -0.01613964408160118 49.71478666909316 -0.1162821388639235 -0.9925318717898296 0.036863907316050555 11.19896399374076 -0.011751939786249825 0.0384880200185393 0.9991899540259195 -5.798063893090573
-0.9928773217654345 0.11790272824950948 -0.01713390192658465 49.580575030673785 -0.11848903175112949 -0.9922046585612547 0.03860394907296161 11.365030652005627 -0.012448826393981567 0.04035916501453081 0.999107684146584 -5.746483974559717
-0.9935097730933705 0.11266163966665199 -0.01567436491805122 49.30193129780479 -0.11318946965965176 -0.9928346111861354 0.03830899096874717 11.131799387044206 -0.01124609826248897 0.03983452997712192 0.9991430005236365 -5.659512251429419
-0.9938869320489504 0.10963662848275124 -0.012983681961185045 48.81332020684205 -0.11007237024564687 -0.9931277436856134 0.039766292641344965 11.02997745689561 -0.008534612518387727 0.040952343240250204 0.9991246498672275 -5.70034600091393
-0.9943196555787835 0.10575813988685118 -0.011984922918731584 48.49821165203599 -0.1061230399461979 -0.9937152780735403 0.03560683243160468 10.936255250924582 -0.008143888645647893 0.036676449813300926 0.9992940083413034 -5.7671714279383535
-0.9945169740802403 0.10363146482570798 -0.014018122711966292 48.15118833862237 -0.10408829290882304 -0.9938733117442522 0.037168097635561455 10.845948304078238 -0.010080453641420942 0.038423426455712235 0.9992107008803517 -5.71381142509468
-0.9943593966132486 0.10527192826037828 -0.012931028083151897 48.06167341122786 -0.10568827621689696 -0.9936947211061812 0.03742712273223768 10.817006364789457 -0.008909468965443264 0.03858266924481813 0.999215691928782 -5.737496697575735
-0.9937687083914426 0.11109905406569637 -0.008986345626112243 47.67666283109097 -0.11134120459000475 -0.9932119837469897 0.03366142453643861 11.173561393980409 -0.005185593741444808 0.034452220931065945 0.9993928927556386 -5.818579512871637
-0.996018588899574 0.08876864358591106 -0.00819136633465171 47.09940347223463 -0.08898473508822638 -0.9955338727105656 0.03152816530002575 10.72696697243108 -0.0053560701814909985 0.032131545276023396 0.9994692973325364 -5.798649949545098
-0.9943812241759571 0.10551727023504866 -0.008490388005274617 46.93584198547945 -0.10575520146231618 -0.9937513694155868 0.03569388110467397 10.819524687891889 -0.004671013808851587 0.03639122788244736 0.9993267034174639 -5.794347633607257
-0.9941583097441353 0.10771842532887685 -0.0067820359300808306 46.794543810704575 -0.10788497930816718 -0.9936130343684807 0.033075204802696184 10.6756062172772 -0.0031759103209070944 0.03361366950707334 0.9994298548752238 -5.770791777366246
-0.9934519214214012 0.1131690772066407 -0.01568565549566189 46.66900601908798 -0.1137549592572294 -0.9925515633861527 0.04360278963655951 10.801813461748532 -0.010634334418151129 0.04510159624560481 0.9989258015226116 -5.6092655936565325
-0.993321095034213 0.11515636359216327 -0.00722593137676195 46.53453532285849 -0.11533454153601727 -0.9927682468160075 0.03330392833502912 10.808733949439366 -0.0033385159441247396 0.03391489404520157 0.9994191484423325 -5.761502247720863
-0.9936039288264796 0.11284494915800344 -0.004153320372260693 46.172059167204274 -0.11291561945792238 -0.9932519124900299 0.026470761555604294 10.731682353738893 -0.001138201661015925 0.026770427423318276 0.9996409599013845 -5.866380405340307
-0.993773116320163 0.11133397972085955 -0.004442773776651807 45.890671838034756 -0.11140999085530243 -0.9934701239877327 0.024595257295298014 10.734867076911764 -0.0016754751377956027 0.024937074874873424 0.9996876187488534 -5.8643228179535445
-0.9934264442180945 0.11438923339383261 -0.004359267342895819 45.84481809387844 -0.11446286930014318 -0.9931123111456246 0.025023768752457126 10.539765489634176 -0.0014667923415869041 0.025358247860803568 0.9996773518419153 -5.838083072216504
-0.9930074111301147 0.11787914558643561 -0.006386585667492825 45.59489775360213 -0.11800981710660705 -0.9926452458041978 0.027001834174630254 10.680617435794478 -0.0031566607579859942 0.027566701256070563 0.9996149821179783 -5.8450817159949855
-0.9931439552465754 0.11664527612883734 -0.007678783368808076 45.66919426697805 -0.1168167638405137 -0.9927571340244167 0.028055597114686373 10.533711421555248 -0.004350614097610313 0.028760257308660293 0.9995768703589173 -5.917020345773833
-0.9932597867607107 0.11564659055656405 -0.007801416327445713 45.46512081965116 -0.1158371191081031 -0.992766279730139 0.031573337921697614 10.370546520244897 -0.0040936341808896675 0.03226422048376334 0.9994709911927285 -5.8905384753023435
-0.9925772392707833 0.12081210785239425 -0.013959178982035957 45.14144538864434 -0.12120398746591174 -0.9921164071994429 0.03185322570845858 10.523727484348832 -0.010000875159374638 0.033308694989944085 0.9993950736991428 -5.869204035297955
-0.9929577121791845 0.11748729332487937 -0.015222277460179767 44.926462653783176 -0.11791536821758428 -0.9925334479935977 0.031198085711303523 10.655942446537935 -0.011443240886728889 0.032773320264093325 0.9993972992343337 -5.909890528643101
-0.9931074055278649 0.11631188620816243 -0.014464653898993424 44.84679008797301 -0.11669085935698892 -0.9927472762938206 0.028915199354936288 10.998734835585173 -0.010996564383700847 0.030403791505476632 0.9994772058600717 -5.862710853246934
-0.9932805257111463 0.11422558418158407 -0.018609491163566645 44.79169227707321 -0.11473164175468988 -0.9929767726110625 0.02887523913659921 10.937440871348077 -0.015180501416771446 0.030816310183051584 0.999409779521615 -5.873401882169386
-0.9932763027192534 0.11464271422259013 -0.01610076184711436 44.625820106569854 -0.1151241492355866 -0.9927996865665175 0.033093996679390385 10.506986068521837 -0.012190845711498574 0.03472506917360177 0.9993225469545552 -5.850610185216706
-0.9929691478730025 0.1178454823171737 -0.01116752747030545 44.493048361019795 -0.11814212807776397 -0.9925036216189042 0.03128895406714359 10.575948468918961 -0.007396549575564394 0.03238832151859781 0.9994479914850966 -5.8274371500272695
-0.9926964216751138 0.11981751775653592 -0.01405620262007791 44.43099526932219 -0.12025241237185325 -0.9920967023373615 0.035825836069715566 10.578587684187786 -0.009652549517338987 0.0372544715437774 0.9992591919206115 -5.7901010969346185
-0.9925918253886122 0.12129351916997963 -0.0070249824957412145 44.33625350872726 -0.1214618556090037 -0.9920326758780215 0.03343931252754787 10.547945625883798 -0.0029130402881553837 0.03404485567101251 0.9994160605066464 -5.801776234124725
-0.9920623687893463 0.12556952410656858 -0.006674657124460425 44.38223741566632 -0.1257284226973413 -0.9914264001968929 0.035581690778832005 10.92033474741808 -0.002149455307447187 0.03613845055188175 0.9993444812643976 -5.813442936982016
-0.9922897393987039 0.12361068767076826 -0.009026127498491519 44.217623405129295 -0.12384880907412661 -0.9917183346945073 0.03400319281603177 11.042772305369633 -0.004748218084552996 0.034858894479383166 0.9993809643477861 -5.816673909418329
-0.9912416184385592 0.13180133900753466 -0.008274110896741429 44.357413077494684 -0.13201763293798685 -0.9905725597434601 0.03656977545386127 10.707267231252082 -0.0033761618385626116 0.037341811942074116 0.9992968480947669 -5.831209307399886
-0.9920568840270425 0.12551150128999786 -0.008366713721117641 44.08171183389792 -0.12572923388956306 -0.9914495515590721 0.03492773194556978 10.753764283172515 -0.003911342493682252 0.035702237426383086 0.9993548176912285 -5.823708448055059
-0.9923991506582518 0.12265465886794918 -0.009988014355830254 43.957116027573974 -0.12291838848141906 -0.991883152294467 0.03254046661503219 10.967554069636611 -0.005915703332352544 0.033520842059528794 0.9994205108970453 -5.822794434237853
-0.992007081834925 0.12587563242391817 -0.008790605851798356 44.08586430996463 -0.12608656646955357 -0.9915587216327537 0.030223820240689064 11.135706363822646 -0.004911959413722939 0.031090621027909503 0.999504500209391 -5.84649930108697
-0.9926315549121859 0.12078399826797084 -0.009686173394316265 43.642591567711875 -0.12104109336421491 -0.9920993770501076 0.032983022511357846 10.826890441075179 -0.005625825256616134 0.03391241393931603 0.9994089744799183 -5.855318384247472
-0.9926079955523036 0.12098401713684012 -0.009603893120982502 43.59963743400144 -0.1212383020504103 -0.992074773154016 0.032998766451917766 10.810393869525218 -0.005535456763480703 0.03391919911859802 0.9994092488313159 -5.831286523715995
-0.9926237692169135 0.12057015427977638 -0.012684269098563943 43.42176931706128 -0.12094937316005344 -0.992030154501905 0.03531885744356679 10.770860622696059 -0.008324777342635816 0.03659249179653267 0.9992955957204686 -5.84161272746709
-0.9927595587291298 0.1195302079553541 -0.011873834178729756 43.37900168558085 -0.11988510914054278 -0.9921370373620726 0.03593966751060763 10.728301973399342 -0.007484594732824229 0.03710294436513588 0.9992834194367138 -5.852297599248192
-0.992442862273384 0.12214399345026393 -0.011747765176443058 43.33739556450416 -0.12246370053471527 -0.9919540333771635 0.032091084714067214 10.880191172453895 -0.007733509808813539 0.0332872427636065 0.999415905564465 -5.94808216330437
-0.9926895229168541 0.12006078881928278 -0.012366004981555243 43.18895216838837 -0.12044887519324443 -0.9919964478897659 0.037882922785483775 10.779606516086616 -0.007718779423884739 0.039095451937280076 0.9992056675590022 -5.880856711140722
-0.9927239652843779 0.1196677335400872 -0.013370201922479225 43.12455522823302 -0.12007475979685682 -0.9921279250850942 0.03555604485982418 10.76184447227723 -0.009010039389293166 0.036902761627350754 0.9992782422200976 -5.856036825798551
-0.9930764427245594 0.1170234884319699 -0.010231425157688958 43.35156006276466 -0.11733960958054339 -0.9923063201934742 0.03949155514258465 10.486327455344382 -0.005531268302172445 0.04041868453211425 0.9991675209951882 -5.810790283655746
-0.9926334197016343 0.12089775976199003 -0.007913644923617123 43.10357472967694 -0.12110330504132116 -0.9920139923071291 0.03524526315610996 10.562122907651231 -0.0035893731365829883 0.03594399465010688 0.9993473598549625 -5.879093933252394
-0.9925996980516704 0.12110840960042726 -0.008865244035080483 43.085831093295035 -0.12134468818855836 -0.9920106003737534 0.034502686772692484 10.701320093155756 -0.004615850535717507 0.03532310674569789 0.9993652845950141 -5.898237446235302
-0.9918699088979767 0.1269847528372448 -0.008303997205673841 42.983266153810504 -0.12718538350611497 -0.9913800923694099 0.031454581161185234 11.047882275899363 -0.004238165302444024 0.032254999620005796 0.9994706863907454 -6.064153598698952
-0.9928544670327722 0.11898449330912066 -0.00909382455557274 43.014543823914565 -0.11923154477182209 -0.9922565629631181 0.0347958616497592 10.87192038090592 -0.004883239130051294 0.03563149742286234 0.9993530659216525 -5.987340584371747
-0.991395471586854 0.13068280862556736 -0.007551320865681396 43.383916310109434 -0.13086543143865925 -0.9908179761819047 0.033970235930409515 10.980383704080596 -0.0030426586165755503 0.034666144933163896 0.9993943168859916 -5.983575778090702
-0.9921962145781046 0.12441118768295617 -0.008278173482503754 42.902027874673244 -0.1246169525170972 -0.9916703727977157 0.03256511723602625 10.903353059912929 -0.004157754471109913 0.03334258680067465 0.9994353330672325 -6.0184588209408325
-0.9921196684024335 0.12500205508125978 -0.00854691725182812 43.01660901324908 -0.125207860379023 -0.9916566035414933 0.030662230053528618 11.191156831158622 -0.004642765162632603 0.031490742735123874 0.9994932605343789 -6.062548416966905
-0.9933562691641658 0.11478222900083318 -0.008268156860042149 43.03679366621747 -0.11501451524396956 -0.9926451252066169 0.037779844980392524 10.006840592821622 -0.003870890783409019 0.038479803912541674 0.9992518806063895 -5.977592133074133
-0.9926766582716102 0.12035995286144574 -0.010321524592608086 43.2588372786674 -0.12066064283782243 -0.9920195600505246 0.03658143992710723 10.116343031135957 -0.005836213900179148 0.037558943334014466 0.9992773710952155 -5.926212794954712
-0.9923282582249536 0.1232397401122019 -0.009828244263966944 42.9049467911714 -0.12349690506253932 -0.9918164423352497 0.032383007170874584 11.006484532610294 -0.0057569408724991765 0.03334833085075874 0.9994272091859797 -6.0468377160973645
-0.9918363338216489 0.12722365599892915 -0.008650333260046938 42.754386607890275 -0.12742841129037288 -0.9913948931067689 0.029969416374663924 10.971276790718406 -0.0047630774983431975 0.03082705428828089 0.9995133845110141 -6.128376651176929
-0.9918783314697658 0.12685298281981003 -0.009257230172931652 42.7171921417105 -0.12708048016750634 -0.9914174959009362 0.030690395597264702 11.044454119585282 -0.005284611731593424 0.03161755163255899 0.9994860695915775 -6.1541361270910055
-0.9917156390401473 0.1281628378786157 -0.008624283743895237 42.795992315243545 -0.12834942633825008 -0.9913740140538302 0.026532791361729223 11.422077270155123 -0.005149372955764075 0.027419906011923456 0.9996107405947945 -6.208895514375668
-0.992247444341008 0.12336541433724621 -0.015032755706792113 42.51894271112504 -0.12383879329672963 -0.9916410101766103 0.03622237168834223 10.6658947911452 -0.010438509163211297 0.03780319406238122 0.9992306820975567 -5.967048281122085
-0.9921759932400942 0.1242341237510841 -0.01235641266071154 42.71881005311802 -0.12458378404515624 -0.9916469053536395 0.03339604550768821 10.924458419081493 -0.008104269925868022 0.03467416326837651 0.9993658105071549 -6.0482172447922755
-0.9921277988441757 0.12472710993627376 -0.011206195052988997 42.88705439628783 -0.12502437569299915 -0.9916487031010037 0.031650515330388485 11.087245243230162 -0.007164931485840263 0.03280240364741582 0.9994361740860539 -6.108762186151651
-0.9935147257982235 0.11310137341496362 -0.011686272020501235 42.83540702135203 -0.11344504421695593 -0.992932953785667 0.03484782961808556 10.005653557889964 -0.007662347205722843 0.03594758153377244 0.9993243016244442 -6.030274535627476
-0.9911784271208536 0.13191996162643013 -0.01274556137339679 43.21405922357244 -0.132235690275577 -0.9908133056792995 0.028332234402085953 10.893447396625318 -0.008890884521999317 0.029767717637639395 0.9995173010804156 -6.02225326496588
-0.9919372370020544 0.12611971181977566 -0.012423209699290715 42.93013332205111 -0.12642764666454523 -0.9915722895079708 0.028292133867806473 10.880800615473655 -0.008750314714388934 0.029634658264025504 0.999522495505718 -6.071794451710603
-0.9919996389764311 0.12562951685298027 -0.012407286807677912 43.18054933049943 -0.12596701230712196 -0.9915249257829409 0.03179046022880532 10.457856852425472 -0.008308313972071676 0.033099033919869944 0.9994175433083632 -5.954505555311757
-0.9925475325940598 0.12115384124547904 -0.013082136404924536 42.8237659065874 -0.12153945282934417 -0.9919894622154736 0.034424820397577376 10.261160273586077 -0.008806642231598232 0.0357582662461023 0.9993216646544252 -5.992281503442612
-0.9917800631203941 0.12752094248065765 -0.010522149293457055 43.36086511463962 -0.12777393683121183 -0.9913925080479286 0.028543231300791616 10.988878517417904 -0.006791720221174695 0.029653064180309743 0.9995371770580462 -6.0098653845038035
-0.9921413165846596 0.12473538760673453 -0.009833158407296597 43.37636823948592 -0.12497012615599953 -0.9917449603102523 0.028712388750731895 10.923857000727345 -0.006170534354430943 0.029715598224113196 0.9995393477637439 -6.035947554649844
-0.9928818523659726 0.11828414397911134 -0.013945914292198297 42.78100994745706 -0.11871532703388356 -0.9922837959567058 0.03577065010580417 10.204057012252711 -0.009607204044607975 0.03717162311337063 0.9992627142376359 -5.982359025709949
-0.992454558074893 0.1220118874222147 -0.01212639616886164 43.29282558496254 -0.12231968346590219 -0.9920632227492826 0.02912828702670571 10.656217148980234 -0.008476154386111063 0.030391798169525027 0.9995021227645575 -6.024818430046093
-0.9929173358211517 0.1180547854801173 -0.01335035022286271 42.67185210567172 -0.11845605801737476 -0.9923458674195987 0.03489758923234697 10.434934330269598 -0.009128337461664027 0.03623185118771437 0.9993017194094619 -6.035556120464056
-0.9930839847561473 0.1168462622961824 -0.011452083141333646 42.75796287142137 -0.11718863773854002 -0.9924519304403419 0.03613846911843421 10.165043895043729 -0.007142996979584787 0.0372305889377227 0.9992811720639535 -5.97055845552434
-0.9918560197787046 0.12720210430209386 -0.006423448440247778 43.39076738431969 -0.12733655500316096 -0.9914293750500777 0.029209519813502373 11.06469945957766 -0.0026528830868499816 0.029789577857489 0.9995526715798436 -6.148386504984033
-0.9919912020040532 0.12603606242722365 -0.008268380398080095 43.18405839486257 -0.1262076670207977 -0.9916805800057427 0.02532295450074656 10.711080710767702 -0.00500798679457827 0.026163681073571362 0.9996451279633981 -6.112551567377303
