1.000000000000000000e+00 0.000000000000000000e+00 0.000000000000000000e+00 0.000000000000000000e+00 0.000000000000000000e+00 1.000000000000000000e+00 0.000000000000000000e+00 0.000000000000000000e+00 0.000000000000000000e+00 0.000000000000000000e+00 1.000000000000000000e+00 0.000000000000000000e+00
9.999987521563228343e-01 -2.860416100380245522e-04 -1.553662123654153682e-03 1.120998285051856280e+00 2.856255993780347979e-04 9.999999233032688117e-01 -2.679766284398315971e-04 -7.669265160173528717e-03 1.553738656959598955e-03 2.675325283715905252e-04 9.999987571604936898e-01 -8.006647250326161258e-03
9.999975594815282420e-01 -5.404686272343292575e-04 -2.142177548753242382e-03 2.267322758363164770e+00 5.405953112213625344e-04 9.999998521637442073e-01 5.855936410200510340e-05 -2.479300983263199587e-02 2.142145582562606908e-03 -5.971727232545498995e-05 9.999977038204390656e-01 -5.768600245403585070e-03
9.999963275493822801e-01 -8.347901080131613170e-04 -2.578374143563946785e-03 3.413879298715272181e+00 8.329341458788979552e-04 9.999993933275554969e-01 -7.208087330016478512e-04 -3.402179872181276821e-02 2.578974303335481236e-03 7.186584700021454416e-04 9.999964162043513127e-01 6.760717409765871697e-03
9.999955671809953595e-01 -1.092104715418898810e-03 -2.770004629968683511e-03 4.529096014106187340e+00 1.089675156592767634e-03 9.999990204635436086e-01 -8.784531896320295482e-04 -4.488963409272005156e-02 2.770961279518835765e-03 8.754308903791120861e-04 9.999957776882578697e-01 -7.297073278915679889e-03
9.999947997387106380e-01 -1.154148479847291481e-03 -3.011384535787140111e-03 5.649444750329831955e+00 1.151439308755863086e-03 9.999989309929134818e-01 -9.012216977063667580e-04 -6.222373062907156360e-02 3.012421460248144653e-03 8.977495845897742527e-04 9.999950596691111748e-01 -5.942964406391790244e-03
9.999938232393654758e-01 -1.495925849652235884e-03 -3.180517091455751285e-03 6.768360777581983179e+00 1.491624743627188677e-03 9.999979705001896813e-01 -1.354271437304415326e-03 -7.540867940663424640e-02 3.182536526247426844e-03 1.349518934302768253e-03 9.999940251121028911e-01 -4.579418228130733085e-03
9.999912893137711256e-01 -2.019185234349048577e-03 -3.652969692071246499e-03 7.893433177540653212e+00 2.013209727685868339e-03 9.999966307655900888e-01 -1.638732455419078049e-03 -8.183442156163610315e-02 3.656266288737092425e-03 1.631363986815826143e-03 9.999919851520653324e-01 2.128642632334402755e-03
9.999906281896726590e-01 -1.887204685109863988e-03 -3.896407486429290679e-03 8.982100177038395472e+00 1.879726798425545914e-03 9.999963863694881772e-01 -1.921945662251679700e-03 -9.059333949446220224e-02 3.900020511110639191e-03 1.914603468571646726e-03 9.999905620222477864e-01 -1.510368425824509114e-03
9.999897092964881162e-01 -1.807836576433513283e-03 -4.160892697267346528e-03 1.008658591906464785e+01 1.798745463821862676e-03 9.999959894505183744e-01 -2.187600885705563627e-03 -1.026265767708581522e-01 4.164830834697113952e-03 2.180093986888787406e-03 9.999889506261190331e-01 -2.119182923746353552e-03
9.999904080973583964e-01 -2.005896297891675804e-03 -3.893596450661828638e-03 1.119485829230884022e+01 1.998130849279172033e-03 9.999960091613209201e-01 -1.997281787952544414e-03 -1.039183305713844152e-01 3.897587252090813168e-03 1.989482715037375546e-03 9.999904253402324139e-01 -1.311499644961262520e-02
9.999905471425726278e-01 -2.226909628282927860e-03 -3.734501172273794068e-03 1.229475141959756535e+01 2.217938176335028638e-03 9.999946489753728240e-01 -2.404739251301832130e-03 -1.121430915322799704e-01 3.739836325858285088e-03 2.396433626924985780e-03 9.999901353164077911e-01 -8.482933970497394047e-03
9.999900821017926322e-01 -2.654653775940853978e-03 -3.576102820104770826e-03 1.339684856889702580e+01 2.643405479201920913e-03 9.999915560333642039e-01 -3.146469361625643321e-03 -1.367999862037388714e-01 3.584425410383593018e-03 3.136985065473947565e-03 9.999886555452398573e-01 -5.876351742197997649e-03
9.999891597037798840e-01 -2.678367375123460147e-03 -3.808782368704616891e-03 1.445321066319892900e+01 2.664453063692211882e-03 9.999897758543546678e-01 -3.653611450191991943e-03 -1.325897050118257092e-01 3.818529140868519734e-03 3.643423522110366460e-03 9.999860720531256186e-01 -7.701576732394326517e-03
9.999871289503918792e-01 -2.647590449550399089e-03 -4.328070974906334314e-03 1.551089769389520256e+01 2.630047840380002940e-03 9.999883243209235495e-01 -4.053895680531485399e-03 -1.518786533546402362e-01 4.338753497225860192e-03 4.042460468918511116e-03 9.999824167111377449e-01 -5.647671176497354867e-03
9.999856877728007243e-01 -2.467933986547183201e-03 -4.746951800545269086e-03 1.657132013746788957e+01 2.449057304756722172e-03 9.999890875610490948e-01 -3.978300785337198636e-03 -1.583864444840720476e-01 4.756718183440383600e-03 3.966618290010038433e-03 9.999808196017885287e-01 -2.505128113911671284e-02
9.999846863023329480e-01 -1.858994620994708661e-03 -5.212609694175032553e-03 1.763591421950416205e+01 1.844944703265834077e-03 9.999946560839667598e-01 -2.698885427549395019e-03 -1.638545077357044244e-01 5.217599051919008003e-03 2.689227120988459466e-03 9.999827722104142058e-01 -4.644613743528833161e-02
9.999866168697033597e-01 -1.502718221060400780e-03 -4.950547387226208150e-03 1.872422291306096653e+01 1.496114584437644541e-03 9.999979865608665808e-01 -1.337353866077281832e-03 -1.726100873122834445e-01 4.952547085622926136e-03 1.329929381949260508e-03 9.999868516961628595e-01 -5.643787289832865456e-02
9.999951656689314294e-01 -1.190680228566201289e-03 -2.872441358798788306e-03 1.977476999827100457e+01 1.193223537000650961e-03 9.999988974987980006e-01 8.838658152024906440e-04 -1.768614754966706393e-01 2.871385790377870527e-03 -8.872890069404926498e-04 9.999954839207330082e-01 -5.305748811922884889e-02
9.999983089805808412e-01 -4.155805915960294095e-04 -1.791459949489831397e-03 2.080472301828946513e+01 4.168217231207928448e-04 9.999996733607694477e-01 6.924868269665893604e-04 -1.815508973008423954e-01 1.791171580243508879e-03 -6.932323753809656840e-04 9.999981555649209986e-01 -3.815222286350844483e-02
9.999974928318381417e-01 2.380000051655773146e-04 -2.226586184133235585e-03 2.182082149555038342e+01 -2.353083701853340916e-04 9.999992414189757817e-01 1.209045674851091630e-03 -1.852777127221930664e-01 2.226872247964067214e-03 -1.208518709204203833e-03 9.999967902561091027e-01 -5.157014133614164914e-02
9.999951053967158776e-01 8.810203867004178261e-04 -3.002163501441362792e-03 2.286838648012728825e+01 -8.778005012569641908e-04 9.999990383483967626e-01 1.073670602035822329e-03 -1.976009778346101420e-01 3.003106540095013162e-03 -1.071030046217746803e-03 9.999949171099565826e-01 -4.380452613641151738e-02
9.999915919362869499e-01 1.115981657289740912e-03 -3.945965239489909737e-03 2.390439259822493412e+01 -1.112934236465597639e-03 9.999990808411396426e-01 7.743992904709221057e-04 -2.185710129635994037e-01 3.946825827924580615e-03 -7.700011794614170565e-04 9.999919147993485691e-01 -5.125508312672966138e-02
9.999880804704845971e-01 1.509070225450118369e-03 -4.643449580879625664e-03 2.489801287056202383e+01 -1.503419881581468396e-03 9.999981255504433175e-01 1.220091906158690589e-03 -2.239032232120060362e-01 4.645282081335514422e-03 -1.213096308818187915e-03 9.999884748094501896e-01 -5.092798665666388447e-02
9.999875715106610885e-01 2.108214102911544919e-03 -4.517992641292091667e-03 2.589387209602725548e+01 -2.102867324530943802e-03 9.999970834586722201e-01 1.187864960672389142e-03 -2.513406963100124347e-01 4.520483738042277953e-03 -1.178349458207544800e-03 9.999890883001316677e-01 -5.234160304251813528e-02
9.999916781876396765e-01 1.835771983958777234e-03 -3.643281033752571868e-03 2.693349730734748704e+01 -1.833765948937143061e-03 9.999981652600469229e-01 5.538763260026343055e-04 -2.680892695971775486e-01 3.644291139921152813e-03 -5.471907920456745142e-04 9.999932098391091095e-01 -4.251926955474918945e-02
9.999927484536980105e-01 1.878828706017951055e-03 -3.312558333442725423e-03 2.793942555790880178e+01 -1.880446572561220685e-03 9.999981141728322420e-01 -4.853570510339250328e-04 -2.598184376343083413e-01 3.311640183770074488e-03 4.915826204093279262e-04 9.999943956772060494e-01 -4.747706421842990548e-02
9.999914171122663564e-01 1.872616254245980296e-03 -3.695809811892689783e-03 2.891805111775992643e+01 -1.875485631361944149e-03 9.999979424533042005e-01 -7.730736088032535676e-04 -2.815622397049216130e-01 3.694354537385849749e-03 7.799984117977106857e-04 9.999928716481081281e-01 -5.414415769121634636e-02
9.999859935739100480e-01 2.027437441332466655e-03 -4.888982861648673468e-03 2.993768596077082833e+01 -2.040373958671916430e-03 9.999944269639375882e-01 -2.642520610109025999e-03 -2.909751109099951716e-01 4.883598069946449953e-03 2.652458951154710882e-03 9.999845573464640758e-01 -4.983346086667601871e-02
9.999867726047131367e-01 2.262869767938675142e-03 -4.618878221280645589e-03 3.090345624354846876e+01 -2.275666354297163629e-03 9.999935821636098954e-01 -2.767123820051239826e-03 -3.216217059891119945e-01 4.612586937239379105e-03 2.777598243973428745e-03 9.999855043898093765e-01 -5.830475276652337391e-02
9.999856072490769243e-01 2.517650699772729962e-03 -4.737797974677551531e-03 3.188069955434378855e+01 -2.532145508262455963e-03 9.999921248558305553e-01 -3.055890286951015809e-03 -3.299757210737198077e-01 4.730066999516085134e-03 3.067843098143902079e-03 9.999841072761632699e-01 -6.452810566398047010e-02
9.999840882559299926e-01 2.732366334682074550e-03 -4.935322600337742859e-03 3.286324709298364155e+01 -2.749491264686825150e-03 9.999902120502557334e-01 -3.466424883070576800e-03 -3.325476815492406923e-01 4.925802750995952016e-03 3.479939352583039623e-03 9.999818130792982318e-01 -6.110036177665631452e-02
9.999818078698572421e-01 2.907634808810465304e-03 -5.284845234299282053e-03 3.381316553313528317e+01 -2.923520707029564434e-03 9.999912243777894227e-01 -3.000698932791588756e-03 -3.541114047638770357e-01 5.276073919826319326e-03 3.016094698162004751e-03 9.999815329378659579e-01 -7.188174360450007294e-02
9.999795799407202868e-01 3.582316017593633033e-03 -5.292136953124466740e-03 3.476608391987338820e+01 -3.595077031477960771e-03 9.999906486018280694e-01 -2.403774122696856596e-03 -3.613739204102560665e-01 5.283476385702223256e-03 2.422750677494389573e-03 9.999831074355388649e-01 -8.389731974882257137e-02
9.999767735367166566e-01 4.503535705400039946e-03 -5.115716298657744555e-03 3.570448138554477424e+01 -4.511183330230671140e-03 9.999887228667642125e-01 -1.484373355657395014e-03 -3.857152393038549287e-01 5.108973679636101030e-03 1.507416813002845088e-03 9.999858129406099527e-01 -9.941962151537757364e-02
9.999757108140371331e-01 5.523479397430139555e-03 -4.250759615330464321e-03 3.665838850047220632e+01 -5.523928116995762035e-03 9.999847385906963648e-01 -9.382885985125451200e-05 -3.894770512322023315e-01 4.250176480973849764e-03 1.173074713823429291e-04 9.999909610785677749e-01 -9.942244225816070091e-02
9.999738642511865061e-01 6.376259760244703569e-03 -3.407950413294117114e-03 3.761076612509305050e+01 -6.374038000716880821e-03 9.999794662231080711e-01 6.623984550388052703e-04 -3.937656380376240439e-01 3.412104059814783773e-03 -6.406587373202743928e-04 9.999939735329744783e-01 -8.493542280987358140e-02
9.999693518246929314e-01 7.200739953030705839e-03 -3.073232082401602863e-03 3.853651613120118924e+01 -7.199709136100213014e-03 9.999740217777488560e-01 3.463495196079938664e-04 -4.241123639727238936e-01 3.075646218119091387e-03 -3.242125275261762709e-04 9.999952176318535058e-01 -7.775560140719071922e-02
9.999649851653998889e-01 7.684376662200777426e-03 -3.313426998608842277e-03 3.945978285268227381e+01 -7.684267236754531612e-03 9.999704745359060398e-01 4.575444257698067492e-05 -4.521026776600125530e-01 3.313680762509697581e-03 -2.029158196595379335e-05 9.999945095389553007e-01 -8.528139887237337624e-02
9.999626680126089129e-01 8.020701713338287617e-03 -3.214175653350734730e-03 4.037075896949588127e+01 -8.023338105702245218e-03 9.999674859121229220e-01 -8.081857643949399246e-04 -4.635978705597175731e-01 3.207588930415911348e-03 8.339440112121232268e-04 9.999945079402384751e-01 -8.396347823670109733e-02
9.999650105477796425e-01 8.087747620325672071e-03 -2.136824421618070593e-03 4.129049346227913730e+01 -8.091441612348950624e-03 9.999657745464458625e-01 -1.725777610373017707e-03 -4.912251723519390767e-01 2.122793634071569544e-03 1.743007216403140609e-03 9.999962278294006746e-01 -9.089575803720821578e-02
9.999649549944900073e-01 8.149642256456113634e-03 -1.916276065538759926e-03 4.220721253488039793e+01 -8.154370983337341436e-03 9.999636947469425774e-01 -2.472937910593402903e-03 -5.002435756930270205e-01 1.896052935357508094e-03 2.488477272415593345e-03 9.999951062200909124e-01 -9.719583564642059192e-02
9.999635825836297176e-01 8.185348025301698513e-03 -2.415281394997826139e-03 4.308360008958310772e+01 -8.192383497704640652e-03 9.999621857279378245e-01 -2.917527520307381869e-03 -5.081681270021173313e-01 2.391309084762937437e-03 2.937208182935596538e-03 9.999928271987510442e-01 -1.059426380953407409e-01
9.999604128909650447e-01 8.417117466837714321e-03 -2.885270261190270042e-03 4.398748662953787658e+01 -8.424864776756397708e-03 9.999609092884774730e-01 -2.683570094994683266e-03 -5.294758833132318099e-01 2.862569549202762399e-03 2.707771872007654328e-03 9.999922368033989928e-01 -1.114169547311838898e-01
9.999567054779413544e-01 8.737453917948612148e-03 -3.200635676467746254e-03 4.483864124313999611e+01 -8.745143648670974934e-03 9.999588887816747151e-01 -2.396499339109820371e-03 -5.344472162201733267e-01 3.179564791895804748e-03 2.424385602574091140e-03 9.999920063291426464e-01 -1.130512254479906498e-01
9.999564915196791359e-01 8.687854150827763536e-03 -3.396506721299478136e-03 4.571385818582340477e+01 -8.695151964163741823e-03 9.999599070045894766e-01 -2.139793376200131020e-03 -5.477621542317561154e-01 3.377780332405755197e-03 2.169233419131134759e-03 9.999919424807378610e-01 -1.139591234863411573e-01
9.999527201536013710e-01 8.960488728781768400e-03 -3.777181376994013379e-03 4.657869412039374168e+01 -8.968005596871159515e-03 9.999578305915929333e-01 -1.977855952722657427e-03 -5.786686543026423601e-01 3.759299539518374221e-03 2.011636223726294241e-03 9.999909104520278147e-01 -1.238998626814791920e-01
9.999500721980092433e-01 9.161004063218552290e-03 -3.991129633290624312e-03 4.742064957302294914e+01 -9.167636199062589170e-03 9.999566206281519376e-01 -1.646605128059766554e-03 -5.884049878939132672e-01 3.975871944325496884e-03 1.683112141186282346e-03 9.999906797444676476e-01 -1.267611106948277888e-01
9.999453947638824447e-01 9.568643277248973719e-03 -4.201018487944890162e-03 4.824621475239294455e+01 -9.574843932545601052e-03 9.999530966670744370e-01 -1.458365384908811950e-03 -5.995890199978620716e-01 4.186866868040043516e-03 1.498509846902434332e-03 9.999901122581502655e-01 -1.284610527974310301e-01
9.999462444081084200e-01 9.609050840243139879e-03 -3.895437853324635637e-03 4.907886922334587609e+01 -9.614604774240885499e-03 9.999527851679623769e-01 -1.409542432843795485e-03 -6.284386790064929729e-01 3.881709565982002265e-03 1.446919757438355379e-03 9.999914193402166251e-01 -1.194009233617389920e-01
9.999448684499119278e-01 9.810506964081049455e-03 -3.743529590644843578e-03 4.989620456780390612e+01 -9.816386590336454929e-03 9.999506082959194186e-01 -1.555481574880450369e-03 -6.408147251586138182e-01 3.728084628516221272e-03 1.592143752444227659e-03 9.999917831978791805e-01 -1.136745486982012887e-01
9.999460825806979480e-01 9.805017409466189326e-03 -3.419585518158933021e-03 5.069730079678073054e+01 -9.810340053983068742e-03 9.999506866151093298e-01 -1.543232321005334577e-03 -6.742135064651664234e-01 3.404285467047800991e-03 1.576696410678017461e-03 9.999929624096798308e-01 -1.094186408476903877e-01
9.999450826845087681e-01 9.884014463745999929e-03 -3.483945055741855153e-03 5.149228962884304650e+01 -9.889572110867682342e-03 9.999498461711241459e-01 -1.581614937048213178e-03 -6.771626815701683455e-01 3.468137617643854941e-03 1.615982804860789743e-03 9.999926802837305617e-01 -1.148134665452846814e-01
9.999457710147391376e-01 9.858379562805006172e-03 -3.356692141772936368e-03 5.227232731389309350e+01 -9.862980863779841414e-03 9.999504388504065755e-01 -1.357000869551881587e-03 -6.837608440754004979e-01 3.343147950612460149e-03 1.390034271131634133e-03 9.999934455617723872e-01 -1.130368738666649997e-01
9.999467379521089772e-01 9.721757023619671464e-03 -3.465357024897403222e-03 5.306091421765265892e+01 -9.726747504691530752e-03 9.999516770392063991e-01 -1.426173011447346957e-03 -7.133589139570254423e-01 3.451324661094818183e-03 1.459803703346896535e-03 9.999929786409659238e-01 -1.212146665174279325e-01
9.999471208611511175e-01 9.594010463681735407e-03 -3.702761768911416902e-03 5.381721483700317066e+01 -9.600280146798791103e-03 9.999525063237608702e-01 -1.679201575749313200e-03 -7.503357725103729781e-01 3.686475633654403943e-03 1.714660331314439654e-03 9.999917348845193121e-01 -1.117849675911517099e-01
9.999486561180812583e-01 9.364593337063645273e-03 -3.871630053963692059e-03 5.457474221314477347e+01 -9.371018516865295411e-03 9.999547383682491075e-01 -1.644757381212424204e-03 -7.770885452209848054e-01 3.856052333656725950e-03 1.680954049909804283e-03 9.999911525878026897e-01 -1.153983428463629113e-01
9.999498508066170244e-01 9.142601388023611705e-03 -4.087629103045015838e-03 5.530685836015186396e+01 -9.149371863794488954e-03 9.999567975951292320e-01 -1.640712586591969993e-03 -7.943863354736163673e-01 4.072452126466020658e-03 1.678029544884206701e-03 9.999902996282135081e-01 -1.194569212546430226e-01
9.999547632889205229e-01 8.551399149711433681e-03 -4.164726687455716156e-03 5.603753272185817025e+01 -8.559182530980287765e-03 9.999616495845464748e-01 -1.854657530105973881e-03 -8.056969420634538803e-01 4.148707051631048137e-03 1.890220287408711595e-03 9.999896075945313711e-01 -1.070709109409460069e-01
9.999642581427553578e-01 7.386530161312597487e-03 -4.113588358711106445e-03 5.677954736482372766e+01 -7.394723694923192522e-03 9.999706980320576255e-01 -1.980186545566858716e-03 -8.233501889025323095e-01 4.098841114833036946e-03 2.010534619329350844e-03 9.999895785717268781e-01 -1.134758964228588796e-01
9.999710473206443462e-01 6.335470287514615578e-03 -4.215013249060318469e-03 5.752047061698442576e+01 -6.345046540444890248e-03 9.999773105742411072e-01 -2.262459084121329778e-03 -8.485777595424881525e-01 4.200583870525963735e-03 2.289138035102791357e-03 9.999885574056349702e-01 -1.097004558289972204e-01
9.999747534528180548e-01 5.505310192970968436e-03 -4.492662535178670175e-03 5.824115473143103827e+01 -5.515310870139860169e-03 9.999823337323138217e-01 -2.216657231290134963e-03 -8.620048101346411418e-01 4.480379780949955357e-03 2.241379698864899919e-03 9.999874511282949019e-01 -1.169159087203575087e-01
9.999787658222857312e-01 4.593337384414851801e-03 -4.622678467205793007e-03 5.893104300150866948e+01 -4.603691928724801957e-03 9.999869124540256005e-01 -2.231802251612130614e-03 -8.629864839549267197e-01 4.612366546971877201e-03 2.253036248675061807e-03 9.999868248644571134e-01 -1.194551688300735381e-01
9.999802960139119179e-01 3.744834942322126849e-03 -5.038233339558694998e-03 5.963779328954760928e+01 -3.755202372359261066e-03 9.999908482078173622e-01 -2.049867252453727549e-03 -8.701402328649532336e-01 5.030510816180092451e-03 2.068746447687112855e-03 9.999852070151155070e-01 -1.384164636662302550e-01
9.999828894774124288e-01 2.887237348109028112e-03 -5.087692296211161931e-03 6.030967906092030972e+01 -2.897407030456232869e-03 9.999938171828911537e-01 -1.992643593400456482e-03 -9.100647234775891548e-01 5.081907604935852370e-03 2.007350613655082671e-03 9.999850722678857995e-01 -1.295889559957438819e-01
9.999854437365757187e-01 1.778106880132832067e-03 -5.094178136517583250e-03 6.100207945446612001e+01 -1.789048724908566231e-03 9.999961009324649375e-01 -2.144160564729005736e-03 -8.974314243932212110e-01 5.090345727320739685e-03 2.153243086662595500e-03 9.999847258456431298e-01 -1.396379860863091182e-01
9.999879919195380218e-01 1.392227340402408522e-03 -4.698693410143675413e-03 6.165447404348222449e+01 -1.403580409500267004e-03 9.999961017911637162e-01 -2.413786343199591806e-03 -9.114365100921095753e-01 4.695314554314613219e-03 2.420352352279689975e-03 9.999860478605323566e-01 -1.346114515283851620e-01
9.999891664814359871e-01 5.989076614374964393e-04 -4.616083770460534773e-03 6.231928386884090543e+01 -6.102356847645141764e-04 9.999968051582051043e-01 -2.453015652594362026e-03 -9.144198093709821062e-01 4.614599892935211493e-03 2.455805976844349040e-03 9.999863371490793629e-01 -1.354124178668185130e-01
9.999881710199416407e-01 -3.424927855009342217e-04 -4.851857261269357929e-03 6.295509908219790418e+01 3.307122426885430772e-04 9.999969961583696776e-01 -2.428642347105023497e-03 -9.153957449227856369e-01 4.852674479540977637e-03 2.427009050147051379e-03 9.999852804804009176e-01 -1.432053124826938861e-01
9.999866170569585710e-01 -1.328367711333789834e-03 -5.000114619000097654e-03 6.358578396551931888e+01 1.316669848649080392e-03 9.999963905048132595e-01 -2.342084083620462470e-03 -9.113450778187550672e-01 5.003207719984357690e-03 2.335469239483946302e-03 9.999847566317908720e-01 -1.408216763279756534e-01
9.999850041461673111e-01 -2.018762512783371654e-03 -5.090783899046468115e-03 6.421111683059169195e+01 2.006596347909097612e-03 9.999951215927403991e-01 -2.393817415112230087e-03 -9.308774785049780398e-01 5.095591612989415313e-03 2.383566369396350037e-03 9.999841766535489951e-01 -1.501756966656380698e-01
9.999837929945066817e-01 -2.736013417068003644e-03 -4.992792695599013522e-03 6.481245661821762383e+01 2.723686489572181308e-03 9.999932302172590548e-01 -2.474075899886563328e-03 -9.265203167374712612e-01 4.999528000334128169e-03 2.460437000514625449e-03 9.999844753642630479e-01 -1.508546472456614440e-01
9.999798666729161623e-01 -3.672466092798390164e-03 -5.174866337802295005e-03 6.541140031233014440e+01 3.659084497395679713e-03 9.999899437227596222e-01 -2.592981680032580005e-03 -9.603896459959528897e-01 5.184336935210887357e-03 2.573994201491546126e-03 9.999832484618894624e-01 -1.574406336295385844e-01
9.999748228403861905e-01 -4.729542443785840315e-03 -5.290095803540706930e-03 6.600206764203768728e+01 4.716255022372801455e-03 9.999856995992503217e-01 -2.521415388598333574e-03 -9.643497117613615277e-01 5.301945294149503114e-03 2.496402465618360270e-03 9.999828285279840356e-01 -1.504524668778778884e-01
9.999713645587331445e-01 -5.183389577872391484e-03 -5.513849383980061643e-03 6.660398462705238387e+01 5.170483152747232421e-03 9.999838659964940257e-01 -2.352413797131345987e-03 -9.406203727206789988e-01 5.525953900673663370e-03 2.323837169377568432e-03 9.999820316457180835e-01 -1.507033560307496634e-01
9.999672254251498194e-01 -5.716841695902584106e-03 -5.732869835569850102e-03 6.715628829030285374e+01 5.703253451794870754e-03 9.999808950451291034e-01 -2.383787911503562357e-03 -9.518169045791106120e-01 5.746388047477033433e-03 2.351013774189825416e-03 9.999807256935712152e-01 -1.573913770666990897e-01
9.999614641091824074e-01 -6.508678464021177765e-03 -5.891298776358503200e-03 6.770852189713741609e+01 6.495251515555943919e-03 9.999762711736156495e-01 -2.295386124613690848e-03 -9.461821512989496696e-01 5.906098912988547861e-03 2.257032202558873282e-03 9.999800117008672551e-01 -1.564557891594081651e-01
9.999552584441218084e-01 -7.247199331800405903e-03 -6.079408835951551592e-03 6.825481668837008442e+01 7.232868161667085904e-03 9.999710196705503540e-01 -2.376012877878947750e-03 -9.648194158491602002e-01 6.096452091621539816e-03 2.331935008754693409e-03 9.999786974486054580e-01 -1.546279633208047788e-01
9.999474110337148725e-01 -8.203914800423916034e-03 -6.153937675845433386e-03 6.879766733354577468e+01 8.189080660548837473e-03 9.999635118675285206e-01 -2.431849397916250113e-03 -9.757399428787704165e-01 6.173663815420263670e-03 2.381326417462763592e-03 9.999781073401495801e-01 -1.602808258846811773e-01
9.999380563999850091e-01 -9.120962707916112702e-03 -6.378981290241296856e-03 6.932236581026613464e+01 9.106005053181103967e-03 9.999557309982906039e-01 -2.369961106356797791e-03 -9.569458322957975493e-01 6.400315225977946595e-03 2.311727266570889894e-03 9.999768456729650756e-01 -1.627131096199182225e-01
9.999251559082950047e-01 -1.028344250144313035e-02 -6.628226919122714653e-03 6.985429532278318732e+01 1.026930450117351581e-02 9.999449287752808502e-01 -2.163516041249158046e-03 -9.488325749765056383e-01 6.650110287359697545e-03 2.095286834320815150e-03 9.999756926076992514e-01 -1.708175333819624275e-01
9.999127538901020351e-01 -1.137719920202786596e-02 -6.711478691729427098e-03 7.039128191901686193e+01 1.136341279106120768e-02 9.999332528127224951e-01 -2.088724277600091921e-03 -9.472655930935304225e-01 6.734794551588650299e-03 2.012276741719689049e-03 9.999752963371958403e-01 -1.690447592933667365e-01
9.999085080869668518e-01 -1.160789238566625574e-02 -6.944947059473351517e-03 7.090208598123453498e+01 1.159477745141768330e-02 9.999309240076876826e-01 -1.925707398353543971e-03 -9.495899407617175436e-01 6.966820734610031096e-03 1.845006096133255382e-03 9.999740293434410399e-01 -1.680285050772974964e-01
9.999012620868953372e-01 -1.212314769762772200e-02 -7.106009213002586859e-03 7.139304815789361669e+01 1.210943057799213594e-02 9.999247371422512742e-01 -1.970213713414535519e-03 -9.358639684245341206e-01 7.129359586285644208e-03 1.883969453372675434e-03 9.999728110758753230e-01 -1.727035288638021637e-01
9.998916292067124845e-01 -1.281917872977825917e-02 -7.238680752750077489e-03 7.189417990099045142e+01 1.280712123216717208e-02 9.999165239555326545e-01 -1.709610022567007804e-03 -9.247320957690985388e-01 7.259992292751183372e-03 1.616718088811224712e-03 9.999723389846993937e-01 -1.681037363406170104e-01
9.998855629530851719e-01 -1.311082236923606821e-02 -7.547670819156320279e-03 7.238156067969737251e+01 1.309836892169384016e-02 9.999127725747947171e-01 -1.697048431275820224e-03 -9.426890185964372781e-01 7.569262155798915648e-03 1.597992049176061129e-03 9.999700758981878712e-01 -1.704396232172343262e-01
9.998850059787341982e-01 -1.306738823302860432e-02 -7.695335189186427137e-03 7.285401894571094772e+01 1.305534838425749695e-02 9.999134747513804822e-01 -1.612727250998612083e-03 -9.344723057800471411e-01 7.715743481498755531e-03 1.512076515178349852e-03 9.999690899858555415e-01 -1.678841445190829562e-01
9.998842012261014434e-01 -1.296552363574816034e-02 -7.967392000641022182e-03 7.330972924378689015e+01 1.295422701945571527e-02 9.999150131229892491e-01 -1.467832953938786765e-03 -9.336781760663678265e-01 7.985746099734590542e-03 1.364451575953133525e-03 9.999671825270705083e-01 -1.704087590497172788e-01
9.998821204124966888e-01 -1.291675727785061324e-02 -8.300762665835462878e-03 7.378408052162758679e+01 1.290621531368956430e-02 9.999158370017597885e-01 -1.322315902800803855e-03 -9.319728924461611053e-01 8.317144082322945609e-03 1.215028598514524341e-03 9.999646737859386736e-01 -1.696414291111117412e-01
9.998791915769977834e-01 -1.300733350655345656e-02 -8.509496247056201959e-03 7.423954807459448091e+01 1.299809826085404803e-02 9.999148716447383567e-01 -1.139695260801506941e-03 -9.317570600669210501e-01 8.523596243989668350e-03 1.028950307644741326e-03 9.999631441049884328e-01 -1.649566952361275207e-01
9.998826206479222156e-01 -1.243502934232045172e-02 -8.950696704663207298e-03 7.469709386767245007e+01 1.242639255352030909e-02 9.999222692660194589e-01 -1.019899014579891223e-03 -9.235433804933996793e-01 8.962683434611221078e-03 9.085544286147294313e-04 9.999594215939471287e-01 -1.696562192159880855e-01
9.998837052350932897e-01 -1.224936365502905453e-02 -9.084552569495847260e-03 7.510438477378384903e+01 1.224118555261556260e-02 9.999246175658886848e-01 -9.552810988206194296e-04 -9.112062881292447569e-01 9.095569339382577126e-03 8.439643109641230484e-04 9.999582783009670628e-01 -1.678623480179120830e-01
9.998832780779586260e-01 -1.221342928002485534e-02 -9.179453431303963643e-03 7.551427674584213889e+01 1.220473266880164540e-02 9.999250166120305927e-01 -1.002822972093299955e-03 -9.057391804438282845e-01 9.191013032236022492e-03 8.906731454937511904e-04 9.999573650815264392e-01 -1.617600414179509172e-01
9.998875557883942777e-01 -1.159334525833981798e-02 -9.511578482657300979e-03 7.590796797723058376e+01 1.158565776381963348e-02 9.999325116663220214e-01 -8.629292325243026734e-04 -8.958332782295487240e-01 9.520940798601029362e-03 7.526343080333016290e-04 9.999543915738896560e-01 -1.570158506101644869e-01
9.998899710867114043e-01 -1.129434774003688045e-02 -9.616830524789173745e-03 7.627767430658333581e+01 1.128647366884842802e-02 9.999359249354951018e-01 -8.726600244728506496e-04 -9.172351886284564326e-01 9.626070451528190297e-03 7.640239021428767456e-04 9.999533764306909323e-01 -1.450361705429460968e-01
9.998925895073159653e-01 -1.089480698146301843e-02 -9.803704870646664030e-03 7.665209987488771048e+01 1.088616526672360474e-02 9.999403073618382543e-01 -9.344083144110266895e-04 -9.085448366474180304e-01 9.813299859866559186e-03 8.275831977055649264e-04 9.999515059501191683e-01 -1.388204521242496492e-01
9.998980080150370320e-01 -1.024759999139192301e-02 -9.947877259861227089e-03 7.698874712569396195e+01 1.023845285629201504e-02 9.999471151939384184e-01 -9.699991907280886309e-04 -9.117395870690949700e-01 9.957291332000170470e-03 8.680493862399453779e-04 9.999500481722037870e-01 -1.380443325379689667e-01
9.999046463651862782e-01 -9.295758040675290712e-03 -1.021210359137976129e-02 7.734469029748404978e+01 9.285939420393712895e-03 9.999563762118857113e-01 -1.008465306554370052e-03 -9.013226821179498582e-01 1.022103255021863596e-02 9.135401704174689937e-04 9.999473465827910523e-01 -1.315843191067713747e-01
9.999075876067010649e-01 -8.747462732579027941e-03 -1.040663933695556986e-02 7.763672745374772433e+01 8.737266543025127077e-03 9.999613041903829824e-01 -1.024839121273979619e-03 -9.271913446250862334e-01 1.041520138564126785e-02 9.338188317339252186e-04 9.999453242865261604e-01 -1.344204669068802815e-01
9.999000406975852018e-01 -7.606477850328748763e-03 -1.191847757391126424e-02 7.795083986058052972e+01 7.596873423266450182e-03 9.999707813061632367e-01 -8.509101787409850898e-04 -9.032379071904361734e-01 1.192460176099124393e-02 7.602819568260568836e-04 9.999286103738546094e-01 -1.403287137697842857e-01
9.998915176206177868e-01 -7.413582046166029491e-03 -1.272759960018189813e-02 7.824225997620732187e+01 7.407117183473161531e-03 9.999724129115493687e-01 -5.550053008856457339e-04 -8.961835599960470411e-01 1.273136306010013742e-02 4.606702708871624114e-04 9.999188467958454174e-01 -1.505094074773193347e-01
9.998930659423858058e-01 -6.882541630339024732e-03 -1.290299581656549795e-02 7.850221188738471767e+01 6.877930886142734693e-03 9.999762660781715828e-01 -4.016803246767305046e-04 -8.963101288158158431e-01 1.290545415942811157e-02 3.128914579192227058e-04 9.999166722041764599e-01 -1.462181040021686695e-01
9.998905632293673129e-01 -6.682232535322607178e-03 -1.319883832776936640e-02 7.876120624362165756e+01 6.680162421021268102e-03 9.999776672808098343e-01 -2.009220217239037615e-04 -9.053010215161683139e-01 1.319988616948998029e-02 1.127296496683971745e-04 9.999128713528687706e-01 -1.539089870562614093e-01
9.998921586928865013e-01 -6.343248896325131420e-03 -1.324515677214350637e-02 7.901653223263819825e+01 6.342247764356424150e-03 9.999798808308251186e-01 -1.175876878456133778e-04 -8.987156075484242779e-01 1.324563617856480691e-02 3.357094110897816078e-05 9.999122721495206090e-01 -1.468051084867798284e-01
9.998868939318844573e-01 -6.238428293237419445e-03 -1.368507784700826076e-02 7.926777193747399508e+01 6.240455414608537393e-03 9.999805226108476885e-01 1.054284314357604568e-04 -8.911997247708792758e-01 1.368415358971187580e-02 -1.908176249901151890e-04 9.999063493793641788e-01 -1.524156233629588852e-01
9.998495388079974289e-01 -6.523436054289181302e-03 -1.607309949824445999e-02 7.950110446624530880e+01 6.577936020353281066e-03 9.999727864572492964e-01 3.340224938031946533e-03 -9.220098633978581759e-01 1.605087234847393796e-02 -3.445450183954437695e-03 9.998652401048268024e-01 -1.344066196792615964e-01
9.998390776927819079e-01 -6.960687996652729220e-03 -1.653383019933917647e-02 7.974179250696356291e+01 7.021138900921569670e-03 9.999688678443777734e-01 3.600965227157940703e-03 -9.096107063512357538e-01 1.650825027013133606e-02 -3.716472069919186504e-03 9.998568225042884228e-01 -1.316932105717283086e-01
9.998431369676592517e-01 -7.054672060738104329e-03 -1.624601676676228415e-02 7.998785820885332498e+01 7.111029148908046098e-03 9.999688890371982719e-01 3.413828079268601493e-03 -9.186340393282587113e-01 1.622142789996799603e-02 -3.528818474626293101e-03 9.998621968636774993e-01 -1.331778914484722520e-01
9.998457416899687589e-01 -6.873194936524017196e-03 -1.616329223273477861e-02 8.023237972465477696e+01 6.923543591772642058e-03 9.999713466708690657e-01 3.061107868310558849e-03 -9.351611608862968605e-01 1.614178950950197200e-02 -3.172542925343869221e-03 9.998646796456097663e-01 -1.413631994487847821e-01
9.998523336653097893e-01 -6.496025777573265214e-03 -1.590951014742888331e-02 8.043653041005826765e+01 6.539380152483379241e-03 9.999750413197624477e-01 2.674555058436194586e-03 -9.471485850203994472e-01 1.589173908844923599e-02 -2.778198451587617079e-03 9.998698586526689747e-01 -1.315199195837173929e-01
9.998501772047957425e-01 -6.525752643029500422e-03 -1.603239520409968991e-02 8.063997323845634924e+01 6.572129227082669847e-03 9.999743656085877674e-01 2.841697226112915517e-03 -9.232901557542146920e-01 1.601344001022175431e-02 -2.946638448192378731e-03 9.998674347436737886e-01 -1.259487441544854536e-01
9.998402101787616791e-01 -7.220267592635374633e-03 -1.635303780893505171e-02 8.083075322992648637e+01 7.275635446972061708e-03 9.999679915161263644e-01 3.328824424186176828e-03 -9.094742330708454059e-01 1.632847936987653209e-02 -3.447271253474864378e-03 9.998607388443515598e-01 -1.122807725834462644e-01
9.998432167690243233e-01 -7.416092374885450804e-03 -1.607928651579101920e-02 8.104065560690771974e+01 7.470829280563129164e-03 9.999664922698250358e-01 3.346796594140183639e-03 -9.036614247721996840e-01 1.605392758269495040e-02 -3.466397477069471569e-03 9.998651186523612733e-01 -9.583642323832089471e-02
9.998450380081540523e-01 -7.055910992030506659e-03 -1.612805290620851137e-02 8.125158490773171138e+01 7.109736290839439518e-03 9.999693380383717356e-01 3.282473606191862927e-03 -9.272343791388494294e-01 1.610439754687018402e-02 -3.396631150591515168e-03 9.998645464644094760e-01 -1.000115776707030113e-01
9.998478072459626720e-01 -6.809842457270508763e-03 -1.606201703234593284e-02 8.138303147040872432e+01 6.860343191502507078e-03 9.999716899711236229e-01 3.091107825665171272e-03 -9.214134698292438808e-01 1.604051235886871582e-02 -3.200828330641808817e-03 9.998662193820044841e-01 -1.025036333781975950e-01
9.998411011583983043e-01 -7.372866258960975548e-03 -1.623001162935219788e-02 8.154453212507304727e+01 7.422760196854311966e-03 9.999679024111138848e-01 3.016086632872997352e-03 -9.334823213188494506e-01 1.620725348174169300e-02 -3.136078864517701827e-03 9.998637356879856997e-01 -1.119141071185996011e-01
9.998392051979247963e-01 -7.882984305984589227e-03 -1.610659205461082918e-02 8.170064547534218491e+01 7.932636882547973792e-03 9.999639721959961980e-01 3.021188854505782277e-03 -9.284072267731888761e-01 1.608219578514363465e-02 -3.148470809226450173e-03 9.998657160390548304e-01 -1.032006786769860823e-01
9.998411894813408196e-01 -8.249813464452207534e-03 -1.579672099959897671e-02 8.189099098063570636e+01 8.298349275466843783e-03 9.999610395612443803e-01 3.009444948455944433e-03 -9.242795262900689313e-01 1.577127819296163594e-02 -3.140053725204577668e-03 9.998706950634982382e-01 -8.718185005603001914e-02
9.998384911719310209e-01 -8.119072574666439182e-03 -1.603347222418684270e-02 8.204267130226662630e+01 8.169005862321923953e-03 9.999619777914667829e-01 3.051280812954615482e-03 -9.308931050997756307e-01 1.600808902579635429e-02 -3.181765532759164069e-03 9.998667998557791980e-01 -9.326579339113962031e-02
9.998365616195320493e-01 -8.589072430352813828e-03 -1.590842178275215374e-02 8.219835690466638312e+01 8.639583571264623438e-03 9.999578445986968545e-01 3.109119046224532047e-03 -9.210225538984851967e-01 1.588104670816518904e-02 -3.246053036321948967e-03 9.998686191171010096e-01 -7.906681465275626486e-02
9.998331599093113198e-01 -8.836951456508210581e-03 -1.598626393866926787e-02 8.234639003215372099e+01 8.886289104531737773e-03 9.999559622404742276e-01 3.017854482555233121e-03 -9.114760174613502075e-01 1.595889130585707860e-02 -3.159409546500043312e-03 9.998676572024945974e-01 -8.155029808460670382e-02
9.998279750773978458e-01 -9.225950131764391188e-03 -1.609043494740279232e-02 8.247790533432514337e+01 9.275374678046961752e-03 9.999524833231018262e-01 2.999753413797720449e-03 -9.186809344827845392e-01 1.606199480800095739e-02 -3.148482194318788247e-03 9.998660407187853760e-01 -8.280624938952993452e-02
9.998220608554894140e-01 -9.568387286554918061e-03 -1.625707819432587603e-02 8.259024806841603095e+01 9.618790641636417935e-03 9.999491627234656788e-01 3.025034748934046953e-03 -9.439738514074366149e-01 1.622730702471298497e-02 -3.180869908434640243e-03 9.998632689389841399e-01 -9.299567042753910384e-02
9.998193199239557849e-01 -1.011104709930341246e-02 -1.609640436104525438e-02 8.272386274338012413e+01 1.015740452618286126e-02 9.999444896734916988e-01 2.800840036808167378e-03 -9.335731668822432328e-01 1.606719141885378302e-02 -2.963831671329479958e-03 9.998665216226283459e-01 -9.186486600366960964e-02
9.998178080103844456e-01 -1.019081248393277281e-02 -1.613995434402744344e-02 8.286149249695314722e+01 1.023503144914057403e-02 9.999440840577749068e-01 2.659490382156337856e-03 -9.320136170169897039e-01 1.611194949548545169e-02 -2.824198784611063173e-03 9.998662055418614525e-01 -1.001808811563359158e-01
9.998230525969067362e-01 -9.597047751518485506e-03 -1.617900399462560146e-02 8.297834814718456187e+01 9.643762071195464622e-03 9.999495445473665090e-01 2.811798824315345918e-03 -9.583057038162249297e-01 1.615120270807127861e-02 -2.967327748888452625e-03 9.998651577173360838e-01 -9.570483814775437859e-02
9.998187940424797526e-01 -9.957006620773456093e-03 -1.622458315628790004e-02 8.311429982540191475e+01 1.000506642893563523e-02 9.999457900317128001e-01 2.883685767599191655e-03 -9.378005001607025992e-01 1.619499074386931275e-02 -3.045491258818937199e-03 9.998642144100360341e-01 -9.624209532429223168e-02
9.998165385018527029e-01 -9.978547432159909358e-03 -1.634986022317401824e-02 8.321132638846056295e+01 1.002733129604820375e-02 9.999455067991019908e-01 2.904489519053251451e-03 -9.375040775597659470e-01 1.631998668052414211e-02 -3.067902122156579078e-03 9.998621134993146420e-01 -9.143624510632675229e-02
9.998150242526363529e-01 -9.892340526916499482e-03 -1.649420739531349059e-02 8.334033332487561552e+01 9.943201828150626670e-03 9.999460516074111238e-01 3.004432085001285113e-03 -9.229138603204327662e-01 1.646359669406266199e-02 -3.167881571057935310e-03 9.998594473776036828e-01 -9.968247690409949568e-02
9.998133464653325975e-01 -1.011702934139385897e-02 -1.645958526507350014e-02 8.345265612311449388e+01 1.016857998141407725e-02 9.999436432480517389e-01 3.051279891222692491e-03 -8.985628324306644821e-01 1.642778776812124295e-02 -3.218080968274540307e-03 9.998598760546035802e-01 -8.152447749669508581e-02
9.998116657946752861e-01 -1.054570723941808917e-02 -1.629174636731849438e-02 8.352295990955776972e+01 1.059663196726942473e-02 9.999392250166766472e-01 3.042640957860123785e-03 -9.038404074069378291e-01 1.625866943592845296e-02 -3.214705564851809416e-03 9.998626512358107510e-01 -7.232264330765025839e-02
