-0.9929847675929209 0.10137919102239955 -0.06085647834118511 130.6174194289569 -0.10395795000928608 -0.9937439764092618 0.040812424335982526 9.165662597299711 -0.0563382282141885 0.046852630427303206 0.9973118043338999 -1.0422030071474033
-0.9933198403054162 0.09871201618826174 -0.05976313843569196 129.5142605805654 -0.10135157670936945 -0.9939265743127298 0.04286983523980181 8.424009342795 -0.05516840358538538 0.04864054620387684 0.9972916045524673 -1.1769677946302706
-0.9938632036569791 0.09893142331641279 -0.04948237966471132 132.34412640701208 -0.10403239338774871 -0.9879980279428519 0.11418037443912789 10.294199149880946 -0.03759246656859026 0.11862744312186545 0.9922269580069214 -2.018477857831059
-0.9960365686176945 0.0775977826750578 -0.04347111800041246 127.418766293001 -0.08070115487145565 -0.9939215506314615 0.07488173871355709 8.499172954696325 -0.037396224123628044 0.07809311950656438 0.9962444414434835 -2.626287168535696
-0.9940637337169972 0.09332379876939179 -0.055928185129522696 125.51354072642962 -0.09592557612548358 -0.9943346516965875 0.04579174904309522 7.958294263084889 -0.05133787250778964 0.05088486040741286 0.9973841555928704 -1.670138728838339
-0.9784520767626876 0.20260335897265033 -0.03979211494498231 122.14239432924002 -0.20389666274477683 -0.9784804578985085 0.03165666489491087 19.221788629230318 -0.03252206021053589 0.03908800895064432 0.9987063848579044 -2.7793511786777576
-0.99554899828714 0.08387902238667154 -0.0429709391674233 124.29166190681269 -0.08732590970117575 -0.9924725769130268 0.0858625038679638 9.128729527805968 -0.03544541584374893 0.08923280606968603 0.9953798917079869 -2.973286598957986
-0.9946665561244227 0.09330097192160865 -0.04397011219077085 122.37319079577647 -0.09665658872324104 -0.9919635580692922 0.08164437101780704 8.553583171574903 -0.03599924976957331 0.08545892639736476 0.9956911297762236 -3.0378224160229506
-0.9964035624859438 0.07463755912361118 -0.04011452895640307 120.49001574000131 -0.07776679129461571 -0.9934997585172793 0.08312975398647966 8.0495024384505 -0.03364917290312365 0.08595036122194237 0.9957310221986473 -3.014196364482108
-0.9976193259765703 0.054481837483526106 -0.04227776983811466 118.65179699215089 -0.05796949019607764 -0.9945897902331311 0.08620143485133154 7.550612183432278 -0.037352625670397814 0.08844703809874066 0.9953802804994153 -2.82531098493333
-0.9903154668543774 0.13551950012072989 -0.030161916319009156 115.30047452380921 -0.13685523345692824 -0.9894369279726533 0.047803876824954135 19.031687309274734 -0.02336495633329781 0.051468734694699696 0.9984012460751858 -3.772874345867701
-0.9901907771785753 0.13679004402228204 -0.028472945876348212 114.00453834050754 -0.1383556095539795 -0.9883621085095531 0.06323027571898679 18.861562222223945 -0.019492308622684574 0.06654942763791871 0.9975927142805484 -4.20984663875185
-0.9946763589574777 0.0881214333871143 -0.05341866629658994 117.57921282768888 -0.09165107214759961 -0.9934883424089735 0.06768304419621489 6.841990640277036 -0.04710649536212332 0.07221860200302604 0.9962757909431674 -2.701531236105368
-0.994791799592437 0.08747897943052911 -0.05231351279971205 116.61794077675472 -0.09082040487282318 -0.9937221793474025 0.06532904661633052 6.650540842167291 -0.04627017962348148 0.0697399342619065 0.9964915514176552 -2.6998016078758607
-0.9962511509002376 0.08110208133900695 -0.0301014407037051 111.86732662409759 -0.08193679887528421 -0.9962548384457036 0.027616260854760516 10.415510121939176 -0.027748969711130556 0.02997914735291209 0.9991652743185012 -3.799507943278463
-0.9998365526830992 -0.010557223679976488 -0.014676952918023478 109.48429584818527 0.010206646504391202 -0.9996656025051646 0.02375936731334909 6.284217220757426 -0.014922877936957433 0.02360568143831439 0.9996099636947965 -4.233183659721738
-0.99984798287716 -0.008052209085935595 -0.015465221153360763 108.87335810340137 0.007809690150906876 -0.9998465855829285 0.015678457765792925 6.113802294739051 -0.015589094785547675 0.015555295786429741 0.9997574770396902 -4.28677588964911
-0.9915000369673943 0.12810457755893717 -0.022735300792151227 107.47605501300217 -0.12896240201619782 -0.9907827392175316 0.041451930411254355 17.782335116013627 -0.017215561561446012 0.04403158953584505 0.9988817965921082 -4.435082459335813
-0.9958010153928611 0.07178612042278391 -0.05680748768604161 106.97567365712572 -0.07457700754295091 -0.9960285663038282 0.048635018789804516 9.631424919780342 -0.05309056119964102 0.05266733353219599 0.997199851729895 -2.390437017744923
-0.9919321227390125 0.12204632999732264 -0.03428348308821342 105.73850706545383 -0.12348530761094749 -0.9913896460349704 0.04356545120722338 17.623714628603153 -0.028671286729150702 0.04744747694918663 0.998462164655453 -3.6230542793645757
-0.9974229088902101 0.04842168663133405 -0.05294224291410593 101.98979427901997 -0.051565080988962335 -0.9968827167710932 0.059715085411406 7.512398352980101 -0.04988570179521441 0.06229116523927479 0.9968105273769647 -3.0735209798573098
-0.9971969850740253 0.040936304334288576 -0.06262900244079314 102.6778778510575 -0.04382638793622202 -0.998002962943557 0.04548992939492709 8.285909656771405 -0.06064174040825445 0.048107223400880174 0.9969996360966892 -2.2233024749128
-0.9933177179071555 0.11307225304631273 -0.023120918726693987 102.62851833283005 -0.11411682334560115 -0.99218800532556 0.05040151503287862 16.712395410783706 -0.017241285371017524 0.05270320368944383 0.9984613715110033 -4.298595799216256
-0.9925478875334326 0.12093159346133714 -0.014974667135932946 101.41636112554022 -0.12150531377863129 -0.9915023676972002 0.046470566753624445 17.030838071412845 -0.009227658234187664 0.04794376449287314 0.9988074117515194 -4.717786633266183
-0.9925097152077828 0.1210028425681532 -0.016815983723708967 100.4315416919342 -0.12160419008665264 -0.9917260866344562 0.041131375397355695 16.917132680137883 -0.011699836389404777 0.04286818376296584 0.9990122284783756 -4.618045952679227
-0.9928667232331501 0.11813186860591167 -0.016140988691956102 99.35486055633461 -0.11870722259344793 -0.9920746594119064 0.04118817132269563 16.780400714736793 -0.011147430216333128 0.042810416634664415 0.9990210223149167 -4.611352172755408
-0.9931774159041764 0.11168963596806765 -0.033526791603652836 98.75410095467645 -0.11286262179330812 -0.9929795427483306 0.035407008984957494 16.562600391119688 -0.029336822252165686 0.03894936328928195 0.9988104414549902 -3.6174652189125123
-0.9928823183621819 0.11477067267898129 -0.03181814854073494 98.38357001131679 -0.11599958208815073 -0.9924467548358699 0.039919115360098435 16.61711763040544 -0.026996274541509522 0.043325875739245547 0.9986961848591954 -3.8845977725264214
-0.9934630682446148 0.1128158445247374 -0.017427485710067116 96.42265366849146 -0.11350331708216291 -0.9924981369312055 0.045436166205324736 16.118055531440262 -0.012170827636216675 0.04711723052410857 0.9988152169157203 -4.67163866075724
-0.9936740303639866 0.11064645172834073 -0.019216766120488515 95.45541108467249 -0.11135094266744407 -0.9929520660959278 0.04058524365954468 16.09160148900807 -0.014590714419562487 0.0424683076630202 0.9989912681785442 -4.517125026345221
-0.9925843039752081 0.11837371973492646 -0.02764167104529339 94.76161750845371 -0.11951086046301422 -0.9918603604070899 0.0439338102662163 16.637146162282804 -0.022216069261898345 0.046911490375329504 0.9986519705769984 -4.050180942434981
-0.9931724959045666 0.11581178345077568 -0.01400086399650374 93.32404892506011 -0.1162971553094458 -0.9923624290483086 0.04113126645599001 16.161747945809935 -0.009130446080488226 0.04247870322047917 0.9990556514664658 -4.7619248438324
-0.9934286448455324 0.11340311345177839 -0.015468078737117466 92.42368311699806 -0.11395915739988074 -0.9926090439266892 0.04172045493104101 15.840329301692575 -0.010622525362828207 0.04320902422396005 0.9990095806249986 -4.756767380970621
-0.9934702966649483 0.1128617356213626 -0.016703241511803267 91.34572509045483 -0.11346295538503433 -0.9926963827526354 0.04098840598417172 15.769749591839089 -0.011955224789284118 0.04261596299935752 0.9990199959449667 -4.7618820563788615
-0.992754774334057 0.11736211832501892 -0.02576996738863176 90.65762240640393 -0.11835123262606981 -0.9921263814347046 0.040966193344973964 16.00831269082901 -0.020759185264294978 0.0437192914346929 0.9988281532794423 -4.377835424639236
-0.9932685376712759 0.11371168274615992 -0.02207408615112855 89.64862878906477 -0.11448417525518088 -0.9927123017958834 0.037625250554121026 15.510483323262147 -0.01763478631887242 0.039899111144930895 0.9990480845491582 -4.594524693542018
-0.9932221237564192 0.11381250969589296 -0.0235907930667309 88.7811780067635 -0.11460032008652779 -0.9927851327497734 0.03527671791826244 15.443651669972256 -0.01940565682631529 0.037741129126474995 0.9990991080245273 -4.57347249159867
-0.9934706124141399 0.11168879017471575 -0.023275661511257387 87.96529364432857 -0.11255013100882051 -0.9928511728779404 0.03973684090108984 15.346516948722154 -0.018671108145353894 0.04209706241781774 0.9989390507215229 -4.662418031399817
-0.9934395527337677 0.1118939407075492 -0.02361357865872796 86.97620981346111 -0.11275870194219867 -0.9928498103037215 0.03917562145237366 15.393938223548636 -0.019061222427936696 0.041581248331481524 0.9989532869893134 -4.561326766536272
-0.9930625283704502 0.11526378749127426 -0.023260998251610855 86.01714373630679 -0.11606090925647812 -0.9925727673059406 0.03645774191023425 15.407842474242235 -0.018885975988947024 0.03890450996734963 0.9990644418730715 -4.789197348738813
-0.9930783792748833 0.11203594649244383 -0.035260166056341365 85.29673622874928 -0.1136404815149484 -0.992391938806898 0.047371729461156406 15.32082539689727 -0.029684568008141017 0.05105082256567293 0.9982547971021949 -4.208591106946239
-0.9930387456651806 0.11483279040469788 -0.026219837062940128 84.19516243590107 -0.11582785329884653 -0.992453449676357 0.04024995187190086 15.380359004996883 -0.02139995345596164 0.043006749160802 0.9988455643985767 -4.767337343781689
-0.9930297522853183 0.11487886204367179 -0.026358264960253334 83.29698097088001 -0.11595963396036174 -0.9922794260869281 0.04398754205883846 15.323534162777495 -0.021101525251589818 0.04673743275094951 0.998684303477288 -4.7646081894459
-0.9935016266257459 0.11108256879058476 -0.024802838605352887 82.49792682036068 -0.11217618571999999 -0.9925181324514912 0.04821058091659087 14.746954662560634 -0.01926191188097931 0.050679578390982395 0.9985291979130136 -4.69970976426888
-0.9934407279227706 0.11217415880235027 -0.022191849883819507 81.66642032506431 -0.11291722301497768 -0.9929637403785758 0.03567507589312335 15.018037567959311 -0.018033880638036112 0.0379469154264106 0.9991170155486099 -4.826967928653628
-0.993392775143715 0.112552117292001 -0.022423540874562695 80.825070869564 -0.11334809527128008 -0.9928238434758037 0.03811856666122092 14.97116580513478 -0.01797230064956344 0.04040837436746033 0.9990216012130777 -4.8942097678077525
-0.9930238747888785 0.11202060809684823 -0.036809882652587306 79.993484827815 -0.1136630718388505 -0.9924515309316474 0.04605067699378532 14.949824654922843 -0.03137339955185922 0.04991334604134042 0.9982606712114458 -4.2642549500721065
-0.9934062865900941 0.11240306303083206 -0.022572132920260144 79.21191673988054 -0.11323761102683925 -0.9927657060261061 0.039918622063199176 14.836035601818978 -0.01792186408322332 0.04221142451726652 0.9989479478070964 -4.868940373515143
-0.9932492798082573 0.11228610130784407 -0.029115281442333163 78.21130716671873 -0.11334715096415386 -0.9928365602310101 0.03778872896739447 14.79150819272854 -0.024663566828236227 0.040833762032741895 0.9988615080928693 -4.540542984731485
-0.9936764472795732 0.10902279737302359 -0.026854194733975854 77.30344299146938 -0.1101637958430174 -0.9928721023076467 0.04548545420965111 14.476827373910895 -0.021703829323582783 0.04815618456814598 0.9986039884161008 -4.71755016311284
-0.9935372945027527 0.11049712698743978 -0.025962075411502278 76.68861802958173 -0.11157282847001684 -0.9927607132819672 0.044471003036582364 14.505596478886403 -0.02086021043401108 0.04708026222740283 0.9986732701585909 -4.882343238542911
-0.9933438223872403 0.11112256168388958 -0.03032864668777856 76.15146326459869 -0.11235830723988871 -0.9927524223032457 0.04264081149815292 14.705349019004034 -0.02537048125851687 0.04576466208598445 0.9986300287818655 -4.678948339716081
-0.9933623051588325 0.10814891921220965 -0.039180887723080614 75.36069901258591 -0.11029894045778975 -0.9922251550124123 0.05764881173526641 14.363288091384858 -0.032641605711520305 0.061587766917062886 0.9975677784204731 -4.311091280255524
-0.9934340076233427 0.11120955150242813 -0.026857180642417537 74.74839583141141 -0.11228928983784665 -0.9927556193870067 0.04274804747862075 14.29179923541812 -0.02190862581594991 0.04548313786614268 0.9987248351196208 -4.93659935998991
-0.993150760430405 0.11435375962506596 -0.023974668217283696 73.64930812256947 -0.11531280397080872 -0.9923805849126699 0.04340198070115095 14.234397814895699 -0.01882881560020394 0.04586929635393849 0.9987699852093559 -4.970064235978848
-0.9935773583410356 0.11069990537780894 -0.023442780154920927 73.1320200295544 -0.11163542992647559 -0.9928056856115065 0.04329435763002468 13.9956698765862 -0.01848144413130936 0.04563333832637848 0.9987872819855163 -5.064097397307517
-0.9934219889422653 0.11193158867777458 -0.024167567980007788 72.03723892622298 -0.11289464522004328 -0.9926738201575824 0.04305212949895933 13.981021307435537 -0.019171618779852483 0.045497321127990216 0.9987804777845566 -5.00258148209614
-0.9937625478939457 0.10738191826108522 -0.030085246116816 71.81032253810446 -0.10868888126447183 -0.9930190409617363 0.04582478998223304 14.03232212114845 -0.024954468393814697 0.04880889179245163 0.9984963528171656 -4.7611225008485825
-0.9939549865902712 0.10668110685627545 -0.02593503561311723 70.86214011950241 -0.10777014040763985 -0.9931557755956556 0.04502446265654184 13.784448454867798 -0.02095427089763742 0.047547311605520025 0.998649173478975 -4.9609190732165835
-0.9935843098912066 0.11050061926659407 -0.024079706802908777 70.04418086398385 -0.1115249968380892 -0.9926761264832762 0.046435794280115364 13.895310268251693 -0.01877216605187551 0.04882336583911492 0.9986310052916776 -5.093717048768472
-0.9939894876656643 0.106931054174227 -0.02346589148841619 69.53572415505218 -0.1079461919929167 -0.993026715752301 0.04738735523778609 13.634892581336779 -0.018235077306836673 0.04963558658253109 0.9986009165328408 -5.079118786909936
-0.9937360513200894 0.10836035636337411 -0.027325692590805084 68.67669395237274 -0.10967532115265477 -0.9925863722679581 0.052379552479959623 13.621438564785825 -0.021447243105534003 0.05504840376196342 0.9982533190560625 -5.06518653374173
-0.993608963691386 0.1093354221599344 -0.028053390762142756 68.06700822813718 -0.11050930471429421 -0.9928824522258181 0.0444086661995342 13.286609402629253 -0.0229982791466795 0.04722500950943818 0.9986194859069873 -4.936487234499449
-0.99354998866185 0.11043554444259834 -0.02573733773539859 67.33907389889029 -0.11150906940382532 -0.9927496576411304 0.04487588098426475 13.47318249649727 -0.020594840876572557 0.047456377622913 0.9986609758833006 -5.096490202661784
-0.9936069041479708 0.10988894323011414 -0.025879338964846482 66.59554966030915 -0.11098736550654201 -0.9927691466929798 0.045729925348857774 13.382467010278265 -0.020666996090530954 0.04830984920555544 0.9986185626866396 -5.105922962618248
-0.9941923326420526 0.10450523731903727 -0.025695546085950583 66.09658651129689 -0.10577019761850742 -0.9929160097710364 0.05413374951091877 13.174451999358263 -0.01985625874894198 0.05653718168834716 0.9982030234753047 -5.143889346909148
-0.9933448318401894 0.11168108290151262 -0.02816701578681728 65.34541211463102 -0.11285672763862815 -0.992622048426541 0.04432638045451479 13.274814603231984 -0.023008782738108698 0.04721021816771997 0.9986199433305304 -5.200168438622094
-0.9932860648904811 0.1107673442519913 -0.03336748030268701 64.79649262792968 -0.11231970863527606 -0.9924666395464152 0.048931098899735105 13.185024598013277 -0.027696143169683853 0.05235040434237593 0.9982446387628247 -5.002795667114544
-0.993203862766261 0.11337970925804225 -0.026289323208073898 64.23143813980485 -0.11441506822654512 -0.9925469809407916 0.04194857313468631 13.353402324638285 -0.021337271355349935 0.04467137958338493 0.9987738426176493 -5.195412757717324
-0.9936150666022912 0.10916455587164237 -0.028499108096124184 63.61188986490827 -0.11026926994639713 -0.993072400987025 0.040594266877912254 13.202018938765798 -0.023870222588344533 0.043477651031450994 0.9987691957276084 -5.165612145108422
-0.9934526453778889 0.11106806137854475 -0.026753077080786926 63.03177045005094 -0.1121968159976136 -0.9926565270274734 0.04522050231649138 12.898253511116188 -0.021534063055455487 0.047926037718238224 0.9986187355727707 -5.202757473664182
-0.993839999989816 0.10721630222288316 -0.028048510796548645 62.46659028289975 -0.1084888314942979 -0.9929060543857743 0.04865943490306872 12.82279836367254 -0.022632451507835626 0.05140264294504275 0.9984215244259433 -5.175134073084511
-0.9931111218001256 0.11189338276826054 -0.03478750709053987 62.02763126918958 -0.1135692237767064 -0.992238207265608 0.05064949607936441 12.902850147981336 -0.02885015021892896 0.05425136804738784 0.9981104437372331 -4.985091503147228
-0.9927815803767487 0.11622928584664709 -0.029588625791379348 61.31054495500095 -0.11754675165895744 -0.9919279190643125 0.04755801252336232 13.00147134694544 -0.023822150177339185 0.05069276568035 0.998430142107408 -5.228072637083257
-0.9927904016494925 0.11680409276807924 -0.026907662575286834 60.452172202732584 -0.11803258006676845 -0.9917602784456155 0.04979819414654724 12.380495561785203 -0.02086931803921095 0.052615150005496984 0.9983967736098103 -5.282868592932263
-0.9928375594506607 0.11516752729626625 -0.03178083070851342 60.07862690810941 -0.11666984615652544 -0.9918934585200803 0.05035388706832981 12.764157552111204 -0.02572406542269365 0.053701094975263555 0.9982256582840329 -5.177480080599886
-0.992130191233046 0.12151552249753847 -0.030193731734080985 59.19264537308576 -0.12300810603178661 -0.9909456634981155 0.05381168873726061 12.673229802327942 -0.02338139205332993 0.05710227479211255 0.9980945049038326 -5.212873373906298
-0.99271129554184 0.11765155426548018 -0.026122700522001788 59.4339591846996 -0.11883618488211686 -0.9916684960965628 0.04971473636912807 12.483597618823753 -0.020056043136907654 0.05245670241737068 0.9984217793624081 -5.334301566604321
-0.9924416644648933 0.1198816468566923 -0.026228484155234096 58.4558885385673 -0.12101948679285318 -0.9915253156762329 0.04724227121489329 12.548429499166483 -0.02034272475723563 0.0500593559694314 0.9985390500272819 -5.365436188861875
-0.9921574552815811 0.12200266283474855 -0.027183343988665707 57.70590811202078 -0.12329107335697492 -0.9909942936467141 0.05224577676838936 12.42412062390161 -0.020564414887390078 0.055187500585529195 0.998264215836403 -5.363651588956084
-0.9916425867582029 0.12682779478574138 -0.0236577809036626 57.29045902735586 -0.12782465245197733 -0.9906868890883664 0.04690784597430565 12.520217131439855 -0.017488234703113253 0.04953986534301145 0.9986190281527655 -5.45677362987354
-0.9914755666505457 0.127972120875405 -0.024481360534871474 56.80601979551649 -0.12899714837335463 -0.9905647064666623 0.046274161409605316 12.504764654861312 -0.01832856913481147 0.04903772610216536 0.9986287423122826 -5.454930400023856
-0.9923800591751243 0.12099288432721303 -0.023292490072146444 56.96911313069645 -0.12194610136537445 -0.9915101438260893 0.04513073289630499 12.072983638973081 -0.017634242636576595 0.047627267737641615 0.9987095057395257 -5.471989064259786
-0.9921914077351038 0.1224530739574738 -0.023695043680170308 55.84357695621508 -0.12351083884431914 -0.9910813137923467 0.050029012978620606 12.277167461366833 -0.017357508594619746 0.052564951536245644 0.9984666457951361 -5.47080593790672
-0.9918052709664414 0.12548691505623732 -0.023986217560376475 55.26449654100648 -0.12655490069856198 -0.9907021367395924 0.04993128647237578 12.179978611575144 -0.017497473885158103 0.052557686490925085 0.998464585249957 -5.461782779689247
-0.9919455976865006 0.12380748315130434 -0.026751417646757435 54.76771789122041 -0.12498750261352655 -0.9909872921325056 0.048190362338495635 12.096696913202369 -0.020543987461187466 0.05114581065562763 0.998479869918054 -5.459334690466453
-0.9914519403541376 0.1269515103677959 -0.03010587954814872 54.064593179273324 -0.1283037309855142 -0.9905579996338244 0.04830115916464154 12.354349411640085 -0.023689714713964215 0.05175097464576524 0.9983790032046949 -5.445891569126454
-0.9922709884684042 0.12221515627940223 -0.0214881599848542 53.99298983396404 -0.12304301738884313 -0.99148146577092 0.04271906956606127 11.904962548497181 -0.016084194595376546 0.0450328614274367 0.9988560156878857 -5.573614140611528
-0.9920043800114025 0.12373321201602183 -0.024847581017035384 53.52499741170343 -0.12477346403786388 -0.9911218022065678 0.04592554695155204 12.22107001447773 -0.018944463840169668 0.04865866248681579 0.998635790393481 -5.504548341440556
-0.9922689863987296 0.12188601022096342 -0.02336790841432502 52.9926965363978 -0.12281520956133289 -0.9914704009378026 0.043621879425847644 11.942171579714465 -0.017851692683072105 0.04615457265160856 0.9987747856707744 -5.52394229570477
-0.9924078891116782 0.12072304061840029 -0.023505937393656525 52.742683027366965 -0.12164208476605345 -0.9916569304876999 0.042658357088484346 11.874020163465117 -0.01815997914852205 0.04519380134009931 0.9988131634483834 -5.553785370943074
-0.9928014956349811 0.11789944426071294 -0.0210929208020605 52.80833375310187 -0.11863494503059202 -0.9922143449837092 0.03790044097549855 11.73277602969225 -0.016460257669162454 0.04012997198558731 0.9990588797793165 -5.651801516216396
-0.992711435546189 0.11907871528889186 -0.018554387647624345 52.02849709027477 -0.11971277464999758 -0.9920826186188836 0.03795957612915466 11.514970439878491 -0.01388730792595433 0.03990410253912661 0.9991070039185649 -5.671226794574981
-0.9926163654165088 0.119922473941129 -0.01820305884075563 51.29681808936597 -0.12059095712538744 -0.9918284355809663 0.0416434320463316 11.642331420144625 -0.013060327978419486 0.04353107644951536 0.9989667027565267 -5.657022057282244
-0.9930481017765762 0.11608237773643611 -0.019502541808557844 51.0206073697289 -0.11678085573312443 -0.9923671606694129 0.03961881067330297 11.535741523704907 -0.014754636294348361 0.0416209082551434 0.9990245245757695 -5.634430704182509
-0.9925003787021925 0.12049964305068213 -0.020562935118220712 51.10869823026739 -0.12114742692381572 -0.9920566270054633 0.03386664678257804 11.553196283874277 -0.0163186772060899 0.03610380643665564 0.9992147996977663 -5.664232536304093
-0.9927080635042516 0.11892181124765307 -0.019705417103448968 49.9493054209133 -0.11964615265746134 -0.9919725861149186 0.04092904287609504 11.356009607182106 -0.014679877653123199 0.042988268237548824 0.9989677221942864 -5.698774018834941
-0.9931466941456822 0.11575472256641355 -0.016139644081601213 49.714786669093506 -0.1162821388639234 -0.9925318717898308 0.03686390731605059 11.19896399374078 -0.01175193978624985 0.03848802001853936 0.9991899540259201 -5.798063893090561
-0.9928773217654343 0.11790272824950931 -0.01713390192658465 49.58057503067393 -0.1184890317511295 -0.9922046585612534 0.03860394907296155 11.365030652005714 -0.012448826393981574 0.04035916501453078 0.9991076841465834 -5.746483974559717
-0.9935097730933714 0.11266163966665169 -0.01567436491805122 49.30193129780458 -0.11318946965965189 -0.992834611186135 0.0383089909687471 11.13179938704425 -0.011246098262488954 0.03983452997712187 0.9991430005236375 -5.659512251429352
-0.9938869320489491 0.10963662848275138 -0.012983681961185059 48.81332020684215 -0.11007237024564634 -0.9931277436856132 0.039766292641345034 11.029977456895551 -0.008534612518387727 0.04095234324025021 0.999124649867228 -5.70034600091386
-0.9943196555787818 0.10575813988685115 -0.011984922918731536 48.49821165203578 -0.10612303994619736 -0.9937152780735377 0.035606832431604535 10.936255250924566 -0.008143888645647886 0.03667644981330082 0.9992940083413023 -5.76717142793828
-0.9945169740802413 0.10363146482570787 -0.014018122711966313 48.15118833862255 -0.1040882929088237 -0.9938733117442548 0.037168097635561594 10.845948304078236 -0.010080453641420947 0.0384234264557123 0.9992107008803509 -5.7138114250946535
-0.9943593966132473 0.10527192826037793 -0.012931028083151868 48.06167341122756 -0.10568827621689707 -0.99369472110618 0.03742712273223751 10.817006364789439 -0.008909468965443252 0.03858266924481811 0.9992156919287819 -5.737496697575981
-0.9937687083914442 0.11109905406569678 -0.008986345626112299 47.67666283109127 -0.11134120459000485 -0.9932119837469904 0.033661424536438576 11.173561393980313 -0.005185593741444858 0.03445222093106599 0.9993928927556395 -5.818579512871497
-0.9960185888995711 0.08876864358591047 -0.008191366334651584 47.099403472234826 -0.08898473508822657 -0.9955338727105639 0.03152816530002566 10.72696697243106 -0.0053560701814909665 0.03213154527602335 0.9994692973325343 -5.7986499495449815
-0.9943812241759561 0.1055172702350484 -0.008490388005274567 46.935841985479584 -0.10575520146231614 -0.9937513694155846 0.03569388110467382 10.819524687892 -0.004671013808851576 0.036391227882447294 0.9993267034174638 -5.794347633607363
-0.9941583097441373 0.10771842532887743 -0.006782035930080896 46.794543810704845 -0.10788497930816712 -0.9936130343684819 0.033075204802696365 10.675606217277178 -0.0031759103209071274 0.03361366950707339 0.9994298548752234 -5.770791777366372
-0.993451921421401 0.11316907720664035 -0.015685655495661897 46.66900601908785 -0.1137549592572298 -0.992551563386153 0.04360278963655952 10.801813461748518 -0.01063433441815114 0.045101596245604836 0.9989258015226113 -5.60926559365684
-0.9933210950342126 0.11515636359216283 -0.007225931376761917 46.53453532285858 -0.1153345415360176 -0.9927682468160066 0.03330392833502903 10.808733949439462 -0.0033385159441247157 0.03391489404520156 0.9994191484423324 -5.761502247720856
-0.9936039288264796 0.11284494915800335 -0.004153320372260674 46.17205916720443 -0.11291561945792249 -0.9932519124900288 0.026470761555604242 10.731682353738872 -0.001138201661015906 0.02677042742331825 0.9996409599013836 -5.866380405340296
-0.9937731163201643 0.11133397972085955 -0.004442773776651854 45.89067183803483 -0.11140999085530265 -0.993470123987733 0.024595257295298132 10.734867076911772 -0.0016754751377955864 0.02493707487487344 0.9996876187488529 -5.8643228179535
-0.9934264442180942 0.11438923339383235 -0.004359267342895868 45.8448180938785 -0.11446286930014367 -0.9931123111456261 0.02502376875245715 10.539765489634126 -0.0014667923415869078 0.025358247860803557 0.9996773518419158 -5.838083072216573
-0.9930074111301136 0.11787914558643528 -0.006386585667492811 45.59489775360241 -0.11800981710660714 -0.9926452458041964 0.027001834174630163 10.68061743579442 -0.0031566607579859955 0.02756670125607052 0.9996149821179791 -5.845081715994757
-0.993143955246572 0.11664527612883664 -0.007678783368808032 45.66919426697808 -0.11681676384051336 -0.9927571340244148 0.02805559711468628 10.533711421555335 -0.004350614097610314 0.028760257308660265 0.9995768703589174 -5.9170203457738975
-0.9932597867607096 0.11564659055656343 -0.007801416327445701 45.46512081965131 -0.11583711910810321 -0.9927662797301385 0.03157333792169762 10.370546520244954 -0.004093634180889661 0.03226422048376333 0.9994709911927276 -5.890538475302444
-0.9925772392707827 0.12081210785239394 -0.013959178982035926 45.14144538864407 -0.12120398746591224 -0.9921164071994417 0.031853225708458485 10.52372748434878 -0.010000875159374603 0.03330869498994401 0.999395073699143 -5.869204035297945
-0.9929577121791833 0.11748729332487952 -0.015222277460179763 44.926462653783304 -0.11791536821758364 -0.9925334479935979 0.03119808571130349 10.655942446537855 -0.011443240886728897 0.032773320264093325 0.9993972992343337 -5.909890528643065
-0.9931074055278629 0.11631188620816194 -0.014464653898993398 44.84679008797286 -0.11669085935698902 -0.9927472762938193 0.028915199354936232 10.998734835585223 -0.01099656438370086 0.030403791505476594 0.9994772058600718 -5.8627108532469006
-0.9932805257111471 0.11422558418158418 -0.018609491163566638 44.79169227707281 -0.11473164175468993 -0.9929767726110637 0.0288752391365992 10.937440871348127 -0.015180501416771427 0.030816310183051573 0.9994097795216156 -5.8734018821694685
-0.9932763027192527 0.11464271422258977 -0.016100761847114255 44.62582010656979 -0.1151241492355867 -0.9927996865665174 0.03309399667939037 10.506986068521815 -0.012190845711498527 0.034725069173601714 0.9993225469545546 -5.850610185216563
-0.9929691478730036 0.11784548231717419 -0.011167527470305479 44.49304836101982 -0.11814212807776352 -0.9925036216189034 0.03128895406714351 10.575948468918954 -0.007396549575564411 0.032388321518597794 0.9994479914850967 -5.827437150027259
-0.9926964216751146 0.1198175177565359 -0.01405620262007793 44.430995269322054 -0.12025241237185323 -0.9920967023373618 0.035825836069715546 10.578587684187708 -0.009652549517338975 0.0372544715437774 0.9992591919206113 -5.790101096934576
-0.9925918253886123 0.12129351916997967 -0.007024982495741216 44.33625350872714 -0.12146185560900367 -0.9920326758780214 0.03343931252754797 10.547945625883726 -0.002913040288155388 0.03404485567101249 0.9994160605066479 -5.8017762341248185
-0.9920623687893453 0.12556952410656766 -0.0066746571244604026 44.38223741566637 -0.12572842269734186 -0.9914264001968917 0.03558169077883205 10.920334747418057 -0.0021494553074471634 0.03613845055188172 0.9993444812643987 -5.8134429369822005
-0.9922897393987009 0.12361068767076729 -0.009026127498491458 44.21762340512942 -0.12384880907412696 -0.9917183346945037 0.03400319281603153 11.042772305369638 -0.0047482180845529525 0.03485889447938306 0.999380964347786 -5.816673909418291
-0.991241618438559 0.1318013390075349 -0.008274110896741363 44.35741307749418 -0.13201763293798663 -0.990572559743461 0.036569775453861406 10.707267231251972 -0.0033761618385626216 0.03734181194207414 0.9992968480947665 -5.831209307399979
-0.9920568840270431 0.1255115012899985 -0.008366713721117672 44.08171183389814 -0.12572923388956286 -0.9914495515590749 0.03492773194556997 10.75376428317256 -0.003911342493682257 0.035702237426383183 0.9993548176912279 -5.82370844805501
-0.992399150658253 0.12265465886794871 -0.009988014355830271 43.95711602757407 -0.12291838848141948 -0.991883152294469 0.03254046661503227 10.967554069636726 -0.005915703332352515 0.03352084205952881 0.9994205108970462 -5.822794434237795
-0.9920070818349226 0.12587563242391794 -0.00879060585179828 44.08586430996446 -0.1260865664695531 -0.9915587216327532 0.03022382024068907 11.135706363822631 -0.004911959413722905 0.03109062102790948 0.9995045002093915 -5.846499301086726
-0.9926315549121854 0.12078399826797122 -0.009686173394316284 43.64259156771207 -0.12104109336421444 -0.9920993770501075 0.03298302251135798 10.826890441075204 -0.00562582525661614 0.033912413939316044 0.9994089744799175 -5.855318384247331
-0.992607995552304 0.12098401713684027 -0.009603893120982528 43.59963743400153 -0.12123830205041025 -0.992074773154016 0.03299876645191787 10.810393869525189 -0.005535456763480713 0.033919199118598024 0.9994092488313154 -5.8312865237157885
-0.9926237692169161 0.12057015427977628 -0.012684269098563992 43.42176931706121 -0.1209493731600537 -0.9920301545019055 0.035318857443566935 10.770860622696102 -0.008324777342635842 0.03659249179653274 0.9992955957204686 -5.8416127274670195
-0.9927595587291319 0.11953020795535431 -0.011873834178729817 43.379001685581024 -0.11988510914054304 -0.9921370373620747 0.03593966751060774 10.728301973399413 -0.007484594732824252 0.037102944365135955 0.9992834194367138 -5.8522975992480895
-0.9924428622733846 0.12214399345026403 -0.011747765176443064 43.33739556450444 -0.12246370053471531 -0.9919540333771641 0.0320910847140673 10.880191172454 -0.007733509808813551 0.03328724276360657 0.9994159055644658 -5.948082163304072
-0.9926895229168564 0.12006078881928281 -0.012366004981555233 43.188952168388624 -0.12044887519324468 -0.9919964478897664 0.03788292278548379 10.779606516086575 -0.007718779423884762 0.03909545193728009 0.9992056675590018 -5.880856711140625
-0.9927239652843777 0.11966773354008706 -0.013370201922479232 43.124555228233184 -0.12007475979685658 -0.9921279250850944 0.035556044859824165 10.761844472277325 -0.009010039389293147 0.03690276162735072 0.9992782422200968 -5.85603682579843
-0.9930764427245593 0.11702348843196979 -0.01023142515768892 43.35156006276447 -0.1173396095805437 -0.992306320193474 0.03949155514258468 10.48632745534427 -0.005531268302172439 0.04041868453211423 0.9991675209951882 -5.8107902836557725
-0.9926334197016332 0.12089775976199037 -0.007913644923617133 43.10357472967693 -0.12110330504132107 -0.99201399230713 0.035245263156110075 10.562122907651228 -0.0035893731365829813 0.03594399465010692 0.999347359854962 -5.879093933252296
-0.9925996980516704 0.12110840960042688 -0.008865244035080426 43.085831093294914 -0.1213446881885585 -0.992010600373754 0.03450268677269248 10.701320093155788 -0.0046158505357174855 0.035323106745697906 0.9993652845950143 -5.898237446235496
-0.9918699088979779 0.12698475283724556 -0.008303997205673878 42.98326615381021 -0.12718538350611489 -0.9913800923694124 0.0314545811611853 11.047882275899427 -0.004238165302444053 0.03225499962000589 0.9994706863907443 -6.064153598698865
-0.9928544670327731 0.11898449330912096 -0.009093824555572802 43.014543823915005 -0.11923154477182193 -0.9922565629631183 0.0347958616497592 10.871920380906072 -0.004883239130051326 0.03563149742286236 0.9993530659216521 -5.98734058437164
-0.9913954715868544 0.13068280862556733 -0.007551320865681425 43.38391631010984 -0.1308654314386593 -0.9908179761819047 0.033970235930409445 10.980383704080582 -0.0030426586165755573 0.03466614493316388 0.999394316885992 -5.983575778090711
-0.9921962145781038 0.1244111876829562 -0.00827817348250375 42.90202787467318 -0.12461695251709712 -0.9916703727977154 0.03256511723602621 10.90335305991288 -0.004157754471109921 0.033342586800674624 0.9994353330672325 -6.018458820940856
-0.9921196684024337 0.1250020550812601 -0.008546917251828129 43.01660901324919 -0.12520786037902285 -0.9916566035414931 0.030662230053528583 11.191156831158688 -0.004642765162632603 0.031490742735123846 0.9994932605343805 -6.062548416966648
-0.9933562691641644 0.1147822290008336 -0.008268156860042125 43.03679366621809 -0.11501451524396915 -0.9926451252066167 0.03777984498039242 10.006840592821689 -0.003870890783409034 0.038479803912541626 0.999251880606388 -5.97759213307406
-0.9926766582716091 0.1203599528614456 -0.010321524592608057 43.258837278667556 -0.12066064283782232 -0.9920195600505237 0.036581439927107155 10.11634303113587 -0.005836213900179135 0.03755894333401442 0.999277371095215 -5.926212794954656
-0.992328258224952 0.12323974011220178 -0.009828244263966944 42.9049467911713 -0.12349690506253916 -0.9918164423352492 0.0323830071708746 11.006484532610315 -0.005756940872499171 0.0333483308507587 0.9994272091859789 -6.046837716097177
-0.9918363338216492 0.12722365599892907 -0.008650333260046949 42.754386607890225 -0.12742841129037305 -0.9913948931067682 0.029969416374663934 10.971276790718349 -0.004763077498343186 0.03082705428828091 0.9995133845110142 -6.12837665117702
-0.991878331469767 0.12685298281981036 -0.009257230172931724 42.71719214171083 -0.12708048016750675 -0.9914174959009391 0.030690395597264806 11.04445411958528 -0.005284611731593434 0.031617551632559054 0.9994860695915784 -6.154136127091049
-0.9917156390401481 0.12816283787861565 -0.008624283743895235 42.79599231524337 -0.1283494263382502 -0.9913740140538307 0.026532791361729292 11.422077270155109 -0.0051493729557640635 0.027419906011923498 0.9996107405947943 -6.208895514375597
-0.9922474443410086 0.12336541433724639 -0.015032755706792146 42.518942711124566 -0.12383879329672964 -0.9916410101766111 0.03622237168834219 10.665894791145147 -0.010438509163211306 0.03780319406238126 0.9992306820975556 -5.96704828112203
-0.9921759932400928 0.1242341237510838 -0.012356412660711458 42.71881005311775 -0.12458378404515624 -0.9916469053536389 0.03339604550768812 10.924458419081555 -0.008104269925867985 0.03467416326837646 0.9993658105071545 -6.04821724479247
-0.9921277988441768 0.12472710993627394 -0.011206195052989072 42.887054396287645 -0.12502437569299923 -0.9916487031010045 0.031650515330388485 11.087245243230155 -0.007164931485840301 0.032802403647415906 0.9994361740860552 -6.108762186151616
-0.9935147257982235 0.11310137341496342 -0.011686272020501206 42.83540702135223 -0.11344504421695593 -0.9929329537856676 0.034847829618085566 10.005653557889982 -0.007662347205722856 0.03594758153377249 0.9993243016244447 -6.030274535627473
-0.9911784271208531 0.13191996162643005 -0.012745561373396825 43.21405922357258 -0.13223569027557694 -0.9908133056792995 0.028332234402085973 10.893447396625362 -0.008890884521999296 0.029767717637639392 0.9995173010804161 -6.022253264965791
-0.991937237002054 0.12611971181977566 -0.012423209699290737 42.930133322051695 -0.12642764666454506 -0.9915722895079689 0.02829213386780646 10.880800615473644 -0.008750314714388948 0.029634658264025455 0.9995224955057179 -6.071794451710598
-0.9919996389764315 0.1256295168529803 -0.01240728680767792 43.18054933049973 -0.1259670123071222 -0.9915249257829419 0.031790460228805356 10.457856852425476 -0.008308313972071681 0.03309903391986999 0.9994175433083627 -5.954505555311704
-0.9925475325940595 0.12115384124547898 -0.013082136404924529 42.823765906587376 -0.12153945282934427 -0.9919894622154731 0.034424820397577376 10.261160273586057 -0.008806642231598247 0.035758266246102274 0.9993216646544242 -5.992281503442501
-0.9917800631203941 0.12752094248065812 -0.010522149293457083 43.36086511463951 -0.12777393683121172 -0.9913925080479302 0.028543231300791692 10.988878517417877 -0.006791720221174719 0.029653064180309805 0.9995371770580456 -6.00986538450378
-0.992141316584659 0.12473538760673453 -0.009833158407296563 43.37636823948586 -0.12497012615599899 -0.9917449603102513 0.02871238875073192 10.923857000727413 -0.006170534354430934 0.029715598224113203 0.9995393477637428 -6.035947554649651
-0.9928818523659729 0.11828414397911127 -0.013945914292198295 42.78100994745668 -0.11871532703388364 -0.9922837959567061 0.03577065010580419 10.20405701225267 -0.00960720404460797 0.037171623113370605 0.9992627142376362 -5.982359025709784
-0.9924545580748944 0.12201188742221432 -0.012126396168861651 43.29282558496256 -0.12231968346590255 -0.9920632227492842 0.02912828702670577 10.656217148980206 -0.008476154386111061 0.030391798169525055 0.9995021227645566 -6.024818430045923
-0.9929173358211533 0.11805478548011791 -0.013350350222862711 42.67185210567171 -0.11845605801737472 -0.992345867419602 0.034897589232347155 10.434934330269593 -0.009128337461664037 0.036231851187714506 0.9993017194094634 -6.03555612046366
-0.9930839847561488 0.11684626229618215 -0.011452083141333705 42.75796287142121 -0.11718863773854048 -0.9924519304403449 0.03613846911843435 10.165043895043807 -0.007142996979584802 0.037230588937722825 0.9992811720639538 -5.970558455524429
-0.9918560197787069 0.1272021043020943 -0.006423448440247872 43.39076738431965 -0.12733655500316113 -0.991429375050081 0.029209519813502515 11.064699459577637 -0.002652883086850016 0.029789577857489116 0.9995526715798444 -6.148386504984044
-0.9919912020040511 0.12603606242722298 -0.008268380398080059 43.18405839486238 -0.12620766702079786 -0.9916805800057406 0.025322954500746467 10.71108071076774 -0.005007986794578231 0.02616368107357131 0.999645127963398 -6.112551567377288
