-0.9902037704570283 0.1387835960737474 -0.015349476653083635 129.08546731662122 -0.13906304090014052 -0.9901023049904146 0.018944558803884334 12.696164732925736 -0.012568358217781022 0.020893518456854682 0.9997027044367753 -3.696870231616137
-0.9902082539215504 0.13879308134913343 -0.014969784074824376 127.93935669750383 -0.1390896585152093 -0.9900565973154315 0.021023819974296778 12.648013258609101 -0.01190297272770525 0.02290010222252317 0.9996668968003497 -3.7999076605728797
-0.9902090656807776 0.13879404527442046 -0.014907019821653532 126.78704484945159 -0.13909507454628264 -0.99004512116007 0.02152250691964347 12.616685777445177 -0.011771426445640514 0.023385274501364045 0.999657222479751 -3.8357257231747615
-0.9901967382410847 0.13875605375015457 -0.016036742948632297 125.65131799897347 -0.1390813245990143 -0.9900508719447488 0.021346102904876492 12.582241240599458 -0.012915290337421838 0.023367252922116936 0.999643519844136 -3.7079704775894347
-0.9901976515186497 0.13875824069588358 -0.015961252016480174 124.52080644741703 -0.13908358186517855 -0.9900474626852774 0.021489041067392446 12.546490500476613 -0.012820615527443496 0.023498346099824687 0.999641665572254 -3.739846249117151
-0.9901991012809664 0.13876432379557724 -0.0158177831544892 123.39456477952199 -0.1390809580627698 -0.990056852154219 0.021069328580209074 12.511013657160806 -0.01273683346473207 0.02306278266027191 0.9996528803185918 -3.7758512008296354
-0.9901841431741392 0.13872108330223648 -0.017082846775327013 122.2788665356811 -0.1390640818360565 -0.9900636586698686 0.020859839988077482 12.479840408369936 -0.01401940617821961 0.02303069318730104 0.9996364556286061 -3.652888356045009
-0.9901825819987451 0.13871485148511442 -0.01722336447274551 121.16739904573825 -0.1390666616745739 -0.9900549124243215 0.021254034797155028 12.445563152555497 -0.014103826324369411 0.02344057085336732 0.9996257408255754 -3.6500372151769005
-0.9901721147645448 0.1386844876018479 -0.01804982108834816 120.06335786481768 -0.1390587027270216 -0.9900517263492032 0.021453585920304684 12.40882073519939 -0.014894976958233679 0.02375272724499149 0.999606896539754 -3.578227218751321
-0.9901682639924606 0.1386758008491155 -0.018325698922911585 118.95835114540293 -0.13905142257579708 -0.9900600398484771 0.021114435225200314 12.37448431010403 -0.015215480991537609 0.023455058177044463 0.9996090982899803 -3.565294119968532
-0.9901684564562175 0.13867981512719066 -0.018284876685362893 117.85646543242781 -0.13904370150018389 -0.9900759624977995 0.020406801738219196 12.3426321957244 -0.015273405391020773 0.022748568314147836 0.9996245423794963 -3.583132021357234
-0.9901509957491952 0.13863770116389326 -0.019508803983521374 116.76506000404659 -0.13901831596311598 -0.9900932886796733 0.0197278366337481 12.312756480426941 -0.01658051397441211 0.02224561816312681 0.9996150354155764 -3.4559926173440476
-0.990139085031641 0.13861038040672366 -0.02029174059088139 115.68020797712228 -0.1390007618197563 -0.9901044749388238 0.01928514764379919 12.277023832913429 -0.017417821512222598 0.02191554584351283 0.9996080873743215 -3.3855178338079948
-0.9901346501482797 0.13859568439250922 -0.02060608753538092 114.59730561785344 -0.13900637907648522 -0.9900886202764025 0.02004371660183165 12.237903886355609 -0.017623880156999706 0.022710355940452242 0.9995867338961987 -3.3869470085778226
-0.990134988622378 0.13859064273334007 -0.02062372547632003 113.52128822141992 -0.13901857852525648 -0.9900670540799609 0.021001505904207438 12.199372466488919 -0.01750825892486187 0.02366140680912837 0.9995667054765444 -3.4261950705414366
-0.990146902857688 0.13861705172034353 -0.019860104070403214 112.44748743801615 -0.1390359134714428 -0.9900531055260436 0.021537479039988455 12.159937259512546 -0.016677095864961227 0.024086535877873374 0.9995707645099042 -3.544031598055837
-0.99017101738025 0.13867879883125286 -0.01815343204138675 111.37448752934958 -0.13906239499806655 -0.990041087190514 0.021915655865768328 12.127093537757288 -0.014933406763429793 0.024224707002273155 0.9995949964526093 -3.760893760247503
-0.990178854555397 0.13870523726932713 -0.017512656720828773 110.31018221153595 -0.1390610339265251 -0.9900598603890595 0.02105947980558823 12.09786425487526 -0.014417518324862539 0.023287979741828627 0.9996248322070119 -3.8405259838015393
-0.9901894289778531 0.13874154758006227 -0.016603545272077587 109.24827800702414 -0.1390505703487976 -0.990099511411405 0.01918062534357539 12.075416885925101 -0.01377801241786015 0.02130118489628753 0.9996781611577933 -3.933170771982184
-0.9901893475909497 0.13874201097728295 -0.01660452671376384 108.20535887908643 -0.139046484815166 -0.9901064419375143 0.018849633799651825 12.041994636769463 -0.013825012765072066 0.02097350766597394 0.9996844407102824 -3.9536384931039996
-0.9902061208245877 0.13878946853561255 -0.01514337165642085 107.1631049191801 -0.13907484758481625 -0.9900843823073819 0.019776316145086723 12.004738491409197 -0.012248471365129708 0.02168869139926394 0.9996897396765685 -4.152328002248433
-0.9901974837430267 0.13876143203479846 -0.015943906943711308 106.1328751033164 -0.13907341397064935 -0.9900702085917564 0.02048334898457039 11.971353645308001 -0.012943288435560288 0.022499934193844162 0.9996630553570269 -4.097757580187055
-0.990194624588999 0.13874988464889332 -0.016219585228057956 105.10678198738164 -0.13907876619750945 -0.99005232569384 0.021295285421829804 11.939205163730133 -0.013103519680984084 0.02334227705553799 0.999641653730892 -4.095055400754151
-0.990195901918439 0.13875115646552866 -0.016130480569621977 104.08248590156785 -0.1390855332039416 -0.9900386494875328 0.02187891620434668 11.909943061136516 -0.012934074273167936 0.02390792965482271 0.9996304920430927 -4.132994253716449
-0.9901903355395171 0.1387368342383831 -0.016588858599971137 103.06532327523784 -0.13907525016181826 -0.9900513777736559 0.021362213389852096 11.881940780083578 -0.013460096454560902 0.023459756904054427 0.9996341658874193 -4.097038098294813
-0.990184854752855 0.13872560519978588 -0.017004701703375924 102.05179081052097 -0.13905787223454197 -0.9900777742509794 0.020221501028076416 11.858019454990517 -0.014030737246112278 0.0223876616952251 0.9996509045742673 -4.058933214888953
-0.9901809106893565 0.13871523096969 -0.017316142856343954 101.0464983236742 -0.13905182308790462 -0.990082386151345 0.020036445013732213 11.833031408075362 -0.014365047940255234 0.022247546603699812 0.9996492845332255 -4.0468568964816924
-0.9901812640301045 0.1387126440790936 -0.01731666065762429 100.0489120986354 -0.13906193158985805 -0.9900626312019692 0.020922845885093015 11.802412626927111 -0.014242315339938487 0.0231254982653438 0.9996311158541122 -4.078272674440129
-0.9901618472940263 0.1386581176486975 -0.018800068441389296 99.0618236167483 -0.13904625025867284 -0.9900589081763432 0.02120138273013493 11.77602396481872 -0.0156734314138123 0.023606879310639664 0.9995984487767722 -3.961814736868393
-0.9901547189952539 0.13864027690098948 -0.019300416374960435 98.07675377105606 -0.13903777312052462 -0.990063355707409 0.021048737042168943 11.751676059547437 -0.016190432270801133 0.023524993224267193 0.9995921391230941 -3.9303004568854143
-0.9901539372558464 0.1386378951670174 -0.01935754530936701 97.0966305975346 -0.13903770939390728 -0.9900620895909026 0.021108626705476807 11.722082422486904 -0.016238716182028875 0.02359221860179493 0.9995897715153975 -3.9457534699897203
-0.9901534030905129 0.13863461641203975 -0.01940828381291045 96.12019497948191 -0.13904066295248305 -0.9900550309861337 0.021417975272642872 11.691692380977416 -0.016245996245533335 0.023905621751632813 0.9995822071518969 -3.950793402564512
-0.9901627001006975 0.13865753611581746 -0.018759397847131033 95.1608033654961 -0.13905224278921244 -0.9900476103404158 0.021684165525154144 11.663986976669726 -0.015566024045531791 0.02407938822983578 0.99958885645944 -4.054699443389915
-0.9901730131768468 0.13868704488298603 -0.017980755209613973 94.20026275649181 -0.13905940906389294 -0.9900519338383224 0.02143942755296635 11.637883180735635 -0.01482851061584803 0.02372913577487884 0.9996084450365017 -4.14375192893735
-0.9901823202858882 0.13871472534080936 -0.017239418983210734 93.2453999700438 -0.13906505089905208 -0.990057956608837 0.02112236194128127 11.613685996393585 -0.014138041296407214 0.02331239003530651 0.999628255032411 -4.227216202879633
-0.9901929040547995 0.13874809666255578 -0.016339474656190196 92.29165637944162 -0.13906803777428373 -0.9900724425233283 0.020411747242733758 11.593568556184291 -0.013345172502915765 0.022483865957814098 0.9996581326345813 -4.3208297633294555
-0.990200788601666 0.138773110666638 -0.0156340016804042 91.3457145128286 -0.13906989555852636 -0.9900839091986761 0.019834739605241177 11.57373337457902 -0.012726444985871183 0.021814593779674166 0.999681029677091 -4.399438592296158
-0.9901919554102958 0.13874732681609592 -0.01640337593674848 90.41595736174034 -0.13905985212566987 -0.9900869352529128 0.019753940576040505 11.551368922230822 -0.013499961760007043 0.021841244078174345 0.9996703011941468 -4.345632007291938
-0.9901840189008912 0.138724777083766 -0.01706003916580756 89.49212377202049 -0.13905190119635424 -0.9900877404068771 0.019769549051098387 11.532761265082659 -0.014148409343767028 0.02194772241176471 0.9996590018571219 -4.30955414089677
-0.9901673699353246 0.13868175079838485 -0.018328980082273356 88.57514410013155 -0.13902804665584934 -0.9901023006024848 0.01919991106035564 11.517763759148428 -0.015484888066132576 0.02155936773565693 0.9996476438747893 -4.211213817318918
-0.990161997429303 0.1386705439037175 -0.01870024332087616 87.66196129679727 -0.1390115448565349 -0.9901204825655187 0.01836356176845616 11.499992921091366 -0.01596900884251719 0.020782450713799028 0.9996564812468912 -4.188314968309091
-0.990155177075696 0.13865299062941655 -0.019185241716380412 86.75869156017541 -0.1390064834304492 -0.99011848446019 0.01850903278285122 11.479747125699749 -0.016429329703224752 0.020993687617361114 0.9996446079511095 -4.168165069211431
-0.9901553878812434 0.13865082638987614 -0.01919000237489241 85.86374264663105 -0.1390165842422738 -0.9901029117183622 0.01925132495262587 11.45592790763825 -0.01633086511348164 0.021729531707453797 0.9996304968819326 -4.202032672025599
-0.9901612238678722 0.13866361791501972 -0.018792333947519044 84.97525291322928 -0.13902892110464823 -0.9900910484394206 0.01976549763113764 11.43544306842985 -0.015865366209298546 0.0221837072385666 0.9996280174585939 -4.265948102526749
-0.9901669692795692 0.13867805197294153 -0.018378543160490937 84.09484628936458 -0.13903631967389596 -0.9900872403378657 0.019903726577878818 11.417933651353362 -0.015436151050378537 0.02226329762499 0.9996329680535804 -4.320372784735122
-0.9901714411521668 0.13869043588058225 -0.018041067648420134 83.22608323041084 -0.1390392371958636 -0.9900894258532882 0.019774208795760594 11.397530844833485 -0.015119776672726943 0.022088273104977435 0.99964168607787 -4.35961773985352
-0.9901700371282885 0.13868579031002196 -0.018153488354803387 82.37027436248714 -0.1390405463463512 -0.9900846630983892 0.020002159109885186 11.377384016532638 -0.01519947515776481 0.022329609567424948 0.9996351156754623 -4.376799296709403
-0.9901757235267884 0.13869985050484004 -0.01773099004951917 81.52264109971969 -0.13904987168155206 -0.9900768837826027 0.020319876591031794 11.360251363509517 -0.014736679529155363 0.022585740396672473 0.999636291161535 -4.435749861961741
-0.9901770513267676 0.13870421680214687 -0.01762235135077457 80.6847984812318 -0.139049113176932 -0.9900807159404453 0.020137528337986637 11.341494797136171 -0.014654390145477491 0.022390090758134355 0.999641902225645 -4.461967698806081
-0.9901786072199207 0.13871085526687096 -0.017482117581997542 79.8566829027972 -0.1390426410280352 -0.9900953087856119 0.019453110205630224 11.32844075706853 -0.014610605051350568 0.02169281336887015 0.999657917523878 -4.48429101177582
-0.9901748297475469 0.13870078878849115 -0.017773511860804555 79.04244575181188 -0.139038254731423 -0.990096779626714 0.01940955161897606 11.312999898017962 -0.014905376736456883 0.02169004753937036 0.9996536258034999 -4.478144449382951
-0.9901740631220401 0.13870037749097017 -0.017819371600933182 78.23660832961916 -0.13903065621437852 -0.9901083942017744 0.018863837461740286 11.298895252568451 -0.015026688024612973 0.021155921512570737 0.9996632561177613 -4.484293646760704
-0.9901776863357855 0.1387103092467455 -0.017538517365571663 77.44163472559319 -0.13903302904890733 -0.9901101464049771 0.01875406141079825 11.286074908447096 -0.014763682338628114 0.021008286331505744 0.999670288439752 -4.520772616405191
-0.9901822734897888 0.1387228299385574 -0.017176778523077703 76.6547666373358 -0.13903700165994967 -0.9901108409985308 0.01868782241443319 11.269455570420579 -0.014414487018410587 0.020892558268922636 0.9996778098832523 -4.569414065254539
-0.9901777589647223 0.13870965660008774 -0.017539578600597176 75.8792370983404 -0.13903719563879968 -0.9901033466373584 0.01907933977896769 11.255262603329406 -0.014719506802163253 0.021330591726178037 0.9996641145785482 -4.564488272672536
-0.9901655764831166 0.13867542804852068 -0.01847313734633383 75.11768178082444 -0.1390318060266814 -0.9900930071524939 0.01964673257034767 11.235287105710388 -0.015565605057824927 0.022021871929767657 0.9996363084121607 -4.516656291408593
-0.9901611249782082 0.13866379326330575 -0.018796250150501237 74.3581183201243 -0.13902755420735322 -0.9900932828156629 0.01966292181810997 11.2224587789481 -0.01588350569019522 0.022082657474472106 0.9996299667806355 -4.512768233107447
-0.9901586526232313 0.13865681895814344 -0.01897707015729795 73.60864035581548 -0.13902684533543852 -0.9900905668704069 0.019804183151847957 11.209475803568713 -0.016043033111678914 0.022247605503615906 0.9996237617913714 -4.517085644911216
-0.9901537262381602 0.13864364623501912 -0.019327125377181283 72.86824763284359 -0.1390235540356412 -0.9900884799076365 0.019931216156700012 11.196604204883956 -0.016372227703814506 0.022421893605242913 0.9996145301300745 -4.511141157691303
-0.9901571307571096 0.1386536924113713 -0.019079045876044025 72.13104823780667 -0.13902312396923072 -0.9900946194173961 0.019626910163275862 11.182844535507266 -0.01616871710072438 0.0220861536129367 0.9996253170092794 -4.5457904449324085
-0.9901494244501822 0.138633105299166 -0.019620891317243375 71.40704821513347 -0.1390184862065277 -0.9900905443353724 0.019863899680858492 11.164403787793535 -0.01667266486852615 0.022395895445284177 0.9996101470640371 -4.527546027091642
-0.9901524689733289 0.13864002613817375 -0.019417294827734837 70.69479084366617 -0.13902341722211328 -0.9900867096652997 0.02001991029017494 11.1457108711889 -0.01644924466067928 0.02252222228260224 0.9996110102702682 -4.557070645640883
-0.9901552760516292 0.1386459227418521 -0.019231157380194208 69.99045052311955 -0.1390292702649408 -0.9900806944677337 0.020275119035111405 11.123258690344825 -0.016229335067077053 0.02274920986210901 0.9996094648080969 -4.58787665210607
-0.99016317065937 0.1386657421421663 -0.01867370948540021 69.29245270327888 -0.13903864825143558 -0.9900764615013581 0.02041701920856586 11.106405699076436 -0.015657259089522736 0.0228125477996569 0.9996171456616236 -4.646648340138694
-0.9901577804382812 0.13865455695057657 -0.019039004027924796 68.61104907769108 -0.13902604453523906 -0.9900905768943179 0.019809303015555068 11.094671664680329 -0.016103688348379795 0.022261252927804235 0.9996224826601603 -4.625579974155233
-0.9901607952005712 0.13866412255959243 -0.018811187164844635 67.93827840253508 -0.1390235354400626 -0.9900996374990886 0.01936916151823443 11.076918298123498 -0.015939141806199174 0.021793782116744733 0.9996354209508234 -4.6501641348973095
-0.990162429928718 0.1386699046582103 -0.01868207428897519 67.27547474514672 -0.13901951437140236 -0.9901087316581407 0.018928130342083967 11.060423514499513 -0.015872522849105425 0.02133909642862915 0.9996462904357789 -4.672752579494572
-0.9901661588317893 0.13867938264616786 -0.01841213548662979 66.62471947272687 -0.13902379717650704 -0.9901074409845527 0.018964153702346317 11.039219604120547 -0.015600055221879468 0.021337388216427493 0.999650616036011 -4.70436910140251
-0.9901699021354765 0.13868930719393693 -0.018133972953713065 65.97807629952293 -0.13902687901445718 -0.9901081437865891 0.018904775031042143 11.025562601593055 -0.01533270414896458 0.02124004890626751 0.9996568253685557 -4.725210867734878
-0.9901704779138157 0.13869066520970752 -0.01809209914891997 65.36009551220485 -0.13902811563637882 -0.9901070097271896 0.018955008617267236 10.99967416970068 -0.015284231433840452 0.021284000394000878 0.9996566328478519 -4.753843914874804
-0.9901677598307718 0.13868423729321158 -0.018289060066342885 64.74597519924414 -0.13902243800460337 -0.9901120382912711 0.018732681654259335 10.982179268357653 -0.015510290873040756 0.021091087148456596 0.9996572397176591 -4.753663104121208
-0.9901648968528133 0.1386772399375734 -0.018495949928406856 64.14389047160007 -0.13901776688368497 -0.9901151416574608 0.01860286943726096 10.96322596324731 -0.015733325494975463 0.020991173952951435 0.9996558573253829 -4.742637440698073
-0.9901635210357221 0.13867329171260678 -0.018598918671021026 63.55136284061511 -0.1390182173331324 -0.9901124149971279 0.018744090217276743 10.946418442871412 -0.015815715591111956 0.02114530288611923 0.9996513088603424 -4.74726619450069
-0.9901698289525923 0.1386890073021116 -0.018140261452045687 62.96599396247561 -0.1390272673723556 -0.9901073983338062 0.018940926366911887 10.923249675138601 -0.01533390879617059 0.021276724800026785 0.9996560269526786 -4.794005076274082
-0.9901729330988397 0.13869630194103832 -0.01791363688143882 62.4025212869818 -0.13903409571215455 -0.9901008796555212 0.019229361270354493 10.91208759758349 -0.015069266337255773 0.021530999355410897 0.9996546069912414 -4.82948626020703
-0.9901755384751647 0.13870246152157117 -0.01772089651440591 61.82200072114419 -0.13903984197241379 -0.9900951604835361 0.01948064504493428 10.87620244859272 -0.014843360458582472 0.021753168848183856 0.9996531770045843 -4.8501966809572785
-0.9901743196757152 0.1386992165875119 -0.017814150912818065 61.26766619915265 -0.13903849082141828 -0.9900955295379193 0.019471529450182868 10.856907194206617 -0.014937025300793981 0.021757061084563694 0.9996516971266171 -4.851519348226118
-0.9901668525816412 0.13867929868859213 -0.018375422819799075 60.724305553943665 -0.1390313825768603 -0.9900958019844508 0.019508396949361923 10.839771683193524 -0.01548801818609616 0.021871328446334045 0.9996408186367041 -4.829665336891746
-0.9901682995542225 0.1386822155079201 -0.018275165107696268 60.18356196779005 -0.13903569352447168 -0.9900905731268193 0.01974165473244179 10.819297295723798 -0.015356252279378813 0.022088460951831243 0.9996380772103025 -4.853316145235341
-0.9901710092042697 0.13869015222596354 -0.01806693684431957 59.65182725989062 -0.13903594809470002 -0.9900945699292936 0.01953836569252065 10.799489918289904 -0.015178197152674062 0.021858276969282296 0.9996458563206914 -4.874350131634597
-0.9901792650802352 0.13871141509048016 -0.017440364926255822 59.12572702909792 -0.13904778599887488 -0.9900870983907182 0.019830552414369113 10.778958602737639 -0.014516756317288803 0.022060845945803407 0.9996512306110465 -4.920443452928715
-0.9901847977104549 0.13872774768789428 -0.016990538677435354 58.60658861842792 -0.13904958203387777 -0.9900933594605192 0.019502648240346813 10.755960261078947 -0.014116661053853272 0.02167375310431379 0.9996654281843821 -4.95538463143852
-0.9901884361227572 0.13873812400199603 -0.016691132890713542 58.096683369639535 -0.1390525824581934 -0.9900942041528032 0.019438266762623474 10.735803401667287 -0.013828965271342966 0.021568492099225716 0.9996717260521527 -4.980721226358418
-0.9901919240582578 0.1387476532253482 -0.016402507560243227 57.597707852861 -0.1390580146728392 -0.9900903470781619 0.01959523355037189 10.71754978081546 -0.01352117173375668 0.021683942148597323 0.9996734389628659 -5.009448051269234
-0.9901979380958988 0.13876483323479988 -0.01588598275048264 57.10656910475582 -0.13906586954577324 -0.9900864012057402 0.019738340227691324 10.69273812700714 -0.012989508001014494 0.021754061799680313 0.9996789652068846 -5.05038472149781
-0.9902035181651886 0.13878222013353447 -0.015378165953390279 56.62334803008989 -0.1390677702077073 -0.9900931634573463 0.019382542776442628 10.67162121319338 -0.01253586465861633 0.02133126929724282 0.9996938676652114 -5.081890071887275
-0.9902070185848566 0.13879271561522222 -0.015054648366589152 56.15021370891385 -0.13907277441845803 -0.9900902013748766 0.019497603878664314 10.65184067388923 -0.012199334442594497 0.021400355922476584 0.9996965544631777 -5.114654842069776
-0.9902080983350258 0.13879500313584034 -0.014962255720744333 55.69238687395104 -0.13908021240790192 -0.9900773515825518 0.020088115886064444 10.629963108545537 -0.012025660410296003 0.02197236873441597 0.9996862500324262 -5.134425527740625
-0.9902133186590883 0.13881059499924062 -0.014463826122853784 55.238722730344755 -0.13909084066494692 -0.9900651800305357 0.020607700847545922 10.604915551301543 -0.011459563398039389 0.022417805580841495 0.9996830099584899 -5.175226051144651
-0.9902186619454922 0.13882855569645783 -0.013915231155605657 54.8022998145488 -0.13909558792511595 -0.9900662837096001 0.020522457972369 10.577786781733238 -0.010927897997545292 0.022257268131934693 0.99969255026766 -5.19851120965471
-0.9902239507582042 0.13884700489546672 -0.013343034751192851 54.35973877989182 -0.13909987527352558 -0.9900685574613088 0.020383233928224692 10.569191470664187 -0.01038036818725196 0.022039980899296572 0.9997031995538755 -5.253567103431712
-0.9902267088718161 0.1388571083056027 -0.013029524546106376 53.943064744280505 -0.13909950171095956 -0.9900758287722417 0.02002952582368448 10.557817781284372 -0.010118975276885312 0.021646171808544255 0.9997144840330068 -5.271340622335499
-0.9902298548871554 0.13886842049803166 -0.012664765238426037 53.54719675847041 -0.13910404184113975 -0.9900728669477619 0.020144073006663956 10.53658640753744 -0.009741664827996361 0.021708982523859346 0.9997168699407635 -5.293125299224054
-0.9902289487888647 0.13886495775534974 -0.01277311583381902 53.15156669569713 -0.13910493813924954 -0.9900685729058617 0.020347902334772475 10.509547871544484 -0.009820649967022302 0.021925885426929102 0.9997113635357305 -5.289002893343817
-0.9902300921725414 0.13886934137439347 -0.01263608254967456 52.799058227204426 -0.13910331351661492 -0.990075111308239 0.020038516329227905 10.497258302305193 -0.009727935272109226 0.021600462824221532 0.9997193542595447 -5.290874804260052
-0.9902299771890742 0.13886894994641782 -0.012649388005133974 52.44542761236843 -0.13910238453453933 -0.9900769509597807 0.019953891725398975 10.491823547739028 -0.009752891516379595 0.021518501782491824 0.9997208786396863 -5.300544537533835
-0.9902310129759454 0.13887261837241432 -0.012527442158024123 52.10788911778985 -0.13910674897900185 -0.99006931544125 0.020299335215411097 10.472572573792736 -0.009584014249041302 0.021843683024720038 0.9997154596097779 -5.3182720793584215
-0.9902289831329067 0.1388648347205253 -0.01277179085369262 51.79120556925122 -0.13910729634786786 -0.9900629463895465 0.020603938682598782 10.462730790876934 -0.009783714343527058 0.022179266545380168 0.9997061363566562 -5.309459596898084
-0.9902345833616402 0.1388839085634927 -0.012113210009181715 51.48461564565816 -0.13912510769636877 -0.9900286536112749 0.022078710042035266 10.44430769649727 -0.008926047449622894 0.023548353886713384 0.9996828500610349 -5.362721045163963
-0.9902355678005285 0.13888237855609492 -0.012050111591461547 51.204874246821774 -0.13913715849724387 -0.9899870469803647 0.023801217120353487 10.42065762318203 -0.008623884744010135 0.025245430035927555 0.9996440850994034 -5.390376163193296
-0.9902391967593271 0.13889580565830303 -0.01158828598080247 50.907506895614326 -0.1391432852065388 -0.9899731857467672 0.024335934013889626 10.407093440270254 -0.008091933228453122 0.02571082793158379 0.9996366709678564 -5.414727432301734
-0.9902423288182439 0.13891081128094185 -0.011131788979809282 50.627123662699006 -0.13914532623709905 -0.9899768588541815 0.02417430701341686 10.394792216299763 -0.007662140888270889 0.025487358483731234 0.9996457803414817 -5.446701471243793
-0.9902445639822861 0.1389211213219851 -0.010799331191073678 50.35264288935739 -0.13914774204785157 -0.9899746004646311 0.02425275897457138 10.383046871254923 -0.007321843109269099 0.025518865287006746 0.9996475269453463 -5.471372669841465
-0.9902453021417756 0.13892202220074878 -0.010719763700660844 50.103161842338245 -0.13915114389409824 -0.9899585078446871 0.024881959305575536 10.367402900444821 -0.007155469174506556 0.026130910691650404 0.9996329200097992 -5.483244317503959
-0.07860810165699636 -0.9965289033056663 0.027402759537859134 36.482381870754466 -0.9968935172821807 0.07844213708814178 -0.007081407332404877 22.94607207926755 0.0049072960625600025 -0.027874289326394495 -0.9995993909761564 -9.125041794666327
-0.9902522559542536 0.1389524210950915 -0.009627785276111949 49.61281266076069 -0.1391612622409296 -0.9899217548256797 0.026249998368713418 10.344840205534423 -0.00588325326853865 0.02733393485502233 0.9996090452453494 -5.557453050995253
-0.9902494653171579 0.13876928265101746 -0.012209939869037642 49.37656076856929 -0.13910608881522457 -0.9897140370778589 0.033400911148898184 10.345723169822653 -0.0074493284002402635 0.03477371138615321 0.9993674481905123 -5.509373329251776
-0.9902410436536193 0.1388960134072106 -0.011426850982446418 49.16672323600793 -0.13915125426354055 -0.9899334987946132 0.02585723111896086 10.336190220720818 -0.0077203562530853125 0.027194952175722632 0.9996003354718755 -5.469228987409314
-0.9902382280196322 0.1388868975435457 -0.011776309237892376 48.95183929538451 -0.1391464848498212 -0.9899506044233086 0.025220161693848765 10.335253864639249 -0.008155214434722122 0.026612600261042618 0.9996125559359832 -5.4442189997864165
-0.9902469381104403 0.13893172425174277 -0.010439231740656647 48.73558830530334 -0.13915119942635265 -0.9899668828418131 0.024546172301829046 10.329506727206805 -0.006924251663887698 0.02575940358201954 0.9996441906328438 -5.498867454213083
-0.9902947052340503 0.13870788814224821 -0.008747488355077824 48.52952051523755 -0.13888579015426575 -0.9899958401692612 0.024879182880136082 10.31541483316525 -0.0052090381674476495 0.025852624908808627 0.9996521933686208 -5.6027462442812475
-0.9181150240435083 -0.39092929004798305 -0.06510831596784004 61.802568225976216 -0.38866470746902076 0.9202823145126543 -0.04494671026062126 -38.96307264416594 0.07748901724508209 -0.015960945392165776 -0.9968654374731728 -9.565445002498365
-0.9902514467852122 0.13897449042588506 -0.009389523452179319 48.161993281266 -0.13916522861679964 -0.9899722525537963 0.02424826421820374 10.303584822734031 -0.005925477518923597 0.0253185739019317 0.999661872100634 -5.586181391377105
-0.9902513975046768 0.1389580691754586 -0.009634560242281792 47.97060847851928 -0.13915157330908023 -0.9899876146584184 0.02369308904600178 10.293432035588813 -0.006245749405904772 0.02480277875486065 0.999672852877578 -5.551350264314733
-0.9902482589044984 0.13894057648512084 -0.010193230233426626 47.79973575607995 -0.13914987248336697 -0.9899810803362967 0.02397443563552092 10.295896785381247 -0.006760083170499592 0.025159029833467475 0.9996606046520824 -5.516050534154045
-0.9902505974399141 0.13895255751060384 -0.00979494926762425 47.632362572040776 -0.13915265942371896 -0.9899775604104337 0.024103262416366084 10.28715722248347 -0.0063475700232033345 0.025231263247567873 0.9996614885598686 -5.536454681099018
-0.9902526087124872 0.13896525666009782 -0.009403636504355788 47.467219566617025 -0.13915182734825 -0.9899923483283615 0.02349296058266222 10.281359718887753 -0.006044822888698274 0.024572498706660728 0.9996797749397328 -5.542583326282502
-0.9902531352275319 0.13896869930336264 -0.00929670834087989 47.31366885047785 -0.13915111301017605 -0.9899985056578231 0.023236319487102756 10.281917018511535 -0.005974606269287659 0.024303485536216522 0.9996867732798702 -5.540289231406331
-0.9902535953857959 0.13897187652912688 -0.009199693444711896 47.164761240073425 -0.1391493067937746 -0.9900090840604088 0.022792189378863282 10.27914024900274 -0.005940306752647906 0.023850178444680216 0.9996978952382769 -5.543654569995259
-0.9902537108466242 0.13897281419238425 -0.00917306218989694 47.02143264973181 -0.13914697382793725 -0.9900195152001673 0.022349031239707173 10.28169770253008 -0.005975602816287135 0.02340761496340678 0.9997081452767639 -5.521057045997348
-0.9902533734879492 0.13897091307477055 -0.009238052549146641 46.88416489504856 -0.13914257662930574 -0.9900348133269823 0.021688978066409164 10.273388713055711 -0.006131856545451695 0.022762990132493 0.9997220846893071 -5.524919824005807
-0.9902509663652805 0.13895814408409632 -0.009677696282257932 46.74787641811041 -0.13914033851427857 -0.9900334346310864 0.021766132194452996 10.268812916325249 -0.006556661556010028 0.02290049137634327 0.9997162485845482 -5.513545442065615
-0.9902458906436622 0.13893274722932358 -0.010524628765519241 46.623041698482986 -0.1391379721603814 -0.9900229640551282 0.02225208634250891 10.261848780804884 -0.007328080678870352 0.023499412563092584 0.9996969925146082 -5.475430397422008
-0.9902419262844991 0.13891467341934371 -0.011119394640041367 46.511171752129684 -0.13913347424740327 -0.990024815916991 0.022197752417195248 10.263341083622995 -0.007924883103937205 0.023528225120586735 0.9996917619198747 -5.464600307116979
-0.9902420365862756 0.13891575031297848 -0.011096093566982457 46.37875209968805 -0.1391307987164548 -0.9900341657344922 0.021793841490876747 10.249730435643842 -0.007958003894592076 0.023124986343571054 0.9997009078622584 -5.4434740383744655
-0.9902452968044594 0.1389305946446985 -0.010608582766699166 46.26680328612698 -0.13913303043794556 -0.9900378073887532 0.021613416713313342 10.247398960510253 -0.007500133185560669 0.022878588517216056 0.999710117078775 -5.4753533258342
-0.20005915427993606 -0.9790649938359984 0.03752429391357262 50.00637828810399 -0.9797093907078466 0.20036925266118474 0.0046553567916615395 6.185617062438453 -0.01207661159663366 -0.03583155638419725 -0.9992848718055479 -8.28770895631711
-0.9902535766713036 0.13897127713987922 -0.009210755658546578 46.02961150156101 -0.13913747591671996 -0.9900524394152724 0.02090287069741363 10.2504496028716 -0.006214232471892731 0.021980703764427453 0.9997390819492884 -5.509310302158841
-0.9902563717766373 0.13898554637840893 -0.008679634419977586 45.928090127967145 -0.1391368792459888 -0.9900641865723285 0.020342942278827814 10.236386492176022 -0.005766020244192977 0.021352385458485345 0.9997553844044927 -5.535422294106507
-0.9902575234441283 0.1389920568456074 -0.008440698793903493 45.83653791086281 -0.13913799312567915 -0.9900651319385498 0.020289243171219534 10.231155138140894 -0.005536797924831123 0.021265997586049613 0.9997585214517604 -5.541114656683062
-0.9902575161777979 0.1389923007176331 -0.008437534864958109 45.761224903781965 -0.13913871035814376 -0.9900630219727806 0.020387049860094198 10.230822306054636 -0.005520048301501529 0.02136241707636195 0.9997565584698132 -5.529369459951913
-0.990260494819422 0.1390207862488421 -0.00757452247645864 45.66932090854493 -0.13914681336794746 -0.9900705270035834 0.019962862730358025 10.221980925641395 -0.004724058587515822 0.020822404990759585 0.9997720293751283 -5.5661790773023725
-0.9902567597418249 0.13898935961091247 -0.008573663194343746 45.59645518835418 -0.13914226492028775 -0.990049159274936 0.021025991815967596 10.216555749128762 -0.005565958899780865 0.0220140894415629 0.9997421667447988 -5.555096474292328
-0.9900550399864484 0.13812118259030318 -0.026712482424645842 45.51635852585718 -0.13905421790486167 -0.9895947539999803 0.0369614304185462 10.209535682757284 -0.02132937599410739 0.040308333822846654 0.9989596067630199 -5.629816539649324
-0.9902574179261441 0.13899357049394606 -0.008428143543544318 45.445715896338115 -0.13914403758438232 -0.9900458995378268 0.021167276939925126 10.206288938573465 -0.005402133556487897 0.022133778929047367 0.9997404227014922 -5.559140999378274
-0.9904227317389016 0.13805522518659694 -0.0018887174296699197 45.39099797403047 -0.13806722246629216 -0.990273459397695 0.01720225836815039 10.184784546298738 0.0005045149098290636 0.017298277694600118 0.9998502463136694 -5.586754077730305
-0.9902583792707029 0.13900006295026077 -0.00820516812644237 45.319131214050344 -0.13914705829229299 -0.990039381443337 0.021450393000945006 10.199714803644373 -0.0051418335991024 0.02238315641542358 0.9997362431442208 -5.575063214946095
-0.9902585113066631 0.13900128324301994 -0.008168478530598027 45.257340016090524 -0.1391486299326729 -0.9900341424112117 0.021680766775101723 10.195636628543818 -0.005073418233413242 0.022606196426866367 0.9997315741290452 -5.57616770063962
-0.9902572711493008 0.13899366379652345 -0.008443835642564549 45.21797069123379 -0.1391482247867388 -0.9900301501395038 0.021864888599090165 10.205138747204439 -0.005320570894071095 0.022826809658172343 0.9997252764065688 -5.556790573195216
-0.9902562135553895 0.1389871219843375 -0.008672452793389565 45.15468263147294 -0.13914619227553449 -0.9900332674887874 0.02173629316822156 10.192466068396868 -0.0055649519461228 0.022731238153382443 0.9997261235567727 -5.549857706770431
0.7745313043059742 -0.6290803704015885 0.06602383073926177 -9.800421348024148 -0.6291643293379254 -0.7554326673546571 0.18295827880199045 25.171142168904954 -0.0652189032324603 -0.18324675350147004 -0.9809011785049129 -0.72997724571117
-0.9902572665259919 0.13899344030133737 -0.008448055733025504 45.06567344916423 -0.13914713095961526 -0.9900342863407329 0.021683814597592107 10.189257325816113 -0.005349956838836956 0.022648077688705397 0.9997291845989233 -5.560196065384015
-0.990240033818925 0.13910739826509425 -0.008591109952197917 45.019681312590066 -0.1392639153401096 -0.9900194153377283 0.021612939145005287 10.186646854651208 -0.005498845918653617 0.022598429198936863 0.9997295002605973 -5.5696437108342565
-0.9902567878981855 0.1389908083120026 -0.00854688401375665 44.99603110056064 -0.13914854434314103 -0.9900267431611481 0.022016594489504226 10.184111703410405 -0.0054015394799418 0.022991368608817238 0.9997210712697518 -5.565689332798448
-0.9903132124637358 0.13826514134929038 -0.012747231362819477 44.94919211424016 -0.1385458601152443 -0.99004844208078 0.02468049793559852 10.170489279940167 -0.009207924015966411 0.026207499329056947 0.9996141161039269 -5.525008770827861
-0.9960096194562954 0.08867556720163568 -0.010073814173138674 43.15129709828585 -0.0890122249758036 -0.9952161030139809 0.04027073511278089 11.029943280313514 -0.006454591806125369 0.04100673216844998 0.9991380215773402 -4.981493248524112
-0.9902562467645778 0.13898741092845993 -0.008664026035017596 44.91720484434155 -0.13914689319673768 -0.9900307754863547 0.021845038420277792 10.186764108881906 -0.005541467082615291 0.022837758061840636 0.9997238263386954 -5.558160592797821
-0.9902266695886414 0.13883512623074942 -0.013264635685833267 44.88466157029063 -0.1391356107398508 -0.9899491723597972 0.02533610009845487 10.199545614250537 -0.009613774463481316 0.026934065208247676 0.999590982088135 -5.507696569212491
-0.9902794232492443 0.1387905023195682 -0.00915752996315882 44.88133689021505 -0.13895952979424736 -0.990063557309943 0.021549978332772658 10.187559414942827 -0.0060756043737160105 0.022613026172169055 0.9997258314552204 -5.523512078135565
-0.9902536002873128 0.13897217155036828 -0.009194707857759376 44.87427954815726 -0.13914305177297243 -0.9900340136409834 0.02172240726137143 10.192686896805162 -0.006084263416259526 0.0227900717089699 0.9997217584759177 -5.52832995704977
-0.9902412665188188 0.13905958644248498 -0.009201385854919213 44.86572328231418 -0.13923119357360353 -0.9900194744496562 0.02182005835229225 10.186560458789524 -0.006075262897674964 0.022888242153400084 0.9997195704555613 -5.51593245695036
-0.99025271794277 0.1389673477446225 -0.009361136030493352 44.87768796430598 -0.13914158847568053 -0.9900357446953254 0.02165277307959692 10.193377753914767 -0.006258830834955984 0.02274424073028867 0.9997217245564797 -5.516277010253447
-0.9902087440057796 0.13927352139642205 -0.009462004667946763 44.88373229079503 -0.13945009967127164 -0.9899919600129078 0.021669997957382253 10.186928743144623 -0.006349251622693994 0.02277729895402253 0.9997204017405019 -5.530130273492357
-0.9902537252599783 0.13897292376759318 -0.00916984559423642 44.86456794035996 -0.1391463973639343 -0.9900218959077083 0.0222469261684621 10.182737701053432 -0.005986627545913927 0.023306052492724834 0.9997104521849479 -5.539368022209917
-0.9902544071722534 0.13897679146501932 -0.009036620497595777 44.87654614315717 -0.1391468693590986 -0.9900229439019123 0.022197281260401762 10.18238957574776 -0.005861554699136896 0.02323837304718163 0.999712768846447 -5.541045471147504
-0.9905027005411848 0.13659885675198288 -0.01565734826438849 44.90875242194387 -0.1369517103707523 -0.9902806216247307 0.024259420047944118 10.133966207449033 -0.012191359528238245 0.02617332169573012 0.9995830770797719 -5.472387053922111
-0.9902526745174005 0.13896716315518481 -0.009368467096319853 44.868419487496105 -0.139143855878065 -0.9900273519280779 0.022018851143096433 10.177155331421451 -0.0062151413917024625 0.023107790869700495 0.9997136600140077 -5.512279440439452
-0.989200396544557 0.14569507057802178 -0.015985051934782023 44.731332394745095 -0.14614569630182267 -0.9887438595015715 0.032047086457168035 10.299763210876737 -0.011136019421132348 0.034037137176957825 0.999358525437318 -5.610800857643579
-0.9902521514327824 0.138964358345987 -0.009464866202621028 44.879999972930236 -0.1391422939998033 -0.9900310273605472 0.02186291114859669 10.187011724886363 -0.006332345791070955 0.02296675799731554 0.9997161744334613 -5.515694599002735
-0.9902522289380842 0.13896476486210016 -0.009450778273599364 44.88116088240859 -0.1391418402457286 -0.9900329607259337 0.021778084609846225 10.200772883401552 -0.006330195588421702 0.02288079550764538 0.9997181591932545 -5.53208220870315
-0.9901421905183638 0.1398951324557975 -0.0069133545165700125 44.861630746277314 -0.14001267871245618 -0.9899198376926279 0.02133459027880662 10.1982091891227 -0.003859061448010777 0.022092235237223208 0.999748488764531 -5.559733699442104
-0.9903489177889429 0.13824123463631433 -0.009918774142973487 44.914915843349526 -0.13844552891685927 -0.9900734160633851 0.024237704666740665 10.17447445516555 -0.006469664381014325 0.025376994518825417 0.999657016977318 -5.555627361406975
-0.9902517382917979 0.13896209975033358 -0.009540945605698735 44.88213311011253 -0.1391393605018714 -0.9900396828299792 0.021486385946556472 10.186656008972625 -0.006460121454184513 0.02260445210334607 0.9997236145935059 -5.508942107937727
-0.9902523362922654 0.13896522071207207 -0.009432809769906137 44.881434146295106 -0.13913979757268127 -0.9900404383951877 0.021448707972691026 10.186080715152851 -0.006358238682482492 0.02255211242233418 0.999725449824174 -5.511517728753289
-0.9902538539563569 0.138973215339062 -0.0091515104165612 44.88736089301504 -0.13914027239510435 -0.9900445448227017 0.021255207941240934 10.189511083658218 -0.006106498374509929 0.02232139523264456 0.9997321971370482 -5.517752944819101
-0.9903880172754247 0.13800692770786532 -0.00925543850336844 44.91982015366243 -0.1381762068486064 -0.9901805942761541 0.021206757881720415 10.16970253209617 -0.006237876095650966 0.02228180027643304 0.9997322692992641 -5.50766839862526
