-0.9929847675929215 0.10137919102239963 -0.060856478341185134 130.6174194289566 -0.10395795000928607 -0.9937439764092617 0.04081242433598251 9.165662597299711 -0.05633822821418859 0.04685263042730324 0.9973118043339012 -1.0422030071474344
-0.993319840305416 0.09871201618826168 -0.059763138435691934 129.5142605805655 -0.10135157670936941 -0.9939265743127295 0.04286983523980174 8.424009342794982 -0.055168403585385405 0.048640546203876894 0.9972916045524672 -1.176967794630275
-0.9938632036569777 0.09893142331641268 -0.04948237966471144 132.3441264070122 -0.1040323933877484 -0.9879980279428513 0.11418037443912789 10.294199149880924 -0.03759246656859022 0.11862744312186546 0.9922269580069212 -2.0184778578310576
