-9.942969418446192531e-01 1.038610587038613503e-01 -2.421718239910201562e-02 1.307036267884117251e+02 -1.042479784174035057e-01 -9.944336475392572261e-01 1.529966135747344233e-02 9.066086911912844215e+00 -2.249334199986476393e-02 1.773699880706604629e-02 9.995896400218418076e-01 -5.731890651826941685e+00
-9.946423257986085620e-01 1.031841095568106215e-01 -6.299465445816782548e-03 1.285746588848678300e+02 -1.030500515750554236e-01 -9.944983337468047413e-01 -1.880827065967877534e-02 8.549456489089813260e+00 -8.205522549682802563e-03 -1.805834183410592528e-02 9.998032634923178508e-01 -5.987050060826960340e+00
-9.889100661381835522e-01 1.483983739960858805e-01 5.899464881796060746e-03 1.264456170286704833e+02 -1.483471119002973404e-01 -9.889001558693923943e-01 8.343627048964276371e-03 1.309043558221633319e+01 7.072162428450189282e-03 7.375928199851923550e-03 9.999477887378801499e-01 -8.058297269124587103e+00
-9.897078846334543822e-01 1.416277809834834422e-01 2.049084546981858046e-02 1.257168100765067891e+02 -1.421634910292360887e-01 -9.894583386989117546e-01 -2.759959777913815332e-02 1.281185481898215173e+01 1.636596812760680170e-02 -3.022858966085501670e-02 9.994090190979676436e-01 -7.459428774184341471e+00
-9.897254581668430973e-01 1.428872913083297225e-01 -5.171019145278897208e-03 1.247126107169734297e+02 -1.428049085577668409e-01 -9.896545328197905445e-01 -1.380810490435989760e-02 1.249604308206393632e+01 -7.090525244308429689e-03 -1.292778603669142087e-02 9.998912924913134770e-01 -5.958255497757022567e+00
-9.907880895668719212e-01 1.349082244593403646e-01 -1.177847807050994705e-02 1.249957043664833662e+02 -1.353640625615066262e-01 -9.891465147436540040e-01 5.714667914522928577e-02 1.200595746732568969e+01 -3.941083515198969163e-03 5.821463169780854291e-02 9.982963109803695279e-01 -4.013597259755254498e+00
-9.834118763184656054e-01 1.800437253344864263e-01 -2.203039907661886315e-02 1.212162614756855561e+02 -1.785928429595037836e-01 -9.823316896414369115e-01 -5.593789386312272849e-02 1.566883200223178818e+01 -3.171242594689187982e-02 -5.107551755861090836e-02 9.981911708418798046e-01 -4.631773985433234486e+00
-9.949298220971363182e-01 1.005699355797695510e-01 5.806541510619276161e-04 1.213730999658090184e+02 -1.004524881651063933e-01 -9.940157233858180064e-01 4.291898511392501503e-02 7.633193030413746527e+00 4.893538924061325950e-03 4.264305006974945800e-02 9.990783870935991962e-01 -5.976307014557568742e+00
-9.889163695346654404e-01 1.482808939740218046e-01 7.562443298423745207e-03 1.193638869977993409e+02 -1.480925036163554809e-01 -9.887447534983506703e-01 2.127023277083347000e-02 1.189252741127810431e+01 1.063129526523996261e-02 1.991454020936960292e-02 9.997451608531209288e-01 -6.631262504611364683e+00
-9.909871170643769211e-01 1.338803985594302914e-01 4.535713174819473378e-03 1.186817726940937945e+02 -1.337914517099794143e-01 -9.908772451654921376e-01 1.619050532202976136e-02 1.150922919861933380e+01 6.661926280917865664e-03 1.543774254269453770e-02 9.998586374300184598e-01 -5.730645818728961949e+00
-9.926910504992763062e-01 1.202772765922809906e-01 9.892168325896337489e-03 1.179929062990785553e+02 -1.202760684956370452e-01 -9.927402229298789571e-01 7.191135986116402486e-04 1.048245976111879862e+01 9.906846414311696464e-03 -4.759334815017748107e-04 9.999508127310284822e-01 -6.086221696249809021e+00
-9.956680561810684615e-01 9.295136183999253010e-02 2.272934821699183414e-03 1.173408469920899364e+02 -9.273351119715192437e-02 -9.945166520661969933e-01 4.834381722713605722e-02 7.411152260679870096e+00 6.754095177046937765e-03 4.792361730017696830e-02 9.988281679564335880e-01 -6.176601423206746766e+00
-9.959194176208741034e-01 8.957480845399574954e-02 1.099396635111204654e-02 1.161757155587303174e+02 -8.913183915044138594e-02 -9.953789696336985404e-01 3.572425031567189740e-02 7.873795331961263244e+00 1.414315577794636805e-02 3.459856212889359656e-02 9.993012111687115118e-01 -6.845150963944973910e+00
-9.826116756654852402e-01 1.735250616615041930e-01 6.605564185774466524e-02 1.128784527543097624e+02 -1.734064932591896924e-01 -9.848212578551254204e-01 7.568234417573484543e-03 1.412444362953657873e+01 6.636627864674991828e-02 -4.017841711655369477e-03 9.977872388473215670e-01 -1.263986419985605636e+01
-9.933620998200765051e-01 1.139440305768092271e-01 1.576377292910285249e-02 1.132334856635993958e+02 -1.139930393337118125e-01 -9.934790158644375424e-01 -2.243216550489917239e-03 1.053297074040056636e+01 1.540537648069612887e-02 -4.025286690500734163e-03 9.998732276856637791e-01 -6.272055470175466496e+00
-9.944106122375451218e-01 1.055516053585818237e-01 2.528413648445450301e-03 1.125892395927911025e+02 -1.054765132521491011e-01 -9.942029191456396298e-01 2.086290282915978858e-02 9.956020512121758870e+00 4.715869116150055856e-03 2.047960371970001733e-02 9.997791488173592978e-01 -5.315784847660872003e+00
-9.892466536573227831e-01 1.462561523214165604e-01 -4.428723551606597499e-04 1.108480816697226743e+02 -1.462190310449934250e-01 -9.889176728356545709e-01 2.572608235966643633e-02 1.283722522786930220e+01 3.324633521399957513e-03 2.551419725266091884e-02 9.996689314720652586e-01 -5.291874640191164048e+00
-9.925979885748374976e-01 1.170532225605020460e-01 3.236937079074792695e-02 1.101495816381617772e+02 -1.173555847715830325e-01 -9.930608936383684693e-01 -7.597910836883711889e-03 1.051909719720761416e+01 3.125539633578722915e-02 -1.134039745189815290e-02 9.994470949407606719e-01 -7.956299062570326264e+00
-9.913444420527446344e-01 1.237015894336921662e-01 4.397856276314521945e-02 1.092491886811721145e+02 -1.239933790873567754e-01 -9.922751453300706626e-01 -3.959533140051871465e-03 1.034099938110537487e+01 4.314903421436774161e-02 -9.378311775921847893e-03 9.990246283824042450e-01 -9.416963365829278843e+00
-9.898452143848652796e-01 1.410824764526175945e-01 -1.738350935159034202e-02 1.085010831864501029e+02 -1.411480764436638113e-01 -9.899850803403427157e-01 2.600234562332137331e-03 1.217340557944599411e+01 -1.684256737061975637e-02 5.027478644620008569e-03 9.998455142584998789e-01 -3.376585876880872750e+00
-9.869175327512591522e-01 1.533723635577848299e-01 4.970615298799761772e-02 1.069740859144972944e+02 -1.529301373682669940e-01 -9.881566266372778795e-01 1.260374219660375175e-02 1.276601545156077755e+01 5.105053019010227788e-02 4.837285347602540697e-03 9.986843565600571626e-01 -1.048255467995858581e+01
-9.889274539227106420e-01 1.410114071573660699e-01 4.624147412706300364e-02 1.055744073074578182e+02 -1.429024114741273277e-01 -9.889077495199694035e-01 -4.050140410193482643e-02 1.387434939352692709e+01 4.001739212921683053e-02 -4.666096860169702265e-02 9.981088930253692038e-01 -1.022956709683558074e+01
-9.910866270482499019e-01 1.331423793512111209e-01 -4.517134802270006411e-03 1.046572196702299067e+02 -1.326302031388377489e-01 -9.893233741242144497e-01 -6.040273691506884562e-02 1.366602655167267244e+01 -1.251107115615317580e-02 -5.926523628720779119e-02 9.981638667405002829e-01 -4.773368463314080046e+00
-9.921009285118633780e-01 1.186791777612548338e-01 -4.063250437533275083e-02 1.046563197885137839e+02 -1.187080991176067968e-01 -9.929277251592598663e-01 -1.708746307066093175e-03 1.073317740575546608e+01 -4.054793274364799915e-02 3.128158558952102725e-03 9.991726976725527898e-01 -2.018025251569156353e+00
-9.925997854532351283e-01 1.084590817530860785e-01 5.461037908190569112e-02 1.030718786720729128e+02 -1.086233673720253534e-01 -9.940829756269413675e-01 -4.036642564757492516e-05 1.053725159403905920e+01 5.428287003239667952e-02 -5.972030974776706969e-03 9.985077390121130936e-01 -9.892193452980148294e+00
-9.947049105490157750e-01 1.020518700822126562e-01 -1.214729362441818727e-02 1.029612727093737874e+02 -1.026783708330034212e-01 -9.918813605864011951e-01 7.502345422832797095e-02 1.009342040166779064e+01 -4.392390323602272939e-03 7.587346264665252582e-02 9.971077798178350493e-01 -5.083716515418922555e+00
-9.946297704761486447e-01 1.034953776207621912e-01 5.713962724703208849e-04 1.010712594852863617e+02 -1.034459640400713643e-01 -9.939513029075450756e-01 -3.687465216397803336e-02 1.019686082460707688e+01 -3.248415980846772015e-03 -3.673573545649987115e-02 9.993197353870708621e-01 -5.836268639492464771e+00
-9.916483715421249290e-01 1.258787691673835252e-01 2.807209808256624570e-02 1.004606205781948205e+02 -1.262782208242630155e-01 -9.919105271109729394e-01 -1.293511313794231538e-02 1.135648056154805197e+01 2.621675348534417346e-02 -1.637197847962430786e-02 9.995222059350914456e-01 -8.775387831847750064e+00
-9.887057685762263848e-01 1.495954497783433257e-01 -9.061158298404987932e-03 9.959551329597456970e+01 -1.484238305333783203e-01 -9.857542721025718269e-01 -7.911309348854896062e-02 1.326470197616254332e+01 -2.076703430662599215e-02 -7.687468007832005956e-02 9.968244649129370805e-01 -5.284376223094836789e+00
-9.957697255588360274e-01 8.969294142003519932e-02 1.994567421527870810e-02 9.866304977355463279e+01 -8.923352431881925728e-02 -9.957487789690211422e-01 2.284178888235342472e-02 9.103775945334735553e+00 2.190962797773140375e-02 2.096533904150962510e-02 9.995401056289596742e-01 -8.138573871043536911e+00
-9.927184657757095465e-01 1.164350171048419563e-01 -3.086963718149886293e-02 9.738175372440176147e+01 -1.163672875142908597e-01 -9.931982443068771982e-01 -3.987718934912942541e-03 1.060131493940206937e+01 -3.112397957345084537e-02 -3.664662776502007613e-04 9.995154644116212017e-01 -2.877908737971226039e+00
-9.932937443540008626e-01 1.117970845542324010e-01 -2.947794620360961668e-02 9.627328223498996351e+01 -1.120767589411117149e-01 -9.936672903722685302e-01 8.007256052499429205e-03 1.005953619279493871e+01 -2.839608304793158830e-02 1.125735001712940830e-02 9.995333583918681875e-01 -3.364696913542011725e+00
-9.897048246007040806e-01 1.424973456464430077e-01 -1.337410355159813873e-02 9.555276280885604478e+01 -1.417134429579317567e-01 -9.887507983299901326e-01 -4.784515531187521348e-02 1.218619094298365546e+01 -2.004146319757463615e-02 -4.545729078515999694e-02 9.987652248989117298e-01 -5.195217752968910752e+00
-9.876788923986485891e-01 1.547444006084270074e-01 -2.333615200751890800e-02 9.456962958105981443e+01 -1.550179679171429792e-01 -9.878569298476933547e-01 1.039787356770048056e-02 1.338635580215882470e+01 -2.144376676377068858e-02 1.388728311185872914e-02 9.996736008491732273e-01 -3.885543295155824417e+00
-9.917036893483575088e-01 1.236610319148953724e-01 -3.509617811955989541e-02 9.294601421817385756e+01 -1.240971661619386796e-01 -9.922142523529224878e-01 1.052476975081466544e-02 1.223299671044608061e+01 -3.352142424529169773e-02 1.479278923917691675e-02 9.993285183077147416e-01 -3.026852178378621083e+00
-9.937314813402085001e-01 1.093210215342404201e-01 -2.338070238690426184e-02 9.202541224345253568e+01 -1.098420809403352350e-01 -9.936988941468409831e-01 2.229854313721333844e-02 1.177776325350160036e+01 -2.079567859175768252e-02 2.472694930749578038e-02 9.994779225825114466e-01 -3.811954103121224069e+00
-9.940591880666416191e-01 1.052953779546046825e-01 2.755383823873411991e-02 9.092563022562219999e+01 -1.053248690784628766e-01 -9.944377936127846151e-01 3.828683085017937394e-04 1.052782018588761126e+01 2.744089236694086803e-02 -2.521510645218073225e-03 9.996202475991430303e-01 -8.174667189747825802e+00
-9.948019995809396221e-01 1.011947051147802507e-01 -1.134077980110432919e-02 9.013935379915390911e+01 -1.016190925662867756e-01 -9.937167279626668570e-01 4.691081531135080779e-02 1.132625642575437297e+01 -6.522396474372435179e-03 4.781941262608623705e-02 9.988347021005663517e-01 -5.522892165654865515e+00
-9.936004157656042057e-01 1.108836892156585541e-01 2.151792871871709145e-02 8.882440280869293758e+01 -1.101929427480363988e-01 -9.934266497957486841e-01 3.100011038888025525e-02 1.129387501985442732e+01 2.481389044359055829e-02 2.843059868381312902e-02 9.992877322871193124e-01 -8.545906957584087138e+00
-9.909240845529054820e-01 1.309386530334286924e-01 3.040604865447401467e-02 8.776268657494831871e+01 -1.299174099562730722e-01 -9.909607638803867857e-01 3.343996172029421732e-02 1.149057619606172409e+01 3.450978474636650500e-02 2.918618836697305097e-02 9.989780984412857112e-01 -9.063237644064646048e+00
-9.906478323623584270e-01 1.348778756270076484e-01 2.061142649373243901e-02 8.680083490079574915e+01 -1.343374733148750555e-01 -9.906028606659558200e-01 2.567909078998599492e-02 1.153782708970427962e+01 2.388127926088379205e-02 2.267004867155253400e-02 9.994577296684903356e-01 -8.339247191053221542e+00
-9.894722081547677739e-01 1.431376649737362283e-01 2.136254093488453715e-02 8.599660966006968010e+01 -1.430461000278422101e-01 -9.896992513239128986e-01 5.762394963138431532e-03 1.190441161888042032e+01 2.196730652931171840e-02 2.645901501016127873e-03 9.997551883581771159e-01 -7.963124194241586906e+00
-9.889950952987933697e-01 1.461531671612214534e-01 2.297723228927388631e-02 8.530952509180453092e+01 -1.461620243850464962e-01 -9.892598071396003778e-01 1.302538209185031062e-03 1.206511614377361319e+01 2.292082246770977064e-02 -2.070194885842457141e-03 9.997351400198646321e-01 -7.947082109220950485e+00
-9.911227371942834541e-01 1.276387850995177597e-01 3.720296164059171823e-02 8.422505362916378147e+01 -1.272170116099706205e-01 -9.917830077479676820e-01 1.350175912331561846e-02 1.150291053891039361e+01 3.862061332424463617e-02 8.649050856282010716e-03 9.992165141478320800e-01 -8.737939976690238808e+00
-9.943995846021274065e-01 1.049902867276463758e-01 -1.210395951591510845e-02 8.359456018200175720e+01 -1.050571725348857510e-01 -9.944534751627920333e-01 5.027547674667339622e-03 1.488570329615997956e+01 -1.150898093193129280e-02 6.270999082475360933e-03 9.999141052752561487e-01 -6.201499591753129259e+00
-9.932995652229750227e-01 1.135261303795787879e-01 2.162848697640753007e-02 8.269313058397708005e+01 -1.130368190096595893e-01 -9.933326965428166400e-01 2.264578387150494032e-02 1.117147527866478995e+01 2.405517150276030233e-02 2.004923190589434634e-02 9.995095682503276624e-01 -7.951223693309109386e+00
-9.938426433887281863e-01 1.090313738839615021e-01 1.972206102519220849e-02 8.202381148018504575e+01 -1.083640043063119895e-01 -9.935887819179045621e-01 3.222693000576594413e-02 1.008465181789924792e+01 2.310936504552222465e-02 2.989133579937066493e-02 9.992859777317613101e-01 -7.751465243018078155e+00
-9.946762651506637631e-01 1.029226663689055687e-01 5.104144731686929490e-03 8.094495102975977829e+01 -1.027463558898441265e-01 -9.943305069424224207e-01 2.738666308594876753e-02 1.452908538520604509e+01 7.893915206318484479e-03 2.671643148215588348e-02 9.996118838787255712e-01 -6.214384720557426967e+00
-9.898119139347973938e-01 1.394376569243214181e-01 2.880129969618009864e-02 8.015259877234380781e+01 -1.396842418783608708e-01 -9.901732614186460335e-01 -6.724949251079667505e-03 1.216200738822077909e+01 2.758056568675698247e-02 -1.067952260249792687e-02 9.995625344086187525e-01 -8.009759302276760806e+00
-9.945279179670201142e-01 1.034036556501331250e-01 -1.489645536270006732e-02 7.943011639187308504e+01 -1.035447675898938380e-01 -9.945837725076471791e-01 9.033303338857687909e-03 1.447092618945947606e+01 -1.388169618379156423e-02 1.052632237040267149e-02 9.998482360080530595e-01 -6.099735709432893671e+00
-9.943516274921533338e-01 1.054795047118125828e-01 -1.178622032109330302e-02 7.854108562511709124e+01 -1.055323525406390017e-01 -9.944080092151570405e-01 3.953957003700389085e-03 1.451667106961759046e+01 -1.130325045926749809e-02 5.175451139710739688e-03 9.999227226313819328e-01 -6.358222369646456151e+00
-9.954673919956265049e-01 8.565192185890942167e-02 4.133303467326325531e-02 7.806385591777629429e+01 -8.539955320364599201e-02 -9.963159666463063946e-01 7.836511867771015633e-03 9.927557950007205534e+00 4.185197469706232465e-02 4.271169337705298628e-03 9.991146927787846188e-01 -8.224308806468554778e+00
-9.944060545444610710e-01 1.050234789810493563e-01 -1.125466783321912856e-02 7.688778682482025317e+01 -1.052439693944484389e-01 -9.942200701681775943e-01 2.121695032008570972e-02 1.424129167276386454e+01 -8.961338706879162092e-03 2.228274977424625838e-02 9.997115451324340984e-01 -5.848775503030004153e+00
-9.943716648606251152e-01 1.055030384174942271e-01 -9.700567353790632424e-03 7.626263032762739158e+01 -1.055838045971020656e-01 -9.943763682487873901e-01 8.227908309703584749e-03 1.425589625858201259e+01 -8.777945608720801735e-03 9.205821692204182310e-03 9.999190969862820078e-01 -6.671747119156941963e+00
-9.944056229088718002e-01 1.056208821866053832e-01 1.298604382906879892e-03 7.539156951132994777e+01 -1.055984400181596977e-01 -9.943391217603962939e-01 1.177626436932117243e-02 1.413519125451510305e+01 2.535072573164217236e-03 1.157325290867865231e-02 9.999298141490534642e-01 -7.008819132672948093e+00
-9.944350753283810462e-01 1.045470246770478090e-01 -1.299232803671284894e-02 7.468390719468204964e+01 -1.047229130840402617e-01 -9.944072579797034184e-01 1.368637104859988206e-02 1.405511887098001722e+01 -1.148879592600324240e-02 1.497080186443461823e-02 9.998219254745849272e-01 -6.152150972091496861e+00
-9.946237981521124372e-01 1.035116235112283761e-01 -2.973877525464557921e-03 7.382156200174975424e+01 -1.035538747604874271e-01 -9.941236017727335117e-01 3.154139217754453606e-02 1.388467460008161680e+01 3.084988752561836512e-04 3.167977582745964971e-02 9.994980223251899165e-01 -6.123051165373010640e+00
-9.851143523423655513e-01 1.718632946250472082e-01 3.566618805922623908e-03 7.274836152408764178e+01 -1.718708334260248549e-01 -9.851176124739640105e-01 -1.925152212421671902e-03 1.388769144216535523e+01 3.182676000813747675e-03 -2.509492821587101623e-03 9.999917864758951502e-01 -7.253652810237680271e+00
-9.921037577164140142e-01 1.253451084701409923e-01 4.328707379915438733e-03 7.326956189439741252e+01 -1.249210077595927781e-01 -9.906443560379392110e-01 5.494089251646530614e-02 1.156109556982498354e+01 1.117478166677570058e-02 5.396631942968337092e-02 9.984802254536206956e-01 -6.158439071281111232e+00
-9.940863642664257149e-01 1.064032773967005796e-01 -2.169430659873404846e-02 7.172007279210220076e+01 -1.071120610891246883e-01 -9.936428671190167261e-01 3.465341242561260221e-02 1.378830154825260124e+01 -1.786915635386037912e-02 3.677220666129201593e-02 9.991638995022090741e-01 -5.372809094056353096e+00
-9.938066641211313890e-01 1.089723358569420070e-01 -2.175647872039137426e-02 7.096745919300782646e+01 -1.097253920092291363e-01 -9.932697707443864932e-01 3.708774560168779516e-02 1.381739441318732275e+01 -1.756851436092431162e-02 3.924528689252190089e-02 9.990751497059036090e-01 -5.307819935888503871e+00
-9.938777097112843073e-01 1.103993090111103914e-01 -4.369291581255559283e-03 7.011679723840575207e+01 -1.104406222325438891e-01 -9.938247375101840753e-01 1.073592444565456792e-02 1.373637276793485285e+01 -3.157071418451009529e-03 1.115274328062982635e-02 9.999328223522694348e-01 -6.664105439461030400e+00
-9.937604123268286571e-01 1.095721563950016464e-01 -2.083711676220891332e-02 6.950213334317329839e+01 -1.101611452538264480e-01 -9.934728102749310619e-01 2.960231951717981480e-02 1.350708122916444687e+01 -1.745751896398731531e-02 3.171305389553576159e-02 9.993445438107123602e-01 -5.458092139785458485e+00
-9.936658585103150809e-01 1.122653206730214598e-01 -4.965823712429094303e-03 6.876337586037588778e+01 -1.123138646358689957e-01 -9.936128677410187571e-01 1.091168502227287881e-02 1.354919060167332745e+01 -3.709102521494552981e-03 1.140029971769427122e-02 9.999281352801469014e-01 -6.671768388643020131e+00
-9.938848661046686406e-01 1.103901800472062572e-01 2.623180750646695973e-03 6.803911025248345368e+01 -1.103851847524340429e-01 -9.938869128018061883e-01 1.978774485929873147e-03 1.332859464968644048e+01 2.825582289755985792e-03 1.677113723200581927e-03 9.999946016725707043e-01 -7.011527862304154368e+00
-9.912715929083404376e-01 1.314523781801960611e-01 -1.004496708469602290e-02 6.861787679904355741e+01 -1.314139906936289681e-01 -9.913178404991520587e-01 -4.393422136908454317e-03 1.124960124761270386e+01 -1.053528086653205548e-02 -3.035025348985955374e-03 9.999398964328777284e-01 -7.009913321942400799e+00
-9.929162354574936344e-01 1.173643352809991963e-01 -1.851923780743779460e-02 6.682080513846378267e+01 -1.173725710426779117e-01 -9.930877418915686761e-01 -6.453460597962252469e-04 1.348275458898950774e+01 -1.846696866707555826e-02 1.532875974949544874e-03 9.998282959386050051e-01 -6.413964122112240318e+00
-9.933131305857101356e-01 1.146086811888458318e-01 -1.392389321168817536e-02 6.619737897641054758e+01 -1.148854221480544585e-01 -9.931559990322560427e-01 2.103571639155328230e-02 1.326367207349434096e+01 -1.141772235957410307e-02 2.249470565257614615e-02 9.996817612789200558e-01 -6.168210320588037199e+00
-9.932409723433852644e-01 1.152724240489328006e-01 -1.358819753500647466e-02 6.555340602421111385e+01 -1.155650057458833674e-01 -9.930293785266144369e-01 2.318151914781127476e-02 1.311696439287790383e+01 -1.082128944817939593e-02 2.459515474497808718e-02 9.996389238408782685e-01 -6.102823923887862101e+00
-9.930981494306871937e-01 1.158183080082369476e-01 -1.849824660484667219e-02 6.496373711892377401e+01 -1.164090724153019341e-01 -9.925875413236735501e-01 3.491275796086270450e-02 1.309333651704302071e+01 -1.431759256137552470e-02 3.682515905103395798e-02 9.992191522404444415e-01 -5.672352415804951420e+00
-9.927821198475224040e-01 1.174383920756778832e-01 -2.432871919642735914e-02 6.441886926896535215e+01 -1.182884070556032285e-01 -9.922868090850807121e-01 3.707750358365945187e-02 1.307814803513628199e+01 -1.978674473750470508e-02 3.968768804588801435e-02 9.990162021460238240e-01 -5.441004390875429308e+00
-9.925479154312157881e-01 1.210240052154474139e-01 -1.420653845101823264e-02 6.373437889217957064e+01 -1.212986664601854864e-01 -9.924065331469102968e-01 2.039378538456663309e-02 1.307963103507199065e+01 -1.163052398344876885e-02 2.196504334032706174e-02 9.996910861775891721e-01 -6.249680289952184609e+00
-9.924865518436203349e-01 1.216340646223422473e-01 -1.325136721285147257e-02 6.305152491908860668e+01 -1.218779991838220833e-01 -9.923537313696637607e-01 1.948910340817942496e-02 1.302583067502247438e+01 -1.077950483604076665e-02 2.095772316246017133e-02 9.997222494849934415e-01 -6.249342975151149560e+00
-9.922693409756222493e-01 1.233484271445440678e-01 -1.366457027396581446e-02 6.254477494985034980e+01 -1.236089740755534488e-01 -9.921249018188174063e-01 2.022376619207513423e-02 1.303270112434026196e+01 -1.106239069072318705e-02 2.175648666420367319e-02 9.997020950264314809e-01 -6.192798381976356126e+00
-9.927052481804987671e-01 1.187701210603808732e-01 -2.073520142649379686e-02 6.197138773657711397e+01 -1.194040869214610390e-01 -9.923098571230402065e-01 3.261612305140060286e-02 1.270361765567473356e+01 -1.670192388160638905e-02 3.485406432188938031e-02 9.992528408460485956e-01 -5.666668091467002455e+00
-9.923732718601308012e-01 1.218969454374125294e-01 -1.834186442670317566e-02 6.140163714048662769e+01 -1.224069441890047460e-01 -9.920303383584316848e-01 2.987219092677040333e-02 1.274162937974834264e+01 -1.455435714585033222e-02 3.188953542283140541e-02 9.993854252582369257e-01 -5.910240240373147991e+00
-9.921865737892352488e-01 1.227301265697462174e-01 -2.243031039805196483e-02 6.084233642297974853e+01 -1.235269483547916936e-01 -9.915946537236517422e-01 3.848552632905606619e-02 1.265446772802467024e+01 -1.751844235460200613e-02 4.095557030302364454e-02 9.990073800721507302e-01 -5.470512883973618123e+00
-9.919804586079186137e-01 1.242430881829053868e-01 -2.320398195998174540e-02 6.022748926771682676e+01 -1.249556077940388310e-01 -9.916363258561242677e-01 3.230314726756049887e-02 1.264003935046542715e+01 -1.899646864147917780e-02 3.494355851000521124e-02 9.992087278931319760e-01 -5.516305489238083837e+00
-9.919974335997816528e-01 1.240471773160342212e-01 -2.352423285404993403e-02 5.975227556554967379e+01 -1.247709011047204025e-01 -9.916596922275806580e-01 3.229979951356261314e-02 1.252433576897630019e+01 -1.932133455440583625e-02 3.497645795423866277e-02 9.992013477873276095e-01 -5.479256127744570826e+00
-9.918907838454664727e-01 1.252591381881383026e-01 -2.151328014951900749e-02 5.918760231845728015e+01 -1.259176004903427015e-01 -9.915046826897324639e-01 3.260708651639806360e-02 1.247057724858897565e+01 -1.724618245239407585e-02 3.505156921877095738e-02 9.992366870197072481e-01 -5.714728645503042159e+00
-9.916639965284645974e-01 1.275498819547361551e-01 -1.826323088959326546e-02 5.866191045234897672e+01 -1.280829780601263623e-01 -9.912529620868781866e-01 3.181691193751286229e-02 1.242142551730921163e+01 -1.404523835479189187e-02 3.389089505048700768e-02 9.993268426857321307e-01 -5.973146049071406338e+00
-9.916379359152458495e-01 1.280977080631444387e-01 -1.565826435848402531e-02 5.816004544622123262e+01 -1.284883676755169957e-01 -9.913381200050919162e-01 2.719321968525905547e-02 1.231986993847781875e+01 -1.203924523514302534e-02 2.897773306763345991e-02 9.995075525279581985e-01 -6.042661788620672603e+00
-9.914638839982055085e-01 1.290786839660802710e-01 -1.838641000247320800e-02 5.765420034692868967e+01 -1.296188727103743943e-01 -9.910451894797509542e-01 3.206836831423776069e-02 1.232379052575232414e+01 -1.408242040581208186e-02 3.417785474003046109e-02 9.993165462859520121e-01 -5.934967678598091823e+00
-9.913881394642225509e-01 1.290798197686217896e-01 -2.208975007026863294e-02 5.717703110952171386e+01 -1.297469187538297375e-01 -9.910295125587080811e-01 3.203501695857804282e-02 1.222056716099032414e+01 -1.775652002938401738e-02 3.462521286792905745e-02 9.992426134979915942e-01 -5.606744561495691670e+00
-9.914426675477188144e-01 1.287851137622230691e-01 -2.135020934591972536e-02 5.667753015743063827e+01 -1.294487657013326243e-01 -9.910256828026589027e-01 3.333336292553240598e-02 1.214069419753984391e+01 -1.686576485857764485e-02 3.581187650452044569e-02 9.992162205833930999e-01 -5.600673129632906644e+00
-9.913526663667284744e-01 1.296158270416955249e-01 -2.048483018908897613e-02 5.620903606180419132e+01 -1.302078708182071998e-01 -9.910070021713384136e-01 3.083880711646541650e-02 1.207551125372058465e+01 -1.630341266629799918e-02 3.323941978547102771e-02 9.993144348540942135e-01 -5.719086498211702008e+00
-9.914307597200922029e-01 1.298659050192635112e-01 -1.413843677249652063e-02 5.562020750418666637e+01 -1.301622256326977756e-01 -9.912357957704145406e-01 2.256971868980553464e-02 1.201507905523189557e+01 -1.108348768145348863e-02 2.421660374457797194e-02 9.996452932935228075e-01 -5.914071570015490664e+00
-9.914227687931846944e-01 1.301228717742067553e-01 -1.220376006358311720e-02 5.520092493938469147e+01 -1.303789453480132809e-01 -9.911910221462443271e-01 2.327419658385005904e-02 1.197459088148430872e+01 -9.067752113722462107e-03 2.466568178496766559e-02 9.996546303667516176e-01 -6.302496010990842557e+00
-9.915121261703394584e-01 1.295535059911798181e-01 -1.093584667809537579e-02 5.482564574274828573e+01 -1.297399048128428656e-01 -9.913750043682134638e-01 1.852451924018052448e-02 1.194077326160000752e+01 -8.441608633900461386e-03 1.978610116517868361e-02 9.997685979487219710e-01 -6.308079638365914121e+00
-9.913541163657513255e-01 1.305768069415532417e-01 -1.291175641145414325e-02 5.440803888673037392e+01 -1.308191846694958527e-01 -9.912013633973926208e-01 2.015435738390623788e-02 1.190719638713685136e+01 -1.016645892573898001e-02 2.166921060163948948e-02 9.997135031721903209e-01 -6.224641694219111621e+00
-9.913559172017687438e-01 1.303755583979000210e-01 -1.468533967858999881e-02 5.397356179941694165e+01 -1.306411914175786559e-01 -9.912500932098990969e-01 1.887145506743295037e-02 1.187048261769762547e+01 -1.209646783302391337e-02 2.062683891928979857e-02 9.997140636112719081e-01 -6.006661388025548831e+00
-9.914686839944397700e-01 1.294743115794418642e-01 -1.504165214875663112e-02 5.349197557825932137e+01 -1.297891988763757720e-01 -9.912911791810372630e-01 2.228366964613463785e-02 1.185723440901318426e+01 -1.202549430847495160e-02 2.404580460078418330e-02 9.996385280528845563e-01 -5.974743838856131362e+00
-9.918577709572504730e-01 1.254335039098717630e-01 -2.201359326887698462e-02 5.312775509705664945e+01 -1.260787347941643433e-01 -9.915392935799700602e-01 3.088659773490098556e-02 1.169152761872971702e+01 -1.795312854123571819e-02 3.341055796940547995e-02 9.992804510205104407e-01 -5.572282360798023859e+00
-9.917440782635713603e-01 1.261749211749708943e-01 -2.288170657160889729e-02 5.275663340991223293e+01 -1.268487470101040404e-01 -9.914414808291880377e-01 3.087370196775163916e-02 1.166249506923124457e+01 -1.879038613509427871e-02 3.352132690865351067e-02 9.992613482123569035e-01 -5.577310175848423590e+00
-9.919092213557072490e-01 1.257982843744188117e-01 -1.705544599146239723e-02 5.237379032038867877e+01 -1.263080674466388054e-01 -9.914378614281063040e-01 3.312459848449093164e-02 1.161908689982965903e+01 -1.274239723953761103e-02 3.501083511309397572e-02 9.993056953391556974e-01 -5.615848428380805224e+00
-9.920091660162428937e-01 1.245190582526337353e-01 -2.031793965034821292e-02 5.197515394163654179e+01 -1.251356937452743068e-01 -9.916042941737934768e-01 3.258806417971808755e-02 1.155436350356750097e+01 -1.608952114411438955e-02 3.487015784262688378e-02 9.992623276204218863e-01 -5.649416753664901591e+00
-9.922854177889253169e-01 1.231546331040343778e-01 -1.423327047689378413e-02 5.163760249191886231e+01 -1.234467194115805022e-01 -9.921099267635862251e-01 2.188151465667152740e-02 1.151274288363789289e+01 -1.142615902113447435e-02 2.346975845982004344e-02 9.996592486081752327e-01 -6.014809788709952088e+00
-9.920492167819554563e-01 1.243178292988382366e-01 -1.958133807311812635e-02 5.131407085143476365e+01 -1.245611890143916017e-01 -9.921425056987518420e-01 1.173705998635260657e-02 1.155854327997753472e+01 -1.796835200094417523e-02 1.408281591966429984e-02 9.997393723476849514e-01 -5.914816764452515585e+00
-9.923046934144730269e-01 1.233848396388606411e-01 -1.037192243037536425e-02 5.104597274861419720e+01 -1.234397670324525881e-01 -9.923403053627755099e-01 4.831383599730307808e-03 1.145419758628501228e+01 -9.696357181071162470e-03 6.074512310182299778e-03 9.999345383361905037e-01 -6.571771642612798559e+00
-9.923181652547730103e-01 1.233250570994325335e-01 -9.776972784211681797e-03 5.071667325044495556e+01 -1.233449419839660333e-01 -9.923627901574916255e-01 1.455334260902100239e-03 1.149874033620221070e+01 -9.522824810609649762e-03 2.650094764458187264e-03 9.999511452092876285e-01 -6.610482815895419861e+00
-9.924238784233629929e-01 1.222973542472284708e-01 -1.175596356145889448e-02 5.044302693353052547e+01 -1.224970288157321424e-01 -9.923036998026228961e-01 1.810649853903607831e-02 1.142105049869762112e+01 -9.451109270775057830e-03 1.940939211192186514e-02 9.997669488592816345e-01 -6.123815846868135182e+00
-9.924662292302797173e-01 1.223740525744536900e-01 -5.947696523414796460e-03 5.017946362373345437e+01 -1.223993890839899790e-01 -9.924724594583140824e-01 4.099605911686097365e-03 1.145984990952559457e+01 -5.401239607333931797e-03 4.796714841424206885e-03 9.999739087283399108e-01 -6.498187454258737006e+00
-9.926132053042782122e-01 1.210258366346926018e-01 -8.471807507265984027e-03 4.986592396659982995e+01 -1.211694164435118959e-01 -9.924458825111066584e-01 1.921308943116603260e-02 1.136744657594863739e+01 -6.082530255268767984e-03 2.009769025594464534e-02 9.997795185299955811e-01 -6.070732290860440195e+00
-9.925479428418977346e-01 1.210607854345615159e-01 -1.388767044123032784e-02 4.966487845113888966e+01 -1.213272136207557833e-01 -9.924052675712411453e-01 2.028526883915792237e-02 1.131504961585085844e+01 -1.132644672175070477e-02 2.181905421461885139e-02 9.996977745688138128e-01 -5.905560552155131759e+00
-9.926065771619347888e-01 1.205556539266278149e-01 -1.408961607680800886e-02 4.937862712143128618e+01 -1.208204727400045142e-01 -9.924777044722095098e-01 1.975903571675748788e-02 1.131897618883710877e+01 -1.160156634901185306e-02 2.131526288595617102e-02 9.997054882445889357e-01 -5.865117257065446843e+00
-9.926287297666354092e-01 1.209132683736162256e-01 -8.257504046999243619e-03 4.910014976696332667e+01 -1.210496327056454074e-01 -9.924699844325401976e-01 1.871674176511867183e-02 1.124695537637972720e+01 -5.932222492851510487e-03 1.957834343563451263e-02 9.997907267046497459e-01 -5.878439471637660674e+00
-9.925394261316331512e-01 1.216182537861120877e-01 -8.630638464499398518e-03 4.884993149669303136e+01 -1.218041824927561106e-01 -9.922146297311691399e-01 2.595899987884699514e-02 1.120662087973649079e+01 -5.406357513097590980e-03 2.681657870526081913e-02 9.996257511713997346e-01 -5.861626464416716864e+00
-9.925189838832566558e-01 1.216243590146448145e-01 -1.065748214283559515e-02 4.866072029468182336e+01 -1.219061426958806121e-01 -9.920321448845048629e-01 3.179804850710930830e-02 1.117300951209757365e+01 -6.705147601631751206e-03 3.285937933262994548e-02 9.994374928856304408e-01 -5.711771169472082299e+00
-9.922866226628110908e-01 1.236460569663920261e-01 -8.883190929866261257e-03 4.843029338271351492e+01 -1.238478525154940724e-01 -9.919135782168435611e-01 2.773378402525053174e-02 1.123807282899019278e+01 -5.382184661747308786e-03 2.862002700422471360e-02 9.995758731294710486e-01 -5.883004342006143972e+00
-9.923862498834019608e-01 1.230111689937223030e-01 -6.146815855100847686e-03 4.818242863424021039e+01 -1.231056200648270316e-01 -9.922195280736718637e-01 1.858532802279079174e-02 1.122095598386174053e+01 -3.812787800688645368e-03 1.920053155665675179e-02 9.998083827599810736e-01 -6.230763635045224014e+00
-9.923240959440717823e-01 1.225478209497910115e-01 -1.658071739216410503e-02 4.800610632435874692e+01 -1.229242546603188796e-01 -9.921259789348919611e-01 2.399311440158313768e-02 1.113681405419942294e+01 -1.350985658643053845e-02 2.584711788459883447e-02 9.995746146596929949e-01 -5.612889048948736637e+00
-9.922428335205295546e-01 1.231428414665616256e-01 -1.702938409609971657e-02 4.784083176510708313e+01 -1.235487656932414136e-01 -9.920161665803959306e-01 2.529086275343358364e-02 1.109398042298677467e+01 -1.377903562763935913e-02 2.719863670623499236e-02 9.995350780930574164e-01 -5.568390960406842893e+00
-9.925523956508144341e-01 1.214098087081232763e-01 -9.969966764542431345e-03 4.756027860487561298e+01 -1.216198615770563846e-01 -9.922814181162937786e-01 2.421149584587558787e-02 1.103100691502396202e+01 -6.953499680507202810e-03 2.524372418194506182e-02 9.996571428402935000e-01 -6.020526551322307185e+00
-9.920959382142469085e-01 1.239422634946550916e-01 -1.959501718843531526e-02 4.742271658716992988e+01 -1.244505681555730936e-01 -9.918505069866618840e-01 2.728787049326255459e-02 1.107888262069951146e+01 -1.605320729787795137e-02 2.951079650100116997e-02 9.994355444076060691e-01 -5.578951443118138620e+00
-9.920736370155216477e-01 1.235732108336243251e-01 -2.279386547000769939e-02 4.729245691708199928e+01 -1.242419420235757743e-01 -9.917763835801802763e-01 3.071717459061836311e-02 1.101146597003021377e+01 -1.881059757175764305e-02 3.330565322717338878e-02 9.992681796605477063e-01 -5.549079638428294103e+00
-9.923925368961126203e-01 1.215453806914078838e-01 -1.959012877650060172e-02 4.710533670959168262e+01 -1.220705951995996463e-01 -9.921175183344455029e-01 2.831253435349667322e-02 1.095514883432172049e+01 -1.599445217925965848e-02 3.048852647280911668e-02 9.994071378837566799e-01 -5.558043623574360659e+00
-9.922542722726783726e-01 1.229506420777883857e-01 -1.773693235250726682e-02 4.691393082620104593e+01 -1.233885127330360543e-01 -9.920134367093704775e-01 2.616517367788349230e-02 1.096243239611958309e+01 -1.437825031591972655e-02 2.815103907005886419e-02 9.995002675923247981e-01 -5.719745837037825353e+00
-9.922196883509752929e-01 1.227911418779914221e-01 -2.055299309085716411e-02 4.676258338140321058e+01 -1.233440957905385105e-01 -9.919622822456199973e-01 2.823233316032089379e-02 1.091387412032810644e+01 -1.692111350674944600e-02 3.054776715833545930e-02 9.993900689116996805e-01 -5.628022408170362034e+00
-9.919814717862289744e-01 1.248366018113175602e-01 -1.971249555561831526e-02 4.664805419072652626e+01 -1.253434259127830797e-01 -9.917460737284424788e-01 2.699538524760254285e-02 1.097235062992748844e+01 -1.617977791177575494e-02 2.924975371558472328e-02 9.994411772056939203e-01 -5.630540848436205614e+00
-9.920816835131627265e-01 1.241921428505765451e-01 -1.871483079996698676e-02 4.651412124478677868e+01 -1.246780664313210524e-01 -9.918153420296387246e-01 2.752647935312969515e-02 1.092950954604570946e+01 -1.514308385489874023e-02 2.964184489557243271e-02 9.994458704915191172e-01 -5.734642005610099957e+00
-9.921192120644222179e-01 1.245036498728285257e-01 -1.408226618886593631e-02 4.631201897209064100e+01 -1.247936020876482810e-01 -9.919381576758075081e-01 2.202835047647320674e-02 1.096494336526509805e+01 -1.122612714428521813e-02 2.361212644106321437e-02 9.996581623506465286e-01 -5.887354264800298331e+00
-9.921836953302338724e-01 1.241632182294266917e-01 -1.245029958492296397e-02 4.617967461134973917e+01 -1.243970913044041005e-01 -9.920268351695424869e-01 2.020202906902952497e-02 1.086367022501293000e+01 -9.842682350168658126e-03 2.159290490911135521e-02 9.997183943800073136e-01 -5.978872205466682743e+00
-9.918049181672945469e-01 1.272286397880646736e-01 -1.165665118486194224e-02 4.607017040608014469e+01 -1.274298619726134951e-01 -9.916741325867264312e-01 1.854845104057204971e-02 1.096819407907566379e+01 -9.199705256546508725e-03 1.988185041797448441e-02 9.997600099259571493e-01 -5.854689930139478804e+00
-9.918048439085407342e-01 1.270688219946455033e-01 -1.329157915555504235e-02 4.587618134527752289e+01 -1.273458833005940150e-01 -9.916001557937548228e-01 2.263088677433860649e-02 1.098405863576800634e+01 -1.030425183828399122e-02 2.413805101275868017e-02 9.996555291135835741e-01 -5.862404898758296845e+00
-9.919691647635311416e-01 1.257730195948182639e-01 -1.335378973718304510e-02 4.578995734644642113e+01 -1.260475988443314488e-01 -9.917752420199958951e-01 2.222323427762497652e-02 1.083781687519760339e+01 -1.044887476821888123e-02 2.372797627656391198e-02 9.996638455790510802e-01 -5.875841328081842008e+00
-9.921863848816827591e-01 1.240019579651281956e-01 -1.377287465390955937e-02 4.567370474637750988e+01 -1.242980324260922476e-01 -9.919723596094656148e-01 2.325590045196097508e-02 1.080812915912995997e+01 -1.077853377875879343e-02 2.478612901693160245e-02 9.996346687755163218e-01 -5.892149399116448194e+00
-9.916779722759441196e-01 1.280064834185558331e-01 -1.375279991445537905e-02 4.547823363912844741e+01 -1.282927110838406881e-01 -9.914818915166687674e-01 2.246417319393315126e-02 1.093814140284201386e+01 -1.076009225937372971e-02 2.404160970783433826e-02 9.996530505216426610e-01 -5.918214511861561888e+00
-9.916619379332431983e-01 1.273358348891278913e-01 -1.980368671671709629e-02 4.534967920853616619e+01 -1.278577057887031188e-01 -9.914028779166379479e-01 2.779821449406395459e-02 1.089990647294201764e+01 -1.609372315328412573e-02 3.009848520602508362e-02 9.994173669010200101e-01 -5.671944705220298033e+00
-9.915621232713651700e-01 1.279758297947533041e-01 -2.065775113429495907e-02 4.531003329434536653e+01 -1.285292376153845395e-01 -9.913061386888055715e-01 2.814914698349844230e-02 1.092270950730353718e+01 -1.687574506770454091e-02 3.056675295537473330e-02 9.993902555269262855e-01 -5.676250950265436579e+00
-9.917396847087160960e-01 1.273916045657157714e-01 -1.495917310646993799e-02 4.520911991110210693e+01 -1.276987906771809567e-01 -9.915738846183490551e-01 2.177728638887856116e-02 1.081419384836543252e+01 -1.205888193169436622e-02 2.350766745234465077e-02 9.996509255422652007e-01 -5.764917917390483204e+00
