-0.9915383995005579 0.11353178496661062 -0.06294550117500321 129.5469784470292 -0.11604736454234575 -0.9925221633255514 0.03785187565159683 10.443946817028014 -0.05817741399076507 0.044836247722834566 0.9972989017298096 -0.8973683917131745
-0.9898413454120318 0.1271614987484244 -0.06359295675595342 128.71517626293706 -0.13066181834949658 -0.9899396034065246 0.05428693059047167 12.292862947638827 -0.05604997893410089 0.062044619777915595 0.9964983015630803 -0.9342099553525254
-0.9930436585717793 0.10663824498125757 -0.04992571359237071 127.17557091432352 -0.1095320491057754 -0.9922104931439883 0.059338583684293615 9.310664294467774 -0.043209054480284975 0.06439426994915869 0.9969886436708495 -2.2311270946571122
-0.9936265190895021 0.10257089077846263 -0.04674989761481868 126.54468344176067 -0.1054194288236578 -0.9924178230353867 0.0631950041395496 9.346040129196135 -0.039913463750683324 0.06772057949114592 0.9969056317048332 -2.111481374265476
-0.9915439982990868 0.1185574364724526 -0.05276962852015146 124.85136753463382 -0.12116818306390979 -0.991403389285795 0.04937196700191061 10.420853485193843 -0.046462574724881286 0.05534847757370885 0.9973854697057759 -1.9875288806150566
-0.9871182466753196 0.154116158274209 -0.042962505041708406 122.35721305705508 -0.15569496215982254 -0.9871420276880823 0.03618972132965741 14.329615976217763 -0.03683267352109032 0.04241257986335947 0.998421017021692 -2.376519216255618
-0.9946038267457691 0.09488014136022305 -0.04196411083471481 124.31820577793555 -0.09834311939527979 -0.9910679827421744 0.09007155184057884 9.151979645068476 -0.03304328510136098 0.09371239170370396 0.9950508172706019 -3.061344011206074
-0.9870788446298578 0.15768380009485872 -0.028481110790110054 120.26198811335942 -0.15878620907338792 -0.9864271213510833 0.04181475901060635 14.472738439512069 -0.02150103002872645 0.04579687162522588 0.9987193561041323 -3.9093567367978332
-0.9882805785004084 0.14692077071349102 -0.0414220387217028 119.0298804649236 -0.14851971180871895 -0.9881562187879103 0.03858992711887342 12.985452522845096 -0.03526178332364183 0.04428966475080561 0.9983962300775729 -2.4913784188898007
-0.9946329780867348 0.09576956617616872 -0.039159023184444516 118.80893393283971 -0.09908666792953656 -0.990623297583085 0.0940601643855974 8.762579906217054 -0.029783739539438955 0.09743547854889557 0.994796087838613 -3.098729886887913
-0.9835921898154477 0.1767407475948282 -0.036181656591158955 116.17691331434058 -0.17856582603076002 -0.9823515505330599 0.05567474238146347 18.45728309542827 -0.025703110862530524 0.06122204917275626 0.9977931703449803 -3.548040435768117
-0.990337055965252 0.13439442921720135 -0.034214806407051095 116.00695364992484 -0.13610661176654204 -0.9892255142275477 0.05392469039946571 13.58518068286416 -0.026598981475260453 0.058060480506356225 0.9979586538468695 -3.76002741686862
-0.9847886730015043 0.17278037749057085 0.01839050521772696 114.372970114029 -0.17244674184625636 -0.9848467587007186 0.01841149378237605 15.446944783976114 0.02129297430043135 0.014960047824218135 0.9996613457639285 -8.292316572460948
-0.9907367067957069 0.1314186626829144 -0.03420398962461755 113.79416880107027 -0.1332710940770542 -0.9893147199308767 0.059120219989413296 14.150315104293645 -0.02606901016746876 0.06313097517642183 0.997664716566729 -3.70564391560766
-0.9927861707664412 0.11080287997106862 -0.04580765138089456 112.19556070932198 -0.11271053126059989 -0.9927652209854102 0.04139507391887613 10.312536068945274 -0.04088954973914949 0.04625946164745546 0.9980922336789442 -2.9875790529907134
-0.9976921542638744 0.0634278098281691 -0.024233824723379652 111.47289838586617 -0.06446996818215397 -0.996906232843076 0.04496205201299946 7.182265544165073 -0.021307006427798945 0.046420640441821814 0.9986947159257765 -4.047608763214242
-0.9848821398331694 0.17132008827026582 -0.02562416813695557 108.52638003172297 -0.17271851952420195 -0.982507033490176 0.06962931965565028 17.960426566668687 -0.013247024232289219 0.07300244172223848 0.997243781555742 -4.544351737662474
-0.9851582513934184 0.1694206149516865 -0.027565829224902867 107.09969102854882 -0.1708033796949109 -0.9835005414526662 0.05960612759701796 17.68767068483625 -0.017012501175908266 0.06342980523151727 0.9978412872857292 -4.668248628671707
-0.9933170299208467 0.11278998515768114 -0.024488718165040314 107.94694739676622 -0.11346464364696367 -0.9931426323232276 0.028168892490906185 11.823837823810791 -0.021143621054692013 0.030759244305193646 0.9993031652999378 -4.254169958457903
-0.9821438456560438 0.18223460037994704 -0.046733466213467224 105.86115019625743 -0.18460030444674486 -0.9814052339800303 0.05259747441448113 17.691539490831754 -0.03627938861300781 0.06028529788409132 0.9975216733589816 -3.5367428527310905
-0.9860199980821245 0.1634296625259102 -0.03248551660046584 104.45845251647991 -0.1650901191746781 -0.9845977690226965 0.05755419868627648 16.970628085744572 -0.022579103902121114 0.06211262868528219 0.997813712786505 -4.558523101448234
-0.984794830200131 0.17083679263674229 -0.031526698093613255 103.55962924618137 -0.17246370245132697 -0.9832289894265283 0.05930451659073451 16.655303738953116 -0.020866570103305095 0.06383999242536295 0.9977419714631919 -4.471136724322611
-0.9928635032139175 0.1175704030239609 -0.019981599499935145 102.63011823906311 -0.11838999634592894 -0.991876205534338 0.04653387647744375 16.50960005000583 -0.014348266480782176 0.04856740910930162 0.9987168437657471 -4.563731603103976
-0.9898092002823066 0.14162791605896563 -0.014808120383887876 101.00181353174558 -0.14217230277579967 -0.9887467853681665 0.04654922929053946 17.0313143959524 -0.008048811088343787 0.048180159992585035 0.9988062318704062 -5.025730489583647
-0.9907655634136615 0.13477065043005604 -0.014848236806913427 100.090274796358 -0.13527389362222236 -0.9899665268207029 0.04083196638473083 16.830065636498226 -0.009196306753143025 0.04246348498675136 0.9990556943358497 -4.939348132818004
-0.9888485318903638 0.14771644645534965 -0.0189323116624399 99.11569236659759 -0.14844381095527087 -0.9878665180185976 0.04565279363728998 16.74271598697795 -0.011958928353157565 0.04795408245829321 0.9987779482989392 -4.861159789994839
-0.9857971037582576 0.1629129071571294 -0.04078547417218407 99.01545907680227 -0.1648124081500039 -0.9851275402534304 0.04858600162631238 17.38784560469467 -0.03226360707722968 0.05461789190226988 0.9979859445616102 -3.6721497060936414
-0.9849210780903882 0.16916999812783093 -0.036221287479971526 99.24328631929878 -0.17119251605700325 -0.983227272705229 0.0629066980115995 16.96752760341242 -0.02497183171795393 0.06815894616321112 0.9973619030615644 -3.9231539571929415
-0.995154831830746 0.08389145657038286 -0.05127459603381548 99.51646280179074 -0.08696457052481506 -0.9943438611165877 0.060970889227568985 11.334034252447683 -0.04586964309176485 0.0651345482387463 0.9968216823827538 -2.8727126360617823
-0.99120065161222 0.1309586788598449 -0.019263765851766236 95.28856253110034 -0.13165454525884043 -0.9904516779157602 0.040896875510741566 15.992966491812723 -0.013724028424476021 0.04307317198833808 0.9989776538535152 -4.752339045546107
-0.9936595013834543 0.10003280244491923 -0.05132478685199805 96.62668187742423 -0.10282470518135363 -0.993178341241964 0.05498965804789637 11.679461556065359 -0.045473897070246 0.05991845227367186 0.997166938763203 -3.0523413377439956
-0.9832267067027568 0.17837257259566067 -0.03805875158311633 94.06428307860007 -0.18016628115718633 -0.9823389706457936 0.050500078064852856 17.73413268294189 -0.028378766013512927 0.05650992918215236 0.9979986340388416 -3.794369725885988
-0.9940405687986203 0.09922825899273062 -0.045134246418778896 95.34637891666529 -0.10179949721578695 -0.9930675397316671 0.05876839199696798 10.945687448002019 -0.03898986982707803 0.06301280940069105 0.9972508089253683 -3.445986139562449
-0.9944494275788042 0.09444279380525272 -0.046377739126074125 94.14047745669691 -0.09681664395779913 -0.9939468769995968 0.051924398460648453 10.43475250023915 -0.041193123709382495 0.05612632538310237 0.9975735372182196 -3.385994480477154
-0.9950711787013179 0.08902416377753727 -0.04368120398625582 92.98565114521512 -0.0910827319412162 -0.9947028969144548 0.04764538605284491 10.39607503231997 -0.03920822949462724 0.051389153852833276 0.9979087481359202 -3.624643867112143
-0.9921776853577433 0.12372384268367438 -0.016608775684728704 89.43900425856958 -0.12421970285340252 -0.9916997648783874 0.0331819493575879 15.470555519848991 -0.01236552065920741 0.03498552688958495 0.999311316260898 -4.878598695180611
-0.9951733693532981 0.08911201951414659 -0.041097602218663994 89.32469804578423 -0.09106010342914707 -0.9946757460332821 0.04825160947169326 11.269559190086756 -0.036578989782198215 0.051761068683385904 0.997989363307685 -3.746119545039468
-0.993202377665614 0.1153193472886342 -0.015826722348754096 87.93606756752649 -0.11581831547027488 -0.992638677469921 0.03541996319032404 15.277834981318145 -0.011625609704855187 0.03701221597930653 0.9992471871700737 -4.961499829213834
-0.9928000109422687 0.1194667156720444 -0.008708738115828965 86.75191033689455 -0.11971966503144038 -0.9920204252948213 0.03953071720379624 15.418226660605734 -0.0039166411369479116 0.04028870368255812 0.9991804042703151 -5.192822316273158
-0.992461287578292 0.12206753407250803 -0.010959460931554288 85.75972364431314 -0.12239959780200806 -0.9917559663031685 0.037926794749656954 15.31293131288897 -0.006239480455970582 0.038982309161110874 0.9992204203558465 -5.204695399469289
-0.9934068730790853 0.11083936691297407 -0.029281722312175375 85.66422507209532 -0.11205314054881244 -0.9927408886789076 0.043699217820947975 15.216001231654715 -0.024225569392371894 0.04669221227726711 0.9986155211593075 -4.501833527871848
-0.9917934645371677 0.1267827220560039 -0.016488331917876898 83.91058471109864 -0.12735521932111937 -0.9910414044052495 0.04021918529940154 15.36835485052986 -0.011241521829059676 0.041989000256596326 0.9990548293484328 -5.1415571191982385
-0.992198829662599 0.12336369767905943 -0.017968876178675947 83.00969501420845 -0.12402898869651999 -0.991371687696463 0.04241446447603664 15.277703074400518 -0.012581429930421729 0.04431224355434344 0.9989385029580617 -5.0717398907454125
-0.9929972763735606 0.11722144909480393 -0.014681314205786583 82.16511790656875 -0.11776045833177785 -0.9920745454561087 0.04382431644130802 14.62057913622802 -0.009427808238564714 0.04524630515493808 0.9989313731691751 -5.146414585424442
-0.9937305250635129 0.11100419106912614 -0.013330908524351153 81.40280132352102 -0.11143079087440269 -0.9930728164310499 0.03727680392427852 14.737150985072173 -0.009100681408605081 0.038528571616305594 0.999216056099538 -5.252645547497772
-0.9927788151433267 0.11920116199373106 -0.013465035535295019 80.37529266314817 -0.11963897918534279 -0.9920677913696475 0.03857475841070212 14.82887488541222 -0.0087600720380308 0.039907146055553795 0.999164991796449 -5.254302686551912
-0.9914161029160599 0.1263980776846194 -0.03343107590808596 79.69878865155027 -0.12767914937517474 -0.991030724514516 0.03944791354518306 15.007912207161036 -0.028145082937710002 0.04337774804977632 0.9986622178096901 -4.502467071386089
-0.9918860261605323 0.12594230509131982 -0.017339172291690966 78.89472119561293 -0.1265770125299348 -0.9910514801923823 0.042370077973574824 14.94852508895072 -0.011847827078100026 0.044221028897744916 0.9989515151381292 -5.125531809709581
-0.9912253516227544 0.13070834577177803 -0.019688337815968127 77.70494652539352 -0.13141443699031924 -0.9905074187120794 0.040315000023009494 14.730774806453196 -0.014231937706028992 0.04254858190283936 0.998993028067365 -5.08106185286148
-0.9939671157800496 0.107615013647771 -0.021175022679739607 77.53996170850778 -0.10844250239635554 -0.9931788304947832 0.04284897117825283 14.266870191156329 -0.01641939164262358 0.04488674074388081 0.9988571389760857 -4.967872784503901
-0.9939504903978021 0.1080870421291103 -0.01948368450163046 76.86012075171683 -0.10888342538507521 -0.9929922716475242 0.04594287893364298 14.370955493096277 -0.014381318242504248 0.047786397354040555 0.9987540427520367 -5.1153522874245665
-0.9937937231434676 0.10761850350126495 -0.02814770940587137 76.73048560915589 -0.10876324692046153 -0.9931410252169213 0.04291223776970873 14.480819950528153 -0.023336494166188486 0.04570734880993265 0.9986822549263642 -4.764973611598306
-0.9937331214365142 0.10784677972602122 -0.02938631420865358 75.9815653266444 -0.1091285838214611 -0.992953026507048 0.04620865009515696 14.388212728963945 -0.024195775523120498 0.04912595294975097 0.9984994768118914 -4.724119076933346
-0.9936945724247445 0.10990458219216472 -0.022182866063308097 74.89108143435377 -0.1107746129241005 -0.9929238833176058 0.042791904246029265 14.408552180900534 -0.01732287115732714 0.04497938139470842 0.9988377112345233 -5.088795747084896
-0.9932621027279512 0.11382390020090413 -0.021783365844337106 73.69989531292478 -0.11471459074325689 -0.9923650790516765 0.04530024888862761 14.293806729479957 -0.016460800559551833 0.04749389036306145 0.9987358872210046 -5.064674138901092
-0.9940828117198508 0.10626828932209162 -0.02250364698715836 73.83831826667421 -0.10716186286172164 -0.9933049575869801 0.04314622093687205 14.058379675732686 -0.017767909026457192 0.04530244935633778 0.9988152929802137 -5.013376684956287
-0.9939969736882432 0.10679777906882541 -0.023753961450259767 72.83073610447488 -0.10769399053088562 -0.9933652214755065 0.04034279571935044 14.044289664723774 -0.019287838192703945 0.042658775754652496 0.9989035029215662 -4.983512464546733
-0.9940227851266626 0.10579022083859783 -0.02696538195449035 72.39593904565245 -0.10682743372210161 -0.9934537245314949 0.04046722894947121 14.024675031924337 -0.02250782204881209 0.04310599018024605 0.9988169359583368 -4.876560201006669
-0.9941320724401114 0.10695267328910696 -0.016203339848491125 71.37586911520185 -0.10746057179336743 -0.993605897361251 0.03463446605313286 13.922631076213936 -0.012395485298085958 0.03617245368033868 0.9992686853589353 -5.247535322969972
-0.9936857080313247 0.1105799789464325 -0.018994259935344784 70.40381242550566 -0.11128223273178746 -0.9929392525227034 0.04108412683604404 13.979363495223886 -0.01431706438186079 0.04293843331861623 0.9989751311277134 -5.260997970521985
-0.9941990440711701 0.10585714147780358 -0.01904012516034948 69.81150632516955 -0.10658582382211956 -0.9933936537122642 0.042526590791617525 13.630007247415517 -0.014412596162181436 0.04430930333852393 0.9989138915389691 -5.222798878583997
-0.9940021996092002 0.10685815128104996 -0.023258604362126806 69.37568631501645 -0.1078100163313237 -0.9931762204383839 0.0444746617116805 13.674514645433183 -0.01834741264368849 0.046715422084409944 0.9987397267500505 -5.1345942386027525
-0.9941297692781059 0.1055712169171894 -0.0236795268890488 68.8351013339468 -0.10639955952900329 -0.9936355797724458 0.0369792961305716 13.544261947689876 -0.019624871135891564 0.03928171036120173 0.9990354406446247 -5.042141680701969
-0.9943591980569939 0.10349164091283894 -0.023222090789275243 68.24900292182907 -0.10431678176233294 -0.993829612917725 0.03769230068012714 13.524556246539209 -0.019177963453079053 0.039902139654144034 0.9990195318254893 -5.076850659944184
-0.9938292076882863 0.10955881725031467 -0.01733122928092351 66.95464171622717 -0.11016299180646384 -0.9931506375549434 0.038934899004072376 13.540255869561937 -0.012946859925313367 0.040603899897910835 0.9990914383234187 -5.3164262518315875
-0.994447609009792 0.10352143939427248 -0.018901442284801374 66.30255960816328 -0.10431297663130618 -0.9934205445812279 0.047269699705597606 13.29521752667579 -0.013883653734679475 0.04897890555819486 0.9987033147883828 -5.3266426921993055
-0.9935093617572688 0.11121137036917758 -0.023899355666461952 65.90194350761911 -0.11209498677732153 -0.9929115459443226 0.03951424894700591 13.360735112371161 -0.019335512407354538 0.041936774209076176 0.998933153383589 -5.246577179326375
-0.9934399759882769 0.11131494453711412 -0.026191548849078844 65.35553062479431 -0.11229506904580323 -0.9928887646526835 0.03951858416580596 13.288057631129156 -0.02160628557650021 0.04220052309119264 0.998875509898216 -5.173480443108537
-0.9933274807445035 0.11244482711917658 -0.025625706856978497 64.84775475804132 -0.11329579455793631 -0.9929584818748496 0.03460514713572902 13.408245545962806 -0.021554093190564415 0.03727752844459658 0.9990724733170274 -5.182849364440383
-0.9938064042693988 0.10827774356195984 -0.024995221188532465 64.2762112879553 -0.1091533481394665 -0.9933426516521949 0.03682285972782566 13.21624800916681 -0.020841723131222286 0.03932310590124146 0.9990091670846695 -5.182358698443001
-0.9937195383440408 0.11014160757063905 -0.0197561482852189 63.59907943516031 -0.11082909400819115 -0.9931145371927637 0.0379529700778475 13.004419092324797 -0.015439916924532126 0.03990416392008596 0.9990842140016075 -5.327913530273702
-0.9933842001571088 0.11223981585237519 -0.024291039822375217 63.00778019041803 -0.11316283277050612 -0.9927419046956094 0.040714664934051105 12.928798718243252 -0.019544926645612474 0.043194147737417955 0.9988754984699869 -5.240626384626068
-0.9933722732238315 0.11146538900605721 -0.028053410556419425 62.4208148511635 -0.11264589263352873 -0.9926262791696924 0.0447657544841011 12.977583408777894 -0.022856720300918294 0.04762916076799405 0.9986035416428442 -5.130964359507477
-0.9928723015503141 0.11674980625986901 -0.0239598737991962 61.79243951061734 -0.11762686887150746 -0.9922832918889293 0.039214644682344445 13.118846615675825 -0.019196680277496263 0.041753459453792906 0.9989435099593833 -5.302426122407652
-0.9929815836618588 0.116360337779129 -0.021162379363200357 61.12315268901472 -0.11712434674328823 -0.9923352937804422 0.03940243796571968 12.762890743919895 -0.01641529495146222 0.041604525109786974 0.998999300090872 -5.406058419984827
-0.9933374823262835 0.11324036884990368 -0.021383757116514197 60.66173819038006 -0.11397377085668962 -0.9927971313152031 0.03693014499037184 12.811600898980705 -0.017047749481626115 0.03912128468033324 0.9990890347324276 -5.345801041543192
-0.9926698292459005 0.11864492490575135 -0.02302155292400045 60.04376936599501 -0.11953115616847472 -0.9919435153532349 0.04195670451430259 12.724973950913776 -0.017858130079931193 0.04440094754373271 0.9988541650547762 -5.319659501025274
-0.9922157640044026 0.12243602918694671 -0.022744151294240487 59.746319884327455 -0.12329758510700124 -0.9915054013760556 0.04140947414410362 12.729219272644213 -0.017480937273030035 0.04389143195480026 0.9988833560696774 -5.363237953839535
-0.9928443949032205 0.11759312761242971 -0.020781334114787206 59.15805442866829 -0.11829926471584654 -0.9922939532270941 0.03685097497539081 12.583995779685642 -0.016287770779171585 0.03904570049662905 0.9991046700900666 -5.405173593881163
-0.9924868452481336 0.12075866407881318 -0.019677577577475357 58.230461821396645 -0.12145257607510596 -0.9918294499015111 0.03903349936644143 12.56323765120907 -0.01480316770624881 0.041130127132896384 0.9990441325927003 -5.517861082749284
-0.9919599112884602 0.1249743769691875 -0.019923340527161142 57.50279813596191 -0.12571584448144454 -0.9911866808475736 0.041767094185452 12.478845354535846 -0.01452793319487251 0.04393596262224091 0.9989287113430844 -5.558313548123611
-0.9911199071486384 0.13069408583500036 -0.024502766811959318 57.343987306039736 -0.1316251139645362 -0.9904392891110223 0.041289756103527246 12.775569835570451 -0.01887217601418938 0.04414827870958798 0.9988467202025975 -5.425726622280282
-0.9921142263838708 0.12343833797661063 -0.021733350508169217 57.19695354733253 -0.12423889035555544 -0.9914277647873305 0.04044360681276483 12.34537965694169 -0.01655475550890652 0.04282480503606275 0.9989454320150175 -5.436388106021685
-0.9922072853794875 0.12278599994119892 -0.021173121128369197 56.652481675210595 -0.12354679197277996 -0.991554855462897 0.03943550178710939 12.22444707303571 -0.0161521835400254 0.04174406336722652 0.9989977678355974 -5.438416835718398
-0.991624950370958 0.127735540050689 -0.019068025848507458 55.57840450243229 -0.12843143116687566 -0.9908564919032207 0.04133739156838127 12.204236035373786 -0.01361342316349797 0.043440122711711424 0.9989632778278559 -5.57344594176653
-0.9918964248350126 0.12535240697222852 -0.020694358308334583 54.92470074901519 -0.126113581901032 -0.9911739694847654 0.04085984184882486 12.160233408924574 -0.015389829746157288 0.04313857070058056 0.9989505577646514 -5.574340666162578
-0.991476378808324 0.12702935081087896 -0.02895054917799539 54.71328792207599 -0.12818383605354328 -0.9908481655257729 0.04229440919097426 12.39870028412977 -0.02331296720152119 0.045644900117996476 0.9986856605826944 -5.419727265682862
-0.9921434594728182 0.12346064209359836 -0.02021943815118724 54.448939263168725 -0.12412680777204464 -0.9916165270388418 0.035905415966873605 12.11985920469672 -0.015617023328248991 0.03813309792383548 0.9991506269953048 -5.560255287401206
-0.9924381952059221 0.12077558684273688 -0.02190174237855046 54.05484326293761 -0.12154104806459545 -0.9918645208063992 0.037848989429837006 12.024801162290894 -0.017152327299332953 0.040224743483244924 0.9990434263233691 -5.533088060909543
-0.9925374112169686 0.12026187763577169 -0.020163534468061267 53.63650279553877 -0.12089878756828301 -0.992079578263554 0.03408215892420034 11.993916436823811 -0.015905046345271623 0.036265564657590746 0.9992156115277812 -5.563272241613798
-0.9927341136295864 0.11891845066058225 -0.01836795384831755 53.34160322687862 -0.119470787886138 -0.9923003744322768 0.03266033899745676 11.703648283744872 -0.014342610569613409 0.034617466603596776 0.9992977136609512 -5.654038800121551
-0.9929766781230595 0.11690562770686415 -0.018176658498300854 53.13871715216441 -0.11744599687096631 -0.9925563411259892 0.03222340003125263 11.640515599940722 -0.014274260845467155 0.03413186049797966 0.9993153964471232 -5.677162870605522
-0.9926922931569491 0.11928410501755525 -0.018256872595302773 52.26395304653095 -0.11986129476500279 -0.9921838363200967 0.03470597877025352 11.750305273515579 -0.013974302274446801 0.03664065003933191 0.999230794982143 -5.611194518558274
-0.992368717183858 0.12242392515971669 -0.014721131184901617 51.59849397496461 -0.12286756070896249 -0.9918260406278417 0.03441900140817822 11.767205471310524 -0.01038709200421703 0.03596508975374848 0.9992990646641833 -5.739026207902601
-0.9930001565574643 0.11695528738197902 -0.016496964273896766 51.41229565905801 -0.11745638354314403 -0.992507628084557 0.03365421457917338 11.597639190951627 -0.012437324544358856 0.03535631410898985 0.9992973751645786 -5.649102015352347
-0.9926819656308616 0.11932014899555032 -0.018580020315746057 51.58769671665714 -0.11982858815457322 -0.9923651052336651 0.029199441355226424 11.502872280585919 -0.014954082122786554 0.031212176442148305 0.9994009082793625 -5.640305743202046
-0.9929103916523717 0.11724381118248883 -0.019566371358612968 50.80648374795724 -0.11787367597153485 -0.9924137619567164 0.03493882642392779 11.445767359214837 -0.015321575039658353 0.036997483945920076 0.99919789607464 -5.644180553187639
-0.9931583002863247 0.11622877506334676 -0.011289925582417927 50.16536134042924 -0.11653666183135107 -0.9926657228188728 0.0321553913006036 11.311378733940195 -0.007469740396290432 0.033251084008848256 0.9994191154819158 -5.830955978049873
-0.9930472368708544 0.11669361356848983 -0.015485021649665141 50.18934826281016 -0.11715383848248073 -0.9925588743802616 0.033194261820625175 11.347290860114821 -0.011496237296758225 0.03477759970618214 0.9993289523909076 -5.710778426930015
-0.9933163705710202 0.114722509971941 -0.012701718834878745 49.687357548340074 -0.11508399441945012 -0.9928138243185095 0.032808298805738316 11.33105660105724 -0.008846591664970581 0.03405078483383598 0.9993809493221915 -5.703210756148039
-0.9947412378010787 0.1020228025611256 -0.009012079424497466 49.02839130823737 -0.10227196558436372 -0.9941802886892784 0.033852601631409227 11.112003566977709 -0.0055058944315157735 0.03459626192636049 0.9993862035205613 -5.776678122942756
-0.9951845130165891 0.09785591517382111 -0.00565728887670867 48.70579961583996 -0.09797968589110621 -0.9947648801065222 0.029031266926224448 11.001086487292344 -0.002786791097445866 0.029445766625364304 0.9995624946061324 -5.8479248540170605
-0.9949780254350863 0.09982415913237691 -0.007339356567553567 48.49283046169426 -0.09999527616117314 -0.9945741712710355 0.028690810131352322 10.928669426944149 -0.004435498479648218 0.029280626599443426 0.9995613894399844 -5.812351347658215
-0.9947619024542524 0.10202516433943216 -0.006294701511140772 48.35750664456353 -0.10216847775319833 -0.9943206618560947 0.029799724154009763 10.933364052830015 -0.003218630018661327 0.03028675036335848 0.9995360689706211 -5.796593214388724
-0.9934289647372329 0.11421905471238399 -0.007273208488757068 48.18051506012448 -0.11438040462410815 -0.9930367712741607 0.028197410083523514 11.132051091931897 -0.004001881949401607 0.028844036437405452 0.9995759133266798 -5.83214985180164
-0.9951469089426588 0.09839526417880169 -0.0010008042061684036 47.701038736050826 -0.09839349342767945 -0.9949059623157777 0.021928214692788165 10.798697366745323 0.001161926405838725 0.021920267692241133 0.9997590468664612 -5.917143568561181
-0.9947688255237621 0.1021478469855268 -0.000895054357264187 47.455093578434635 -0.10213946433228507 -0.9944748366377638 0.02423487404977813 10.803716574215416 0.0015854311704281599 0.024199517567813116 0.9997058916288828 -5.917122580660687
-0.99501609540153 0.09970517026674952 -0.0013597477612818161 46.894330715857095 -0.0997074123981734 -0.9946915270693201 0.025440084303410677 10.751655731189143 0.001183978359973574 0.025448870281056978 0.9996754239235177 -5.891801281167076
-0.9946175292615853 0.10342202621947462 -0.006313079932618046 46.69525471608536 -0.10355657494618276 -0.9942519178913168 0.02718748893980085 10.835606288745161 -0.0034650066368328404 0.0276949140113147 0.999610416845941 -5.85443830747403
-0.9942633692564252 0.10678028722207529 -0.006190542434990767 46.48652310575616 -0.10691594029946495 -0.9938448830653358 0.02900569107491585 10.562967604843283 -0.0030552028983600013 0.029501163801157443 0.9995600767685927 -5.844667616587555
-0.9939690777518576 0.10955505136335461 -0.004812815589741628 46.35105676407346 -0.10963601833566604 -0.9937190942699773 0.022412165597311174 10.778579484073084 -0.002327220795548937 0.02280465750742423 0.9997372312959759 -5.904994960059856
-0.9945813542696443 0.10376922595145482 -0.006314862199561114 46.004196605002846 -0.10388418851699857 -0.9943469909727153 0.021957616438861075 10.736965815665796 -0.00400063936494136 0.022494650229493814 0.9997389587265957 -5.920202155181126
-0.9938489567406874 0.11060551342476824 -0.005538193341709268 46.10483656678148 -0.11070616432635091 -0.9935740831377547 0.023551783310769604 10.644579707141187 -0.002897648286572019 0.02402002741494941 0.9997072781156491 -5.862733232706647
-0.9933867778413048 0.1146446096049806 -0.0062708132321486 46.10134063048363 -0.11476069095961969 -0.9931211716585874 0.02324483198353288 10.962662463692054 -0.0035627826962782018 0.023810751604984255 0.999710135332971 -5.898289346923558
-0.9927631040445928 0.11967579018574902 -0.009956128321818863 46.121563189202774 -0.11990103127600657 -0.9924345303119083 0.02640919808572967 11.256074741530684 -0.0067202638857078315 0.027411827520219798 0.9996016355355316 -5.926722151181393
-0.993836510982945 0.11050737844910291 -0.00878115855428152 45.60589216935612 -0.11072373390113044 -0.9933982880411015 0.030001601090609526 10.337933631715995 -0.005407789589041896 0.030788969214901263 0.9995112781687119 -5.933447743766599
-0.9929390507079998 0.11782651502344355 -0.013746051670654779 45.195668455050416 -0.11819970089951899 -0.9925197590370166 0.030550918617465152 10.526569858776922 -0.010043519620407967 0.03195997932630375 0.9994386861809506 -5.898772374116546
-0.9933569202355815 0.11389523183223858 -0.016428791372706125 45.14934051117639 -0.1143477129026759 -0.9929908192362044 0.02989704778972212 10.671700842234252 -0.012908507815134309 0.031577034035758386 0.9994179612892189 -5.905150744052123
-0.9932258335348642 0.11501523812732332 -0.016551090522963188 45.052315561826966 -0.11543829344139696 -0.9929367837619442 0.027396055552422874 11.188002825755884 -0.013283222738512616 0.029121099756187447 0.9994876275085562 -5.9493011672971345
-0.9930100173552718 0.11654249580522096 -0.018680259730146823 44.96223543901659 -0.1170535176141991 -0.9926990276448264 0.029105231955191484 11.032313874847521 -0.015151879297221584 0.03108837700031412 0.9994017877556857 -5.910319318948421
-0.9933270046053372 0.1140007534409025 -0.017472553811637263 44.73333751323366 -0.1144943900490357 -0.9929560808074576 0.03048370441394752 10.779147850187528 -0.013874313283640994 0.03228079618604321 0.9993825361834742 -5.938886047708137
-0.9927188523285663 0.11924263909881484 -0.017043275864976573 44.773353792203345 -0.11975388093202086 -0.9922539914357803 0.03303065971922267 10.465582704789432 -0.012972595468069179 0.03483115703674804 0.9993090124012258 -5.902894207512512
-0.9924772989558907 0.12091544888048018 -0.019190239166171404 44.61291943917075 -0.12151711980645101 -0.992003286298924 0.034103805741880856 10.954695349497335 -0.014913103337892239 0.0361791955986884 0.9992340392293844 -5.928321644358657
-0.9922081924517028 0.12426603656146427 -0.008991940226308698 44.38923936967402 -0.12449427684420106 -0.9916953547173827 0.03227225534432079 10.610222349609167 -0.0049069200897884505 0.033140241237428744 0.9994386657248995 -5.9133877311880045
-0.9914606666864787 0.12982665714087838 -0.012279475120199319 44.68477669060328 -0.13015298487271562 -0.9910034788989354 0.03118181102710903 11.183980574157582 -0.008120772273922322 0.03251374948899345 0.9994382968206939 -5.9883211698592
-0.9919193083855249 0.12622592457579213 -0.012771124342425414 44.54113191794845 -0.126567982506376 -0.9914745846269138 0.03096278157972763 10.932131607225688 -0.008753939470285405 0.03232899633261423 0.9994389448785158 -5.892448489051624
-0.9913130520643121 0.13101542531284946 -0.01154950808633897 44.356690084525695 -0.13133586684249263 -0.9907637650841526 0.03373502448509815 10.644840694661614 -0.007023025535636427 0.03495883473991048 0.9993640762935011 -5.93648980416141
-0.9919633334367203 0.12623435990686063 -0.008580879676094163 44.27837016365052 -0.12642834685410342 -0.9915777203452198 0.028098000404277727 10.688850937556102 -0.004961676012081394 0.028957052575936237 0.9995683422744398 -5.973663220586616
-0.9916974281253578 0.12815207826249303 -0.01064217489800595 44.215392962922465 -0.12838127206662772 -0.9914161261966477 0.024744973222707224 11.196280119057798 -0.007379704066648498 0.02590578225495101 0.9996371493765402 -5.986644487309631
-0.9918518385757843 0.12693710103611286 -0.010812154937290064 44.21385982939705 -0.1271607030632649 -0.9916061503675986 0.023396541402739526 11.104493954407978 -0.007751510194608994 0.02458078383007628 0.9996677943977232 -5.971708452277952
-0.9917343336020709 0.12794440114245312 -0.009656177874955731 44.09534397516987 -0.12814181944357367 -0.9914711163946396 0.023763406002874087 11.108730584488933 -0.006533426707644864 0.024804345818143288 0.9996709752533559 -6.035112439511384
-0.9918028981928535 0.12744294302049036 -0.009236201087673163 43.960862374110974 -0.1276346287739881 -0.9915183722865606 0.024509568660686078 11.064233706738477 -0.006034291506280401 0.02548752032823211 0.9996569279675616 -5.991550675720435
-0.9924627026680581 0.12212860361693514 -0.010118695142998745 43.6906597083804 -0.12236336556694763 -0.9921104502305783 0.027277487245183352 10.613355266124433 -0.006707501766633346 0.028310046306191203 0.9995766857516234 -5.9412009180332745
-0.9923091802135171 0.12307930571253231 -0.013189972300867976 43.352095332578855 -0.12343365067720873 -0.9918785725298922 0.030676232437504954 10.709655763333716 -0.009307241507209409 0.03206839349552738 0.9994423412054079 -5.951833506638126
-0.9918114105432335 0.12742862800138766 -0.008489445325231638 43.84025842396472 -0.12759646019517573 -0.9915453050577077 0.023601935591750334 10.754857419389143 -0.005410107384143624 0.024491892203324258 0.9996853894873147 -6.070000934235426
-0.9925892833023391 0.12104826802377143 -0.010669183745443072 43.17107658984972 -0.12132422086475719 -0.9921336582613409 0.030842139623049155 10.764762940792757 -0.006851868716511444 0.03190800766913179 0.9994673235987683 -5.970160153983902
-0.9924493642611452 0.12214359431024656 -0.011189358633700833 43.26771875898993 -0.12239897298919065 -0.9921394717624697 0.02603382380831952 10.762119684857193 -0.007921539550612885 0.027206817893025932 0.999598438509831 -5.953461926862065
-0.9925392362648584 0.12157382495770477 -0.009255785214103652 43.68232371675354 -0.12179309637651577 -0.9921381074175097 0.028782242529425982 10.51484297371091 -0.005683849909821044 0.02969479575876773 0.9995428519853745 -5.946110992948401
-0.9923925007132521 0.12278226206709371 -0.009035521556147303 43.104805453052485 -0.12300418722322588 -0.9919342085743503 0.030602218637447033 10.599531417122954 -0.005205233295275878 0.03148081926614139 0.9994908021411102 -5.95385821126239
-0.9916776598363641 0.1285699554688512 -0.00672201846339755 43.71790978504787 -0.12868384882285916 -0.9914667485214754 0.02083635352923281 11.035877562381842 -0.0039857287440193566 0.021527961515120955 0.9997603016920549 -6.052426753831322
-0.9912693798079036 0.1317995592851493 -0.0037273083456353198 43.22696285844325 -0.13184474287431303 -0.9911185033161095 0.017351546353173375 11.31024199620676 -0.0014072781066596057 0.017691482602661696 0.9998425031031896 -6.224307391650807
-0.9918410191035542 0.12728917522197417 -0.0069898994945498645 43.50372704839808 -0.12740556957487179 -0.991648660478078 0.020018866435061095 11.042403763351329 -0.004383339473248915 0.020746085012623004 0.9997751678711158 -6.123019506285275
-0.9908586421505962 0.13478330818371678 -0.0057106138494414345 43.60559601326751 -0.13487903661598047 -0.9906036607278629 0.02262814252445051 11.064559365484604 -0.002607059076761785 0.023191532670665527 0.9997276409379536 -6.1159805460465595
-0.9907725722922543 0.13540871697023507 -0.005847166996346603 43.55307736839491 -0.13550613855257587 -0.9905288347376114 0.02215206464264754 11.162539938610557 -0.0027922048599047854 0.022739985088726926 0.9997375138856196 -6.108385571758698
-0.9905757435186395 0.136924891590497 -0.0033571439409046506 43.372310502789055 -0.13696478135350082 -0.9903741498191551 0.019992299487082324 11.513342707970326 -0.0005873851363804184 0.020263697414901922 0.9997944976572886 -6.209063590235411
-0.9927543456636005 0.12003694210261966 -0.005471900647569577 43.27998196224882 -0.12014102768706608 -0.9923972514360032 0.02671757490051724 10.361177764406 -0.00222320317132304 0.02718138835528147 0.9996280455723235 -6.096473903372012
-0.9925774714639396 0.12132547153680348 -0.008372162124113413 43.47238007454662 -0.12152189795143176 -0.9921514092947 0.02946199845272242 10.271678557682764 -0.004731961595589614 0.03026071695975676 0.9995308387181193 -5.9952257434265785
-0.9911198318658709 0.13288445384374994 -0.004816721791946743 43.52711125311622 -0.1329622021085888 -0.9908319054756423 0.0239413429436621 11.142066600176268 -0.0015911293499061123 0.02436918172936699 0.9997017611714233 -6.11700882613482
-0.9906803721647184 0.13618825327294035 -0.0022715364955512777 43.06889538674266 -0.13620288082276205 -0.9903784690602208 0.024479854524032015 11.19895576308558 0.0010841877911251952 0.024561101204994024 0.9996977427424952 -6.217307922185023
-0.9913622459506146 0.13105202273386327 -0.005124904010934023 43.378769596411225 -0.13113911375919354 -0.9910581194998211 0.02462390334487387 11.066568071858445 -0.0018520653907444595 0.025083283494139772 0.999683649332601 -6.161649286237247
-0.9905347740467003 0.13716485816483084 0.005163631365751549 42.836634408850884 -0.13705690858386174 -0.9904103114226154 0.01740169064185759 11.590702663569479 0.0075010141777442346 0.01652926835590623 0.9998352454649354 -6.397991597065108
-0.9919135105263791 0.1265574898617783 -0.00952834692514609 42.65233059900209 -0.12678871680838055 -0.9914818986992334 0.029803789051876816 10.896420558121374 -0.005675290770033332 0.030770867905379008 0.9995103525041807 -6.084147949073097
-0.9918447586137353 0.1272317564961651 -0.007486985332486431 43.23916181718543 -0.1273980353872394 -0.9914207945208521 0.029232666165051963 10.638739251798185 -0.003703429483654012 0.029948093938443547 0.9995445944426515 -6.0992019568126645
-0.9913954687716297 0.1308461452436824 -0.0037829583607628535 43.594373265486865 -0.13089846234743494 -0.9911369673727659 0.02265180924780887 11.15418169354464 -0.0007855279545129291 0.02295208448030508 0.9997362576019015 -6.196980674479405
-0.9924749330687659 0.1223335528124226 -0.005292361141458577 43.09832665242135 -0.12242540384998954 -0.9921945797325027 0.023705198620076636 10.833305074937787 -0.002351110871223966 0.02417473486390517 0.9997049837186691 -6.1775818746080144
-0.9912852684660869 0.13147715338038396 -0.008202113210283885 43.50834299066663 -0.1316329511061642 -0.99103554648487 0.02283225320720502 11.058953396912166 -0.005126666090740932 0.023712944617366158 0.9997056634591894 -6.1055117568800235
-0.9916167486808769 0.12894848476178428 -0.008277198391533472 43.50182587515062 -0.12910867966261833 -0.9913587785002135 0.023210366785980208 11.022547940004507 -0.005212731659017044 0.024084446603640435 0.999696337324718 -6.102363268687919
-0.9918886009993275 0.12679756004805073 -0.008909656192402022 43.45312695182879 -0.1269867493543305 -0.99157648108148 0.025503875283894955 10.632409925698218 -0.005600776377140084 0.02642841145314147 0.9996350185803036 -6.016842279882515
-0.9926658386903999 0.12054230046213618 -0.009169868940528176 42.987990987256275 -0.12075610592845448 -0.9922817367420045 0.028194286819658465 10.320699709655292 -0.005700489284872816 0.029094823037246163 0.9995604012236327 -6.0371464054371895
-0.9913983565176405 0.13066085433519342 -0.007552472345139136 43.52593096018779 -0.1308061466562404 -0.991120229102791 0.023883958218398844 11.086866648811142 -0.004364709735284709 0.024666426730051986 0.9996862091182924 -6.073127140537539
-0.9919355387424001 0.12650686407225967 -0.007739529858642673 43.60233589772875 -0.1266627215805805 -0.9916325817754084 0.0249274491924139 11.048270934840172 -0.004521276548800789 0.025706732659800665 0.9996593029399236 -6.08782470394494
-0.9923767526734963 0.12293806486961235 -0.008637879330568029 43.31384097858181 -0.12313050209537268 -0.9920167960706544 0.0272315215780887 10.555171238307414 -0.005221130812089602 0.028087515373033764 0.9995918323361866 -6.075515403407145
-0.9920607473589231 0.12548081669852526 -0.008368882262882495 43.58403376171276 -0.125644997487412 -0.991799884689527 0.023373560623642906 10.77820228750188 -0.005367322987099824 0.02423950021162237 0.9996917717343924 -6.087499563114298
-0.9915628871491872 0.1295868153849431 -0.003209066338663017 42.836151173993365 -0.1296263950793836 -0.9912953402151528 0.02303358778936194 11.283585326965909 -0.0001962832194449929 0.023255230510875444 0.9997295412894365 -6.273360490664192
-0.9926050627385717 0.12129695587577376 -0.0047157100240757845 42.90604342434062 -0.12136913626380433 -0.9923922770799102 0.020666425785050666 10.854661832985622 -0.002173059672281823 0.021085940515444785 0.9997753052182511 -6.170345476180664
-0.9902380356119629 0.13938137751632954 -0.0012101359541131953 43.42757891458008 -0.13937583128088335 -0.9900159250576521 0.021043901420958692 11.522691682092697 0.0017350741023141895 0.02100713530926911 0.9997778202100523 -6.27693445535035
