-9.907258602593762564e-01 1.312928640250444201e-01 -3.499219440703509043e-02 1.298714612926396228e+02 -1.331971556015162372e-01 -9.893206019330049728e-01 5.918838003005288256e-02 1.242207312200601166e+01 -2.684748690257629869e-02 6.330031948590539304e-02 9.976333404613131339e-01 -3.149319966197213105e+00
-9.920094161940344879e-01 1.189670882193570173e-01 -4.200178690220870981e-02 1.284467580173234182e+02 -1.209635526995804650e-01 -9.914613472937381378e-01 4.870539745019416417e-02 1.085725632130571761e+01 -3.584880891559223681e-02 5.339689825348740287e-02 9.979296739531499094e-01 -2.359629887664752346e+00
-9.884361003659636324e-01 1.447177780514962986e-01 -4.528620329818795059e-02 1.276840666405759066e+02 -1.465078405801114869e-01 -9.884378434833316351e-01 3.906510231106152808e-02 1.342149024748037256e+01 -3.910918232179743520e-02 4.524814124203248300e-02 9.982099366226833137e-01 -1.750720703945410683e+00
-9.903576705426393456e-01 1.244635250394346276e-01 -6.083186115939460958e-02 1.267381653272013011e+02 -1.267761270471038926e-01 -9.912869762634251014e-01 3.574834683524052981e-02 1.149332108583212175e+01 -5.585246644772641489e-02 4.311567725635433168e-02 9.975076643146314481e-01 -2.669483624751680662e-01
-9.948425334728827618e-01 8.689992882642419425e-02 -5.231382191371376084e-02 1.260311613641934230e+02 -8.890165941105265812e-02 -9.953442567494579230e-01 3.723312382585396152e-02 7.544036049884121020e+00 -4.883470637997675695e-02 4.169188081428552850e-02 9.979363499376845414e-01 -1.117522841493079788e+00
-9.899448391486502796e-01 1.383099425058336440e-01 -2.965763387369732551e-02 1.242889775636232912e+02 -1.394768140900803644e-01 -9.893449494016879342e-01 4.174672950847066466e-02 1.235844770962697403e+01 -2.356764252602368964e-02 4.546351171439855232e-02 9.986879569356788000e-01 -3.368866168112368165e+00
-9.892481719811405672e-01 1.404427047847001397e-01 -4.079094145431653301e-02 1.226311088192732655e+02 -1.424971687048362246e-01 -9.883863792237035373e-01 5.279130871803662528e-02 1.303634595860626000e+01 -3.290305674367279692e-02 5.803629931185462498e-02 9.977721066551757945e-01 -2.873541588670764924e+00
-9.937280785806670291e-01 1.054756620196751343e-01 -3.714014757493240559e-02 1.218371043120993278e+02 -1.074633688957762206e-01 -9.926104263091968249e-01 5.635748333491717721e-02 9.670733186679097315e+00 -3.092135485302692846e-02 5.999521900773771566e-02 9.977196216925208194e-01 -2.861199626994910261e+00
-9.930422647882088949e-01 1.144764220411653988e-01 -2.760813541256787462e-02 1.202378030205272950e+02 -1.155570396922533660e-01 -9.924389359791054854e-01 4.137062883526299029e-02 1.021332649917860458e+01 -2.266342696656193506e-02 4.427309735398113344e-02 9.987623650943282527e-01 -3.380930289567709135e+00
-9.920130712466861400e-01 1.136879500992938608e-01 -5.463621946966429332e-02 1.197104275786664687e+02 -1.164619254736959375e-01 -9.919059202677760201e-01 5.058918118229930455e-02 1.056448321501207666e+01 -4.844260924719216710e-02 5.654816831654834591e-02 9.972239559243285534e-01 -1.517179009549334490e+00
-9.910129364040056732e-01 1.271143612982439941e-01 -4.165692057331098902e-02 1.183731152588008939e+02 -1.293443439205101408e-01 -9.900110676587499103e-01 5.610816882554713753e-02 1.156213946410789895e+01 -3.410865836828586711e-02 6.099200820536083284e-02 9.975552988979572433e-01 -2.731685850224105039e+00
-9.907459912611134012e-01 1.274926457173129468e-01 -4.656185228310988355e-02 1.176343811541473343e+02 -1.299476541915035588e-01 -9.900399505236938680e-01 5.417105811379394759e-02 1.129720910891519914e+01 -3.919168241042772505e-02 5.972036214761557854e-02 9.974454824073333281e-01 -2.344245823553243291e+00
-9.939973309548895131e-01 1.032608122425167779e-01 -3.614568728868398917e-02 1.170862498065730932e+02 -1.052731526358444553e-01 -9.926866217401961734e-01 5.908328318692666892e-02 8.855933764100960559e+00 -2.978035239324458572e-02 6.253379624692614880e-02 9.975984437328889731e-01 -3.466400733091541397e+00
-9.864223552955362351e-01 1.591909413790386085e-01 -4.036311628285588204e-02 1.144118848663324428e+02 -1.612873692269277126e-01 -9.853471182806390338e-01 5.547468813700240364e-02 1.460907734169433958e+01 -3.094061248690037347e-02 6.123153337044962008e-02 9.976439133378396384e-01 -3.259564873247994932e+00
-9.891116709250875605e-01 1.399609526516464031e-01 -4.548663729739465394e-02 1.138782263781429549e+02 -1.422722252651540120e-01 -9.884442386397049862e-01 5.231253213213044040e-02 1.266909460886239280e+01 -3.763929273887082344e-02 5.821442117566316687e-02 9.975942886811752786e-01 -2.436095328142394045e+00
-9.933974344637526155e-01 1.059134010711809959e-01 -4.408955289374878045e-02 1.138198579203767622e+02 -1.083524026266211027e-01 -9.924660724060796468e-01 5.719136270355801299e-02 9.934138736323367525e+00 -3.770005365876961251e-02 6.159096196997161654e-02 9.973892215969347719e-01 -2.490146589706732083e+00
-9.918566944587128287e-01 1.240739945411362399e-01 -2.873919859777495159e-02 1.114238985002475317e+02 -1.253681520021495133e-01 -9.909122359071218522e-01 4.874184232376543857e-02 1.076465404377058910e+01 -2.243042846229620010e-02 5.194790282730356312e-02 9.983978622126766789e-01 -3.639192089752925074e+00
-9.933336846509059903e-01 1.069384811831002174e-01 -4.303896118758800821e-02 1.108521139822993007e+02 -1.088855705723097839e-01 -9.930001435293613898e-01 4.576731881824277343e-02 9.485147125952181568e+00 -3.784340707438389045e-02 5.014854128406785044e-02 9.980245489706566220e-01 -2.823076834430965576e+00
-9.942707397863643770e-01 1.036117291005686503e-01 -2.627366737757465265e-02 1.100595709739568804e+02 -1.047362569229451090e-01 -9.934441611246265236e-01 4.581501078423028117e-02 8.956185831493177929e+00 -2.135444896146680011e-02 4.830433024252253627e-02 9.986043656971330673e-01 -4.225531748071181148e+00
-9.912980840218827971e-01 1.265770586630248495e-01 -3.614355868979135522e-02 1.086091847637910064e+02 -1.282793297290234780e-01 -9.905034482809844665e-01 4.947052160380615432e-02 1.137122053553154721e+01 -2.953848640024904840e-02 5.367650476416422484e-02 9.981213907423710507e-01 -3.734410191646692745e+00
-9.926804491566945110e-01 1.099141352401259153e-01 -5.004406794495983718e-02 1.077163455217157662e+02 -1.131615883931090250e-01 -9.912818643472156577e-01 6.748866814997987740e-02 1.044966074791230071e+01 -4.218981837378562444e-02 7.265774763041342454e-02 9.964641844717060382e-01 -3.037511126435926023e+00
-9.899019989626289817e-01 1.316863640617906284e-01 -5.246650331380554866e-02 1.063732087034909881e+02 -1.346905898623735887e-01 -9.891561627916576338e-01 5.855365585350091884e-02 1.165819122146842091e+01 -4.418684705110674515e-02 6.502912525530302190e-02 9.969045768859786660e-01 -2.572131924619523335e+00
-9.905482878394511470e-01 1.312448799050333348e-01 -3.986064421262984492e-02 1.058748201503779853e+02 -1.329121366667015136e-01 -9.902149331029188595e-01 4.252940378931326787e-02 1.124864035113553129e+01 -3.388883864968741944e-02 4.742539149754872868e-02 9.982997439928950056e-01 -2.940735457536979958e+00
-9.876851088824092351e-01 1.529612672632375270e-01 -3.287820568656413950e-02 1.035561403953788187e+02 -1.540265469636529494e-01 -9.875237149791475932e-01 3.275263629445975683e-02 1.360969897748693214e+01 -2.745812306763188021e-02 3.741340763694164101e-02 9.989225637688813331e-01 -3.247767861745700202e+00
-9.914487939424894147e-01 1.243231408875145327e-01 -3.966163927332321676e-02 1.036298541202323378e+02 -1.260591838939280895e-01 -9.910121671014173739e-01 4.476568789765261042e-02 1.119163464044658340e+01 -3.373975616362433899e-02 4.938260115482404761e-02 9.982098915344421730e-01 -3.207571810843322435e+00
-9.874415846144226627e-01 1.523519057302152313e-01 -4.180925489086288749e-02 1.024969159095845868e+02 -1.542299405661681777e-01 -9.869581452067850424e-01 4.611664605040655812e-02 1.329100606481683045e+01 -3.423802574789851227e-02 5.198573295004948330e-02 9.980607402170131870e-01 -3.322825377699683891e+00
-9.903947504413681546e-01 1.327716952701321063e-01 -3.859942011579628462e-02 1.016368249721205359e+02 -1.344306286299888353e-01 -9.899398694142083066e-01 4.413004679723843415e-02 1.169336185965686781e+01 -3.235188378327592817e-02 4.889511099563638441e-02 9.982798323798782736e-01 -3.408975928648533937e+00
-9.890881376346292164e-01 1.437218612208225055e-01 -3.238336915275405459e-02 9.954103501938598697e+01 -1.449824646371375148e-01 -9.885976150846924604e-01 4.067972955415934122e-02 1.290968717515094788e+01 -2.616755506733637118e-02 4.493085861722437291e-02 9.986473236361858019e-01 -3.629232994977068749e+00
-9.932926571233995361e-01 1.122503638896502481e-01 -2.774082030830929760e-02 9.844095387187333301e+01 -1.134209157577108912e-01 -9.925269060191102000e-01 4.501151737961001792e-02 9.603710436069675893e+00 -2.248095134595178360e-02 4.785599894238744961e-02 9.986012268126888136e-01 -3.802519100191160462e+00
-9.915959189375072036e-01 1.265974215113752355e-01 -2.665757703078214247e-02 9.754902428220088950e+01 -1.277004083645679466e-01 -9.908001216061539385e-01 4.480764141029482811e-02 1.169034897973905096e+01 -2.073979869727471392e-02 4.783525783250439783e-02 9.986398994923517680e-01 -3.998381065137188717e+00
-9.920246322112025172e-01 1.232330968512031499e-01 -2.647136049941959876e-02 9.771715756201287206e+01 -1.243436047526116084e-01 -9.911968000180302329e-01 4.547055740963875520e-02 1.020238637430783157e+01 -2.063485021400818589e-02 4.839945737793898556e-02 9.986148884741137266e-01 -4.174461108627036232e+00
-9.895920988733237778e-01 1.406631929847636797e-01 -3.035364865746658855e-02 9.639152746346375977e+01 -1.419939526259181573e-01 -9.887337577896326835e-01 4.736320961316520944e-02 1.202082412701124525e+01 -2.334941680552870755e-02 5.118029255996141974e-02 9.984164373588400032e-01 -4.035898396564177482e+00
-9.900770912845175964e-01 1.371874842822947416e-01 -3.044581202536869938e-02 9.525245085205709472e+01 -1.384042925634592913e-01 -9.894722733177259144e-01 4.229506041442394892e-02 1.167764301705469876e+01 -2.432293390192323199e-02 4.608920146570702481e-02 9.986411669837450544e-01 -3.872526783072812506e+00
-9.879651574592540619e-01 1.505251057176293927e-01 -3.559550807627161195e-02 9.378704667231370706e+01 -1.519750943640471030e-01 -9.874786541349211966e-01 4.230222595707674310e-02 1.288442267211817338e+01 -2.878225737412538898e-02 4.720275602738784743e-02 9.984705711656546301e-01 -3.615542381679405004e+00
-9.893200755002278246e-01 1.435581817165983987e-01 -2.523562312382314834e-02 9.265777147962420202e+01 -1.445257941252912071e-01 -9.886105518526999703e-01 4.196988918205426383e-02 1.278189484142664512e+01 -1.892308232496671752e-02 4.516885240654321815e-02 9.988001260150093374e-01 -4.426647286624903366e+00
-9.928221897877949065e-01 1.166005029262695419e-01 -2.661620150038888563e-02 9.243176988339617139e+01 -1.176215652842510923e-01 -9.922237479487234779e-01 4.070873845590422535e-02 1.225200279062487141e+01 -2.166256783142188683e-02 4.354717813968621287e-02 9.988164878650229728e-01 -4.358775240874068757e+00
-9.879111128617381610e-01 1.508117009421282573e-01 -3.588124779357879796e-02 9.187093543401026352e+01 -1.521552907825002299e-01 -9.876169848661118245e-01 3.822902942612178834e-02 1.251705858237083824e+01 -2.967154480600801142e-02 4.322640469565502963e-02 9.986245928104877656e-01 -3.790549122257052872e+00
-9.920786839221660269e-01 1.222991793396129706e-01 -2.868441458564311222e-02 8.983374126245119839e+01 -1.234340101245028493e-01 -9.914702016631331549e-01 4.184357009925097209e-02 1.179965745207814898e+01 -2.332230803003852368e-02 4.505274627504949475e-02 9.987123309548290306e-01 -4.264493494011919239e+00
-9.909246770387578618e-01 1.301977215339183702e-01 -3.341912241532959266e-02 9.046856587911848635e+01 -1.317306659381458911e-01 -9.900878555107184287e-01 4.871416653993265733e-02 1.108541254616988958e+01 -2.674539375532077046e-02 5.267439299663478902e-02 9.982535210232463818e-01 -4.152866529308321120e+00
-9.893527282484355645e-01 1.414372820797717978e-01 -3.430268714350022397e-02 8.883409365567578675e+01 -1.429637144177705044e-01 -9.886064798408844556e-01 4.710206339949059989e-02 1.236179339380841924e+01 -2.724987095844586676e-02 5.150459449896228198e-02 9.983009171979386753e-01 -4.189342237092105847e+00
-9.900884673051519869e-01 1.375950735981768536e-01 -2.815000232412680561e-02 8.585582533842350017e+01 -1.387216454517878339e-01 -9.893973731188054899e-01 4.300166448821065440e-02 1.217679487156065221e+01 -2.193472116267986341e-02 4.648046672657737272e-02 9.986783437225396076e-01 -4.530082243389650820e+00
-9.899754700732261714e-01 1.373361533097479381e-01 -3.297498517629691289e-02 8.652478835945018432e+01 -1.387960043867347559e-01 -9.892029190056612631e-01 4.704523564567763411e-02 1.227007235706010846e+01 -2.615793989543330200e-02 5.115042546021721787e-02 9.983483340776733161e-01 -4.338850158607749918e+00
-9.889073266851222677e-01 1.457881482745008450e-01 -2.842736447820552736e-02 8.508804233287430918e+01 -1.469914782451987867e-01 -9.880573080391128471e-01 4.621970741785952352e-02 1.224661915972349213e+01 -2.134957966274350638e-02 4.988558763003046737e-02 9.985267265301568385e-01 -4.552677487690263369e+00
-9.936936979128918601e-01 1.097492715644015210e-01 -2.297677347422613647e-02 8.353698634512804233e+01 -1.106816060049770761e-01 -9.928701093126726107e-01 4.425526099347733278e-02 1.492162656851341573e+01 -1.795596893408080846e-02 4.651928013764855541e-02 9.987559961047108859e-01 -4.724584186679395614e+00
-9.921755526501059297e-01 1.211907467323797005e-01 -3.000792611804337442e-02 8.514751793085659415e+01 -1.226101955431630475e-01 -9.911371597172342618e-01 5.112602641044790980e-02 1.087373273854056421e+01 -2.354596934350056472e-02 5.440527119776813331e-02 9.982412803493814213e-01 -4.533816938418947728e+00
-9.934787945582488344e-01 1.114335702911982556e-01 -2.413388023600166604e-02 8.334012590020672917e+01 -1.125082233936863380e-01 -9.924402138897381320e-01 4.903388138101350685e-02 1.270593732144395460e+01 -1.848741279588536623e-02 5.142938135587000331e-02 9.985055003861856848e-01 -4.785544998178897558e+00
-9.915739473490965405e-01 1.257309897676477661e-01 -3.119014508750465181e-02 8.324814006431540747e+01 -1.271332803334025152e-01 -9.907230156770601148e-01 4.801078253289506326e-02 1.125626368640279829e+01 -2.486435139311744813e-02 5.157154661051102651e-02 9.983597245532290776e-01 -4.428451533176008148e+00
-9.935951873538653167e-01 1.099357795612123101e-01 -2.612906503313652470e-02 8.092549643208619159e+01 -1.110085892609110059e-01 -9.928475786368871070e-01 4.394062704574012296e-02 1.371974024261466951e+01 -2.111153186151342245e-02 4.655974620999355634e-02 9.986923917079378876e-01 -4.586394760101377699e+00
-9.901166104920020583e-01 1.370347193418539888e-01 -2.984264269008804135e-02 8.105481856884881608e+01 -1.382538660854070456e-01 -9.894382631015148366e-01 4.356365484088365464e-02 1.154200719295558208e+01 -2.355771933501394147e-02 4.725895899780930415e-02 9.986048390901057781e-01 -4.514824213654675233e+00
-9.926039574612655070e-01 1.183704788427860227e-01 -2.694092371773147004e-02 7.927350362318983912e+01 -1.194461965502428974e-01 -9.919257625086299601e-01 4.261323504915696253e-02 1.331800336546761088e+01 -2.167924726358871207e-02 4.551605661965354294e-02 9.987283408554503694e-01 -4.713435904080642835e+00
-9.876298577927484779e-01 1.532739600950237258e-01 -3.308106940630700654e-02 7.884664217583603829e+01 -1.547286294903209292e-01 -9.868325409114275804e-01 4.712310913281156366e-02 1.260437550536811990e+01 -2.542273022951721875e-02 5.165877810290291083e-02 9.983411518276666952e-01 -4.592636785252601328e+00
-9.902396481316568799e-01 1.351917185195194437e-01 -3.389156992279558633e-02 7.873358629287811539e+01 -1.367387091651790509e-01 -9.894208257336074563e-01 4.846601923479109536e-02 1.133848597970424876e+01 -2.698082066826920644e-02 5.262726335622611856e-02 9.982496714087618628e-01 -4.593833612347100193e+00
-9.920844199802527630e-01 1.212305393822155214e-01 -3.273621776478002898e-02 7.809827240651230795e+01 -1.226881861615193720e-01 -9.913339211883926971e-01 4.695386754722643413e-02 1.056406981378488474e+01 -2.676028043280513635e-02 5.059854763076910428e-02 9.983604931931222559e-01 -4.624690992702898740e+00
-9.951341613721145229e-01 9.543422101680454350e-02 -2.450123117590620458e-02 7.568812573144228395e+01 -9.640269216269509167e-02 -9.944570527368306045e-01 4.197250535484180201e-02 1.364294495000613416e+01 -2.035980879095243556e-02 4.413025856363497756e-02 9.988183010263190775e-01 -4.921057203666411084e+00
-9.921325363786888119e-01 1.223897316967601651e-01 -2.633977665024562001e-02 7.484340862964754137e+01 -1.234350095909301920e-01 -9.914378631507876349e-01 4.260002251510332238e-02 1.056499156180439236e+01 -2.090044655208908933e-02 4.551611897114474226e-02 9.987449395354791593e-01 -4.807982209407455798e+00
-9.923550316431763996e-01 1.210033075377693751e-01 -2.428354869846819503e-02 7.409712801391098935e+01 -1.220120981828536760e-01 -9.914816258412881833e-01 4.557667732661070670e-02 1.257757408920035402e+01 -1.856176364165178228e-02 4.819113179866520158e-02 9.986656476251073444e-01 -4.881479105305633226e+00
-9.906361755586132745e-01 1.338260294046170196e-01 -2.702890172387585610e-02 7.395750253211801351e+01 -1.349982683292573205e-01 -9.897024659296913551e-01 4.758672588853130048e-02 1.149408072408575521e+01 -2.038222810946317687e-02 5.078998706913562255e-02 9.985013480165216837e-01 -4.820593848043144725e+00
-9.931900166398845986e-01 1.130445724224947573e-01 -2.818715119840096289e-02 7.389728670028780755e+01 -1.143631816158500597e-01 -9.921473055263829721e-01 5.064372446254895854e-02 1.000146191223933734e+01 -2.224080793420678270e-02 5.352241383340088088e-02 9.983189358516044720e-01 -4.828744334007834205e+00
-9.937218882947678189e-01 1.095466491547089083e-01 -2.272312440788333207e-02 7.336271923602083689e+01 -1.106079143387380948e-01 -9.924825574031566067e-01 5.238570927385028525e-02 9.953402960859641269e+00 -1.681362570998308145e-02 5.457018333728688025e-02 9.983683674280848797e-01 -5.074295812778077064e+00
-9.917528399818085205e-01 1.245620805988716384e-01 -3.017602467021865409e-02 7.298125690861051851e+01 -1.259351735034515696e-01 -9.908309049318686501e-01 4.893311666499434998e-02 1.067797172132122441e+01 -2.380412700926012870e-02 5.232978032415772085e-02 9.983461111400957488e-01 -4.761513732015951739e+00
-9.922997227407914789e-01 1.202668929724352159e-01 -2.961646000631560846e-02 7.154232024812257862e+01 -1.215646721926925827e-01 -9.914788675953345454e-01 4.681544175330244750e-02 1.023665147248517115e+01 -2.373374650644260661e-02 5.005526512396542282e-02 9.984644108380315020e-01 -4.765440168116787945e+00
-9.952760152141622019e-01 9.327382863640287791e-02 -2.693782528205908994e-02 7.048207247589071756e+01 -9.448591851259466323e-02 -9.943726248190056793e-01 4.791131613088191882e-02 9.951678413515768540e+00 -2.231736414210044872e-02 5.023022896691729106e-02 9.984882870398029686e-01 -4.873566154906094461e+00
-9.974587645000811964e-01 6.729526798636119300e-02 -2.339572671698905704e-02 6.891348972308303189e+01 -6.834044940463986084e-02 -9.965454986966899575e-01 4.718741360297191295e-02 9.953328984481562003e+00 -2.013941650455806226e-02 4.866637375036184793e-02 9.986120307551106245e-01 -4.994327008093466524e+00
-9.949082292695901053e-01 9.831493236159113969e-02 -2.217632535801491653e-02 6.794473586831600187e+01 -9.923971801874362231e-02 -9.940276378901322651e-01 4.539309945492277926e-02 1.341978861569963932e+01 -1.758106081011689623e-02 4.736274047497692624e-02 9.987230232229008520e-01 -5.121110687798531735e+00
-9.918065749029767453e-01 1.250034587612874615e-01 -2.634109483184917527e-02 6.875310109680945914e+01 -1.261406853630690217e-01 -9.908904029346452536e-01 4.716711638579522414e-02 1.127451542513983895e+01 -2.020508538365013707e-02 5.010333990594870168e-02 9.985396385997444835e-01 -5.039608178966235030e+00
-9.919840796217627155e-01 1.231007425583959813e-01 -2.852705660485429368e-02 6.785696192923209935e+01 -1.243218591931287420e-01 -9.911778018989050310e-01 4.594170599378417930e-02 1.213977447825887168e+01 -2.261992713801076749e-02 4.911997765092071533e-02 9.985367127411211019e-01 -4.992219716750722291e+00
-9.935445230115149684e-01 1.103687502832240708e-01 -2.623013066570910323e-02 6.624745862760502746e+01 -1.114608353251961281e-01 -9.927655421334831143e-01 4.464370662277800106e-02 1.352178147657546958e+01 -2.111309978260789838e-02 4.727914247668296710e-02 9.986585601216459995e-01 -5.108061648530806131e+00
-9.932025744935621958e-01 1.130617644251755566e-01 -2.767098560636017598e-02 6.643100960230418650e+01 -1.143087633089199945e-01 -9.922541085884599710e-01 4.863425356790394838e-02 1.036493327224921579e+01 -2.195797463671439811e-02 5.146670199641684151e-02 9.984332856708381110e-01 -5.083328934176786440e+00
-9.929497389658852313e-01 1.156537781053118830e-01 -2.598113734130201580e-02 6.555291302589589009e+01 -1.167734021583334003e-01 -9.920570126951071543e-01 4.676383336327472051e-02 1.147603742395274473e+01 -2.036635549008342094e-02 4.946804193039454345e-02 9.985680369367048170e-01 -5.144702903961992035e+00
-9.927897246489043592e-01 1.175529716857290630e-01 -2.344912534418589281e-02 6.433851951063685704e+01 -1.184871977914989660e-01 -9.920022397976189232e-01 4.350103672357757273e-02 1.352113336281823663e+01 -1.814790872446093647e-02 4.596580342343665332e-02 9.987781527068794185e-01 -5.254507005235137029e+00
-9.928407339078952898e-01 1.172755307627221522e-01 -2.266554604580860860e-02 6.369178034429021551e+01 -1.181666652651008342e-01 -9.920587977621964093e-01 4.308109797523389933e-02 1.400109823308035928e+01 -1.743319572994219552e-02 4.545098092393493744e-02 9.988144432374281845e-01 -5.265838161673788598e+00
-9.926756370988629730e-01 1.183437604566916351e-01 -2.428649565780281738e-02 6.322925003240209918e+01 -1.193079954680869997e-01 -9.919220715163445945e-01 4.308371219046976119e-02 1.317761648744511760e+01 -1.899162256770647178e-02 4.566572456113544842e-02 9.987762311311539909e-01 -5.232054375900403009e+00
-9.922138440286967231e-01 1.221114603769373058e-01 -2.450467225672890367e-02 6.278167642025199768e+01 -1.230929358273446655e-01 -9.914362295377252554e-01 4.361573006869229330e-02 1.262570181691717153e+01 -1.896883937417468205e-02 4.629248324114280944e-02 9.987478105749044710e-01 -5.275054990049516057e+00
-9.920811675768823612e-01 1.231857428209916089e-01 -2.449958581141628219e-02 6.228872634374019412e+01 -1.241690528142917888e-01 -9.912952470338067812e-01 4.376961881701004614e-02 1.258574965789244082e+01 -1.889452996218881145e-02 4.646510490492041651e-02 9.987412030970198584e-01 -5.272733700233501075e+00
-9.924424062240635447e-01 1.200795011522292899e-01 -2.527812752604020538e-02 6.161553299069847611e+01 -1.211024650928438362e-01 -9.916722893633216351e-01 4.382081077918675849e-02 1.265109841990943629e+01 -1.980563749611530602e-02 4.655087444872021973e-02 9.987195566381145140e-01 -5.216434410388475662e+00
-9.927054454385040305e-01 1.181618963348856632e-01 -2.395130166162116880e-02 6.099717349009942780e+01 -1.191262971426149953e-01 -9.919078406738617293e-01 4.390627448107014413e-02 1.260823383690000377e+01 -1.856943525882367996e-02 4.643922764497062511e-02 9.987485039838142065e-01 -5.242762873738104901e+00
-9.923881841729911280e-01 1.208808178330001565e-01 -2.352700137839499120e-02 6.035850263355223433e+01 -1.218218800830807164e-01 -9.915838863595811681e-01 4.382722721155516560e-02 1.256429394439437530e+01 -1.803112439249061547e-02 4.635972597044563798e-02 9.987620609339782352e-01 -5.271273220932743975e+00
-9.917099492277288153e-01 1.262978221408753432e-01 -2.366932033684377920e-02 5.980442925687082578e+01 -1.272384515914628256e-01 -9.909099023583078925e-01 4.367999364533221157e-02 1.270900487413133284e+01 -1.793747583533664494e-02 4.632953195016222686e-02 9.987651482855894880e-01 -5.307750181461818428e+00
-9.916721111431556768e-01 1.267069509487380452e-01 -2.306019432164083810e-02 5.932080515237785789e+01 -1.276482500922195562e-01 -9.907809929075566124e-01 4.537563599015925764e-02 1.243377042032910218e+01 -1.709819374296359801e-02 4.794134618876855214e-02 9.987037994802746566e-01 -5.343742105264472464e+00
-9.920024287601498791e-01 1.242672007064832412e-01 -2.210982049991038964e-02 5.876982612191358868e+01 -1.251736777881430618e-01 -9.910726792933222118e-01 4.589656574675048117e-02 1.217374110426264622e+01 -1.620900129415086752e-02 4.829707223973585262e-02 9.987014874776726225e-01 -5.405781374183235677e+00
-9.918034455516044900e-01 1.258821051983109729e-01 -2.190025074758930601e-02 5.830414530755701463e+01 -1.267647452254712370e-01 -9.909054542024702261e-01 4.513402485617693666e-02 1.228687669052185960e+01 -1.601951184921952126e-02 4.754026107036012777e-02 9.987408566877969962e-01 -5.439999141109019831e+00
-9.915678564494450065e-01 1.274684768095852572e-01 -2.334466697335198931e-02 5.793087378403228627e+01 -1.283772776072274191e-01 -9.908021761608121203e-01 4.278226629288777588e-02 1.237308520717149563e+01 -1.767655652013012946e-02 4.541844487477435938e-02 9.988116460147767883e-01 -5.371779735039497794e+00
-9.913682757893178543e-01 1.289729205265691681e-01 -2.355689982495924595e-02 5.742240071097038623e+01 -1.298742013935760831e-01 -9.906452984910414372e-01 4.188775942894474441e-02 1.228531494333975793e+01 -1.793414539075496167e-02 4.458562939382573059e-02 9.988445765386423369e-01 -5.356585308468072348e+00
-9.915443064051372435e-01 1.276290117778629274e-01 -2.346750494111499510e-02 5.689191233155561633e+01 -1.285323670623900461e-01 -9.908082567828879750e-01 4.217142288557099855e-02 1.215848282502684974e+01 -1.786950063359818083e-02 4.483116821432107241e-02 9.988347447419142489e-01 -5.388551381619324232e+00
-9.915494016886512441e-01 1.276948146619577285e-01 -2.288707756194601275e-02 5.628761327999615105e+01 -1.285828800642255521e-01 -9.907749653114990007e-01 4.279498879994601823e-02 1.201428802331818346e+01 -1.721124531424897755e-02 4.537623188902732696e-02 9.988216911012125498e-01 -5.419089109000490012e+00
-9.914447463712494635e-01 1.283922342532212713e-01 -2.351061624702083241e-02 5.577022871480287591e+01 -1.292736534965772122e-01 -9.907661260236557688e-01 4.087549431779713416e-02 1.195458663580212644e+01 -1.804542613782282590e-02 4.356509735491620461e-02 9.988876037312511835e-01 -5.414696995560956516e+00
-9.912794323837008648e-01 1.292623517049610316e-01 -2.561896494300679172e-02 5.532411122255805935e+01 -1.301847970426149304e-01 -9.907466048515769508e-01 3.838077114971284731e-02 1.196286561404714632e+01 -2.042071379803375025e-02 4.138126879128327384e-02 9.989347251153112284e-01 -5.393119265792005734e+00
-9.911179102256690854e-01 1.304000226920560557e-01 -2.609831626397116425e-02 5.492829511361852468e+01 -1.313046554176415526e-01 -9.906656797137616266e-01 3.661418444982235398e-02 1.194009402194151903e+01 -2.108021573792374578e-02 3.971580440054647831e-02 9.989886282562280284e-01 -5.350657667934887840e+00
-9.912592183591020234e-01 1.299849155726264804e-01 -2.256288416138753708e-02 5.449480617040670438e+01 -1.307637753174367146e-01 -9.907081487718096824e-01 3.739249954022436789e-02 1.187564031787260532e+01 -1.749277230269548691e-02 4.001606778172889928e-02 9.990459034681310468e-01 -5.411885455352084762e+00
-9.915930360717746250e-01 1.278025292755375630e-01 -2.024263630893022303e-02 5.399489405106268691e+01 -1.284877906437340844e-01 -9.910117162593226059e-01 3.723796305175310073e-02 1.182607910937461249e+01 -1.530158388704315996e-02 3.952583645575549753e-02 9.991013811335768269e-01 -5.481414486156674037e+00
-9.915719770316371307e-01 1.269925785431995913e-01 -2.564954893404653227e-02 5.356018103310707090e+01 -1.278731612168043374e-01 -9.911282436285662190e-01 3.623891999184338658e-02 1.182682022585618675e+01 -2.081991849148159476e-02 3.921338644778511046e-02 9.990139344960633494e-01 -5.429863717181268257e+00
-9.917108804429857205e-01 1.255346728197453965e-01 -2.739663357126721072e-02 5.326968050695267465e+01 -1.264782423649265519e-01 -9.913174292083135608e-01 3.595843094602263479e-02 1.183653447083132804e+01 -2.264473049691041739e-02 3.912544527363821800e-02 9.989776852927505502e-01 -5.407733605538584065e+00
-9.918132387128819616e-01 1.255183154987774274e-01 -2.348727289860752174e-02 5.292120920749518831e+01 -1.263011390519769572e-01 -9.913566412534122740e-01 3.549693109167444127e-02 1.171674177201545675e+01 -1.882874897696268715e-02 3.817279551072037813e-02 9.990937473004518621e-01 -5.465340361056512108e+00
-9.920059433831023288e-01 1.245254144104123023e-01 -2.043598440290449875e-02 5.256586553154909325e+01 -1.252114212098451029e-01 -9.914519537516095493e-01 3.667592399281551646e-02 1.165159881461048563e+01 -1.569421202900694867e-02 3.894155323084982218e-02 9.991182348154583615e-01 -5.468700507028888325e+00
-9.921064391037177632e-01 1.239072396256640507e-01 -1.928236129962939208e-02 5.211892503077689298e+01 -1.245680826409026332e-01 -9.914827858565276042e-01 3.800892181249145019e-02 1.154810594114461253e+01 -1.440854871631513760e-02 4.011086284944649638e-02 9.990913433742494298e-01 -5.522205369894857441e+00
-9.920268387461981252e-01 1.241722038765451647e-01 -2.154100721105519159e-02 5.170209642593774646e+01 -1.248992696412265652e-01 -9.914962726348810484e-01 3.654194568199949089e-02 1.142883032276659527e+01 -1.682033442929143155e-02 3.894104692454641858e-02 9.990999305445411593e-01 -5.527160378785541006e+00
-9.919962654960385873e-01 1.244842385366664445e-01 -2.114435144095946906e-02 5.132789238394200737e+01 -1.251506546336181858e-01 -9.915608610614932150e-01 3.382857454529652336e-02 1.143713543707123392e+01 -1.675478697833250596e-02 3.620404904062787116e-02 9.992039551294693567e-01 -5.539982102526284535e+00
-9.922670613223363301e-01 1.224731018986780495e-01 -2.015981959373107368e-02 5.103323983191207702e+01 -1.231086331245936638e-01 -9.918082611437792906e-01 3.406813140088833097e-02 1.142731428164000818e+01 -1.582224588767214973e-02 3.628653246412529704e-02 9.992161648496284965e-01 -5.539067630955394783e+00
-9.924921341168517763e-01 1.207751462134418891e-01 -1.930615894731023061e-02 5.080859135098243229e+01 -1.214055845314562371e-01 -9.919592192994766133e-01 3.574340906164814868e-02 1.145742236196031527e+01 -1.483400690145804217e-02 3.781892785226219356e-02 9.991744997423387398e-01 -5.553622449397086491e+00
-9.925265948998638343e-01 1.209364544069458230e-01 -1.628902734845526223e-02 5.051769931287922333e+01 -1.214604413607707628e-01 -9.919302775974172537e-01 3.635499374168478515e-02 1.141865640833290918e+01 -1.176093537643908490e-02 3.806177059712129163e-02 9.992061759307151458e-01 -5.551319785373959093e+00
-9.923846434323160270e-01 1.224194044820248045e-01 -1.364583767975298054e-02 5.023488454023405581e+01 -1.228284007624570323e-01 -9.918160033015130939e-01 3.484536642296896802e-02 1.143638410299944574e+01 -9.268411182775986024e-03 3.625610295219457158e-02 9.992995504616555280e-01 -5.541200581376304335e+00
-9.922723086339004794e-01 1.231838697688375228e-01 -1.487950762370736715e-02 4.992266941306362327e+01 -1.236241701727664177e-01 -9.917599722077317104e-01 3.360389970843689206e-02 1.146023778339288945e+01 -1.061744166194358158e-02 3.518368592535289080e-02 9.993244609121010313e-01 -5.510827411968139522e+00
-9.924580029903300460e-01 1.214237970978405273e-01 -1.683371019082457315e-02 4.972425045832087420e+01 -1.219352487096309473e-01 -9.919656017105540347e-01 3.370519463137616745e-02 1.132600272738594605e+01 -1.260584874439894115e-02 3.550361279308002216e-02 9.992900410071504647e-01 -5.513869109141944058e+00
-9.926440737607713505e-01 1.199389083236645226e-01 -1.650457808452678032e-02 4.940718648845714966e+01 -1.204372730302241401e-01 -9.921544815852723076e-01 3.353129784698480331e-02 1.125934695908916083e+01 -1.235338385479430902e-02 3.527241047033158328e-02 9.993013814495347313e-01 -5.544060256394418573e+00
-9.926708334617435625e-01 1.198908205867335597e-01 -1.519235114810674192e-02 4.913184577747435355e+01 -1.203346455161161122e-01 -9.921921293338595849e-01 3.277730276354264005e-02 1.127658684671129130e+01 -1.114403351028679309e-02 3.436523864287756302e-02 9.993472073759648300e-01 -5.567734061668956791e+00
-9.924765318335628805e-01 1.215781787096689159e-01 -1.445960653900421611e-02 4.897134926720068648e+01 -1.219759933846432942e-01 -9.920529838198237638e-01 3.086639486583656403e-02 1.127650122280249434e+01 -1.059201574075788535e-02 3.239789739819688708e-02 9.994189238986439516e-01 -5.557848111808299407e+00
-9.920093871059079138e-01 1.257785335691571083e-01 -9.855779368189359485e-03 4.870077168682734481e+01 -1.260387299916430337e-01 -9.914767124756398431e-01 3.298737880754162161e-02 1.127058001798244113e+01 -5.622671594154743727e-03 3.396599934774418433e-02 9.994071725040066800e-01 -5.611031542537816996e+00
-9.920658688452037577e-01 1.253521285729983781e-01 -9.599777842761114677e-03 4.844174656502524812e+01 -1.256153024533029350e-01 -9.914555550906016812e-01 3.516643384753164597e-02 1.123971177846100034e+01 -5.109565732731548987e-03 3.609329774634179727e-02 9.993353622262232117e-01 -5.594911116002434071e+00
-9.923424631031740883e-01 1.226326470705081523e-01 -1.475363666378500492e-02 4.823916104330412224e+01 -1.230935129417898705e-01 -9.917424059390165247e-01 3.598593244507423961e-02 1.120210381611583905e+01 -1.021875696825228115e-02 3.752644580522146445e-02 9.992433852026499919e-01 -5.542361313319374538e+00
-9.923502606436300777e-01 1.221836730884540423e-01 -1.766664176160874511e-02 4.804853577164015377e+01 -1.227431319034975321e-01 -9.918171436976770394e-01 3.511234879500657602e-02 1.117614028512368485e+01 -1.323192242419202365e-02 3.701220741857180752e-02 9.992272077615604875e-01 -5.567321588640181673e+00
-9.923488089248990729e-01 1.224479418917432394e-01 -1.582222967254940174e-02 4.785624716137646573e+01 -1.229205369284891158e-01 -9.918512393367169278e-01 3.349120223926305151e-02 1.113355178290649228e+01 -1.159236932411039298e-02 3.517983161835123995e-02 9.993137627495970454e-01 -5.622525034568346847e+00
-9.922865623073267027e-01 1.231230033711810112e-01 -1.442582077972168197e-02 4.761279610254707251e+01 -1.235066285097386196e-01 -9.918994440207082874e-01 2.969184510211461334e-02 1.110312963225323557e+01 -1.065321446634406866e-02 3.124450339292808923e-02 9.994549965002242908e-01 -5.579777865992479491e+00
-9.921645904789493375e-01 1.239250768578163825e-01 -1.587453071818702155e-02 4.744700634886913093e+01 -1.243368121653187081e-01 -9.918365743042774074e-01 2.829429293906858198e-02 1.109067467825143360e+01 -1.223856773910298942e-02 3.004638411090221686e-02 9.994735775704906011e-01 -5.533685260063101907e+00
-9.923187840771665602e-01 1.223816378756070467e-01 -1.806005200706439079e-02 4.728525448922547270e+01 -1.229018747355249130e-01 -9.919270295231377155e-01 3.123935479324218417e-02 1.100187987117039512e+01 -1.409113033462658371e-02 3.321901281327457184e-02 9.993487565577915399e-01 -5.532877322558505284e+00
-9.922352895306683074e-01 1.226903461437192228e-01 -2.040120518806999919e-02 4.717351866489173062e+01 -1.233232289706906598e-01 -9.918054772580571221e-01 3.336579801474311158e-02 1.103527655611899050e+01 -1.614036574040305858e-02 3.562266475226681661e-02 9.992349645352256449e-01 -5.526047816334933138e+00
-9.922231058065156262e-01 1.228747849975966727e-01 -1.987700972145977490e-02 4.696230180194677217e+01 -1.234936492716031259e-01 -9.917740401482351142e-01 3.366855918553424143e-02 1.101933689834568142e+01 -1.557648526641652181e-02 3.586140683021146747e-02 9.992353739769740395e-01 -5.551168072913259977e+00
-9.921238648716679265e-01 1.234430201658898996e-01 -2.126164444318538738e-02 4.675586276863418789e+01 -1.240830291463294044e-01 -9.917556405194027924e-01 3.200236515979069940e-02 1.101727604137412264e+01 -1.713588719547090577e-02 3.438851945450861758e-02 9.992616229495411284e-01 -5.520971278651606085e+00
-9.921827051874403391e-01 1.229336254554924956e-01 -2.146632850074017482e-02 4.664114830580385984e+01 -1.235698021815528902e-01 -9.918400197044503486e-01 3.136685035969720425e-02 1.097582813489226972e+01 -1.743512304931884097e-02 3.377423640949470118e-02 9.992773976425217697e-01 -5.519988701873669079e+00
-9.922195241286446699e-01 1.226912572912455673e-01 -2.114879008881845324e-02 4.656193638633129694e+01 -1.233415810632441517e-01 -9.918213942278002460e-01 3.282036460557561514e-02 1.093840758224435561e+01 -1.694905067390781866e-02 3.517353175780236346e-02 9.992374854582548593e-01 -5.531633068898641703e+00
-9.920602459664016326e-01 1.240628807255889365e-01 -2.061237490322868557e-02 4.639155970667692230e+01 -1.247016436165000741e-01 -9.916352872426958953e-01 3.330100860995024309e-02 1.093736574885503110e+01 -1.630853924869924212e-02 3.560700382178860063e-02 9.992327921092305498e-01 -5.577999368729951613e+00
-9.919945009234483191e-01 1.243721744385922756e-01 -2.187401113321355353e-02 4.620160919795475252e+01 -1.250221514413608626e-01 -9.916571030655461083e-01 3.139508860670739421e-02 1.097334943092167414e+01 -1.778684307607757489e-02 3.387849118638476542e-02 9.992676698704512361e-01 -5.590809957192659496e+00
-9.920961615514252152e-01 1.232701323212348626e-01 -2.344527057713311283e-02 4.606374802433573024e+01 -1.239526500428957539e-01 -9.918252477136852985e-01 3.030542105022309557e-02 1.095758300492246029e+01 -1.951785803496767710e-02 3.297199531713445458e-02 9.992656807588928825e-01 -5.543191752164372765e+00
-9.919918229245228147e-01 1.240872777577267938e-01 -2.354932588331880988e-02 4.601152121886625679e+01 -1.247859357523810053e-01 -9.917003414665572780e-01 3.096615852049440856e-02 1.088506280284697603e+01 -1.951136820637211500e-02 3.365680070640270083e-02 9.992429765962455024e-01 -5.506637225414124259e+00
-9.918441522056609116e-01 1.254761487620051352e-01 -2.238110424643308116e-02 4.591373817470901741e+01 -1.262000821594633226e-01 -9.914027305139088142e-01 3.455669533551385120e-02 1.087087049586681609e+01 -1.785264681718796292e-02 3.709935338280140327e-02 9.991521010237623956e-01 -5.516520311061091419e+00
-9.916892115351274573e-01 1.266773861973782278e-01 -2.247993663332087388e-02 4.570353159469755155e+01 -1.274385567116834150e-01 -9.911756476047686171e-01 3.647259051001478652e-02 1.088888201991711391e+01 -1.766131331698999468e-02 3.903428520504063221e-02 9.990817797309941017e-01 -5.531415702729786332e+00
-9.918327332517098416e-01 1.256917202764298025e-01 -2.166611881243637669e-02 4.553388742522182042e+01 -1.263800057043405201e-01 -9.913980205164116821e-01 3.403026703262065217e-02 1.085631013716246507e+01 -1.720242449812644722e-02 3.649049698335631725e-02 9.991859287546507318e-01 -5.549702673916084628e+00
-9.918946503549839200e-01 1.255757986112423230e-01 -1.938353425755312207e-02 4.541014216164198558e+01 -1.261065329023458303e-01 -9.915885778361694936e-01 2.914163111757946470e-02 1.088792099831564997e+01 -1.556100756746149442e-02 3.134981830875926273e-02 9.993873342881093302e-01 -5.593202304215421528e+00
-9.917528885091329016e-01 1.266996163668543673e-01 -1.932395783174497769e-02 4.535915803367883825e+01 -1.272136484333736550e-01 -9.914741201378149960e-01 2.820916073220452666e-02 1.088658830983448844e+01 -1.558511424600834624e-02 3.043478781653119122e-02 9.994152429818656813e-01 -5.631296624360064840e+00
-9.917641662632867838e-01 1.263073436688208762e-01 -2.122011902452197035e-02 4.533656567066551446e+01 -1.269015434508838081e-01 -9.914771615764075285e-01 2.947942235143890741e-02 1.087182952032690686e+01 -1.731579584864504501e-02 3.192950058672140018e-02 9.993401173806696347e-01 -5.602637194552348099e+00
-9.916187552618409562e-01 1.274233811025143603e-01 -2.134305885670149255e-02 4.521224078937931523e+01 -1.280298007980741060e-01 -9.913172411287172192e-01 2.997494868310126778e-02 1.086123166095864612e+01 -1.733823291349802925e-02 3.245626887601949645e-02 9.993227588172326481e-01 -5.582094239403711633e+00
