-0.9996915246368375 0.009235562807800699 0.023055583898540517 125.44193272924994 -0.009383566831601993 -0.9999360040568273 -0.006319530392828811 5.872000996294862 0.022995744014844572 -0.006533924585749601 0.9997142109556701 -8.733917549280882
-0.9789272459992058 0.20159563570560785 0.03256757136890404 124.29656161967152 -0.20179106978462422 -0.9794246003926809 -0.0027957647989678416 22.921074536311096 0.031333866591817826 -0.009308695401933234 0.9994656257192267 -9.628739749885106
-0.9918131835287204 0.12058036534676418 0.0420355144071537 123.69186442444035 -0.12022760171045449 -0.992687271999165 0.010830687781357687 19.112094560409844 0.0430340884135516 0.005688189844396531 0.9990574116289409 -10.014165095216637
-0.9907116178697284 0.1299097110768229 0.04017408599942666 122.6176841128434 -0.12943356072355255 -0.9914857645354441 0.014245423194462118 19.716036329161938 0.041682653183013965 0.008913231260504471 0.9990911423549528 -9.806374477026898
-0.9898157636060206 0.13647905555456316 0.04047494919042731 121.41664495287219 -0.13631882774980206 -0.9906423237847037 0.006705484871410758 19.628776308407335 0.04101135596335833 0.0011196970014722128 0.9991580530429974 -9.635437784323582
-0.9876286303910269 0.15041928678691444 0.0443139548502635 119.94134712698877 -0.15054302150116378 -0.9886033053507198 0.0005507512476309162 20.02986966436849 0.04389176584799856 -0.006127218957440903 0.9990175023885215 -9.91974546934268
-0.9722308406934977 0.23309508087367706 0.020829682592795593 117.14671568447675 -0.23348893805116316 -0.9721732687594575 -0.01902764613107756 24.008720384938393 0.01581480989970081 -0.02336276486297042 0.9996019572838976 -8.554668086436681
-0.9710745607723843 0.23675335181672874 0.031016895787055396 115.9693707407499 -0.23713685400766193 -0.9714319416303058 -0.009278752703147005 23.70569489875849 0.027934027494615356 -0.01636560979374981 0.9994757910645027 -9.2189050548402
-0.9907148637014715 0.13114356305503755 0.03585282011520477 116.79872992530306 -0.1308512155921871 -0.9913475438652443 0.010392624807911092 18.70023621029837 0.03690553100865423 0.005604742775587487 0.999303041444084 -9.031759050763394
-0.961055986922954 0.2762705788387378 0.0067791789811273906 111.56442753102209 -0.27632908259957006 -0.9610087455836094 -0.010219051888423397 25.918032200394773 0.0036916269083421484 -0.011694365306678832 0.9999248040282074 -8.125712319448931
-0.9899648002335076 0.1365653708847702 0.03632621331409579 114.35173448743492 -0.13629177458085143 -0.990619113012472 0.009915902177117677 18.819166551404955 0.03733961007078658 0.004865430041524534 0.9992907890650665 -9.212826858667443
-0.9886034906148362 0.14602448182167532 0.0366058609088227 113.11112950508834 -0.14588149220746632 -0.9892803120505905 0.006561586729782684 18.988116436244166 0.037171609804905116 0.0011466899321171075 0.9993082389967153 -9.226200034474775
-0.9901873759878612 0.13494082013727315 0.036330916516944416 112.3370648618437 -0.13467787087438615 -0.9908429158883111 0.009601412952938468 18.496235289386224 0.03729385379689013 0.0046142274142288164 0.9992936892497394 -9.19181249998391
-0.9909669931861983 0.1291359944038846 0.036170614659298 111.28971245855259 -0.12882509490485436 -0.991608434154696 0.010807785898560206 18.147612931114615 0.03726276074403417 0.006050476228645381 0.9992871851470656 -9.00757065663409
-0.9911226706207983 0.12754988946813728 0.03750836544253969 110.17000699881376 -0.1272471091471302 -0.9918169244846469 0.010361540402589674 17.89634416797761 0.03852304498873598 0.005496726524162748 0.9992425936689856 -9.067956232448136
-0.9912397632442619 0.1267907596912938 0.03698425368142706 109.08302391707078 -0.12652248253587825 -0.9919180972386519 0.009515764993516277 17.801878400871445 0.037891861612044504 0.004753065048750231 0.9992705415432914 -8.96876480478955
-0.9915308248848475 0.1241516490875342 0.038118123406368054 107.89934190557318 -0.12424674411961088 -0.9922513444083595 -0.00012686795992142852 17.56038292476446 0.03780700832985174 -0.004861846218143095 0.9992732321905268 -9.137105016233551
-0.9927933612234942 0.1154956668563442 0.0319701868616499 106.62452397391735 -0.11569993695195666 -0.9932735193488205 -0.0046087253907844275 17.114544070871418 0.031222852205943764 -0.008274460575908079 0.999478197262109 -8.856941577111542
-0.9924121454433581 0.11848099998320838 0.032869229067542666 105.54220058415352 -0.11865973546780388 -0.9929286851934215 -0.0035345860827312846 17.126332329911435 0.03221801910774787 -0.007408020183802815 0.9994534108610278 -8.826314175026475
-0.9857741152656817 0.16770060111375873 0.01122060864000566 102.17428654944237 -0.16767682424336702 -0.9858373485012122 0.0030339597498702875 18.88838328177465 0.011570491944041108 0.0011093629653462192 0.9999324442331057 -7.995503167128281
-0.9935239167786643 0.11009700122030973 0.02808695624449504 103.32903129912381 -0.11027236057334165 -0.9938899694526846 -0.004768135372216293 16.512068868585036 0.027390386677966456 -0.007834471497135804 0.9995941115142724 -8.476924196892798
-0.993061849346731 0.11445832970739932 0.026971357634465388 102.50521720583123 -0.11453852220592109 -0.9934177605019398 -0.0014422379126162387 16.463293331658782 0.026628749556408735 -0.004521490894039647 0.9996351663567892 -8.396043329580476
-0.9933385317376408 0.11169077921090474 0.0283501535194932 101.2396557516642 -0.11178216766549402 -0.9937313569030221 -0.0016544786769247032 16.30457998292522 0.027987646512721124 -0.004812499033786169 0.9995966844161434 -8.300740875002822
-0.9928368779476531 0.11638638917289379 0.027002633250375073 100.32744016395895 -0.11638508238440128 -0.9932028346246555 0.0016253897769759554 16.30878574239113 0.027008265133743038 -0.0015289567838199492 0.9996340409898125 -8.161012032244527
-0.9938228174411996 0.10855987092643324 0.0230426117806518 99.17751518371031 -0.1085707225590131 -0.994088418933992 0.0007832907086136829 16.050229189137045 0.02299142745136281 -0.0017233008317622347 0.9997341769180416 -7.999027173354622
-0.9943303658741418 0.1047619098079782 0.01822267142843138 97.81772049430523 -0.10476419685957773 -0.9944967427419702 0.0008317042662288282 15.895051350554706 0.01820951830695772 -0.0010820947294971313 0.9998336074137685 -7.8120646264818205
-0.9948743087830575 0.09932798449015673 0.01894891080133443 96.80645859391562 -0.09934501091190329 -0.9950530473089807 4.298864313723869e-05 15.610642791384898 0.018859441411332594 -0.0018397114537005224 0.9998204523470309 -7.774587570358478
-0.9949669761566077 0.09858555450201287 0.017933343283318144 95.9835709000885 -0.09857512030647808 -0.9951285311422934 0.0014670252732626981 15.388328253147682 0.01799060906003192 -0.00030813977156688685 0.9998381084133273 -7.693031869913315
-0.9953169092435911 0.09475546128410091 0.019122048285384226 94.70833851011933 -0.09467383634144416 -0.9954951181136739 0.005131717474550575 15.244428014999837 0.0195221639729145 0.0032973275059972936 0.9998039871620571 -7.672944550486417
-0.9953782862949334 0.09463926045962653 0.016293481893934512 93.5502182210046 -0.09457414052431454 -0.9955066145264923 0.004723598003666318 15.15317844187071 0.01666730682085489 0.003160824839768209 0.9998560946804709 -7.568403253042414
-0.996046382601671 0.088481644882147 0.007912156790656608 92.1807775721311 -0.08842587161446436 -0.9960571577500873 0.00714168915926212 14.947136822542642 0.008512868808622983 0.006413814292184482 0.9999431954120603 -7.409654093617672
-0.9955863429683364 0.09286523121111974 0.01356032916459603 91.55077824658531 -0.09282666628391292 -0.9956763150663329 0.0034475560263325946 14.98670305717507 0.013821856661190141 0.0021735795463730073 0.9999021111240842 -7.458462580895099
-0.9960277714820354 0.08877077825324602 0.006958977284724329 90.06320404081339 -0.08873216728152036 -0.9960393598948744 0.005674154539555767 14.91255489219297 0.007435114394605372 0.00503413036454198 0.9999596874901597 -7.308161427180082
-0.9969933675873721 0.07705908599390272 0.00813155904980875 88.52481715693796 -0.07703382798797126 -0.9970227659610098 0.0033754260441851 14.604473109841718 0.008367456741220561 0.002738872257717243 0.9999612413721064 -7.351768426391516
-0.9971203224797426 0.07579911730808842 0.0023571833224756995 86.53029697236126 -0.07578746589574091 -0.9971129559064382 0.004691820183110974 14.636186143794934 0.002706013858735179 0.004499664303338481 0.9999862151600702 -7.2671484116663345
-0.9975011545381769 0.07043234969594692 0.0055435377981596584 86.34429837329715 -0.07041834072173227 -0.9975139386321434 0.002683192985083865 14.390485186871471 0.005718739809625586 0.0022861213669953077 0.9999810346522026 -7.267276309440125
-0.9968243027112408 0.07956888836752876 0.003178290139219734 86.37788089815697 -0.07955849148871873 -0.9968248232586882 0.0032738612264626545 14.536959907200048 0.0034286960047517612 0.0030106044652522183 0.9999895900980494 -7.0979791280033275
-0.9953196046163306 0.0966271219156934 0.0014435985206194483 86.17985740072116 -0.09661574461040583 -0.9953002231909963 0.00654703057438322 14.761841516519027 0.002069434651267432 0.0063769135367179415 0.9999775259544483 -6.999315740641637
-0.99521957756449 0.09757493741863016 0.00413811794368018 85.40420454646109 -0.09754647447542907 -0.9952090978594028 0.006598246380138059 14.67563361008706 0.004762116103180458 0.006163045158737828 0.9999696691023178 -7.008439828676477
-0.9953510027997956 0.09625230618894065 0.0034459800862358366 84.37340343998059 -0.09623354565306062 -0.9953449389453636 0.005249495870242809 14.648780861370305 0.003935214922381693 0.004893472096691335 0.9999802838128133 -6.982347201161088
-0.9949902958183756 0.09996213450961408 0.0013721849537665129 83.56583007073803 -0.09995104832013425 -0.9949704919783632 0.00659606185871549 14.643590214724348 0.0020246399612891012 0.0064258662154216195 0.999977304280659 -6.922968099906678
-0.9950864314218052 0.09900715130154926 0.0007602574373776787 82.87170839935699 -0.09899843892784364 -0.9950578953912794 0.007687256294109076 14.550754737462208 0.00151759351259718 0.00757422013364612 0.9999701636045465 -6.860040243030217
-0.9949948027990925 0.099925601111299 0.0004654517589394636 82.10652851900528 -0.099917639069026 -0.9949566099120143 0.008820986070862251 14.446727897435666 0.0013445466396773682 0.008730328455217363 0.9999609860186531 -6.817432080933551
-0.995121520825695 0.09864236691180926 0.001685894299918032 81.47607575866917 -0.0986271045839391 -0.9950960562446844 0.007518848825525234 14.327574570670583 0.002419303813695682 0.007315893404679694 0.9999703118956849 -6.828521900797053
-0.9950047194789714 0.0998191984673275 0.0013175097416678787 80.93590134457718 -0.09980589114168986 -0.9949758564998004 0.007863146692467023 14.276873925905802 0.0020957833839359086 0.007692372835105068 0.999968217041011 -6.78441304302608
-0.9951139199630451 0.09871893263722015 0.0016907497613122022 80.16456983518384 -0.09870463935677129 -0.995091443855941 0.007100178459245836 14.190128066839124 0.00238337266021379 0.0068986015735844715 0.999973364060812 -6.773323269316838
-0.994968242238726 0.10013660224948538 0.003295121594243585 79.49611663355853 -0.10011573386525814 -0.9949578037418064 0.00598402923728436 14.119478918975103 0.003877727300054058 0.0056240255351430015 0.9999766665116608 -6.758678828467427
-0.9947477603388164 0.10233384890135375 0.0021625609709084812 78.76142039556018 -0.10232265819980117 -0.9947398174696045 0.004771704043215462 14.051627702065721 0.0026394923460289067 0.004525362922925825 0.9999862769911243 -6.732455361660021
-0.9945717212712629 0.10401229239963179 0.0029213485397007045 77.99793447529521 -0.10399216543415853 -0.9945578025113361 0.006356649442742329 13.96922066699196 0.0035666196645349306 0.006018346417154872 0.9999755290658746 -6.6744110113966
-0.9940916189572238 0.1085215466062349 0.002219693943173733 77.47776088854687 -0.10850945800176846 -0.9940829036825698 0.00498779813101776 13.970585093038695 0.0027478433676544596 0.004717470532391619 0.9999850973032596 -6.6549736493547655
-0.9940229520170266 0.10915556542741357 0.001852943491444073 76.80771601544555 -0.10914467520995516 -0.9940122212351318 0.005209981623630353 13.991434428192237 0.002410546965747299 0.004976602397919473 0.9999847112290785 -6.625471803894085
-0.9941363613225866 0.10812980657568827 0.000916529428094974 76.10395016610606 -0.10812334117833723 -0.9941227699466839 0.005409377595127732 13.890132375859725 0.0014960577268514112 0.0052785607353862595 0.9999849491906605 -6.593081183695013
-0.9941567128384436 0.10794110290659292 0.0010717376412933883 75.3992820837006 -0.10793466649089074 -0.9941459701560494 0.004888536794754228 13.811557006536727 0.0015931377103816538 0.004744294025583906 0.9999874767148043 -6.602560753544694
-0.9940763243929048 0.10868195240162404 0.000703209544898805 74.60938876746889 -0.10867670425664135 -0.9940628353305968 0.005334169701921142 13.737088014754809 0.001278762451680062 0.005226149315232337 0.9999855259602153 -6.647048276035663
-0.9940549803662847 0.10887675978578143 0.000739721253726306 73.03987901619433 -0.10886476225881306 -0.9940104783741892 0.009572482470284107 13.128567890936795 0.0017775115517508423 0.009435044295630165 0.999953909133727 -6.716472607182248
-0.9939908818764329 0.10945357895489657 0.0014285658822647078 72.75760615735078 -0.10943426586907927 -0.993944720632646 0.009901200946965102 13.100647138634196 0.002503637396349942 0.009685369402338365 0.9999499614577374 -6.76794272287866
-0.9941144893895001 0.10832626750983389 0.00134229402256808 72.08283272617206 -0.10830688081927457 -0.9940641744113998 0.010297413218076517 13.056192509263761 0.002449806738282131 0.010091428004594059 0.9999460793101695 -6.8056805036710255
-0.9942620354681116 0.106920722409026 0.0033111850360833784 71.47628765517584 -0.10688857121846712 -0.9942328417458451 0.008711471566913766 13.041047907019745 0.004223525741151631 0.00830755761449535 0.999956572215412 -6.886412374469072
-0.9942666738737956 0.10684521142460411 0.004228713701922206 70.89921463836123 -0.1068025513402674 -0.994236948471346 0.009279295317755952 12.950126522216227 0.0051957916770551185 0.008774456679225108 0.9999480049776766 -6.908553593657977
-0.9942774702806569 0.1067672269792725 0.0036154301895893726 70.29751538969562 -0.10674349374716613 -0.9942671272949798 0.006221424534197321 12.848486847243118 0.004258947633915727 0.005799898597567996 0.9999741109355326 -6.954298564685644
-0.9943676215477513 0.10589732365764355 0.004334750237122517 69.6220414169461 -0.10587480924604786 -0.9943662306554026 0.005130701636164883 12.804022913498533 0.00485365682587594 0.0046428627283397915 0.9999774426661335 -6.935935898005105
-0.9943393589200935 0.10610256871227182 0.00561107966795291 68.96588689046824 -0.1060840842996681 -0.9943510167826671 0.003496066587152653 12.688788320376187 0.005950324418363571 0.002881030360504127 0.9999781464129017 -6.964843439912323
-0.9942267629538835 0.10712327039347463 0.006144002478558497 68.37763351044805 -0.10711371353190376 -0.9942450273216225 0.0018649449424000951 12.640782607275556 0.006308422913492177 0.0011960712517420163 0.9999793863944951 -6.966524641218179
-0.9940880659012015 0.1084336844837154 0.005572548976729095 67.78010313132637 -0.10844171551579875 -0.9941021331941584 -0.0011589283055599546 12.75847050000832 0.00541401595887105 -0.0017563735686244853 0.9999838016603504 -6.933370407897747
-0.993975032926895 0.1095279117257501 0.004155775617110685 67.22627377315837 -0.10953363885098723 -0.9939823939292057 -0.0011758056096884699 12.586001680192563 0.004001984263503704 -0.001623918645196001 0.9999906734616041 -6.950892445054959
-0.9941819614295232 0.10762963242585116 0.004253209614907933 66.61489316872886 -0.10763672958763124 -0.9941891953658215 -0.0014758934740554414 12.513280549729501 0.004069645172655187 -0.0019251082420968055 0.9999898659218652 -6.9479484410281405
-0.9939928140805411 0.10937085986638953 0.00403739623268306 65.98403991153282 -0.10937965627180789 -0.9939979816398758 -0.002025657848915137 12.451107601874122 0.003791615765636438 -0.002455098357771462 0.9999897980189324 -6.952183932597181
-0.9938808637457858 0.11036562562151728 0.0045008178263334035 64.98674906153863 -0.11037945216113407 -0.9938851466548357 -0.0029481857987938157 12.703575626546906 0.004147917615259795 -0.0034269432541359475 0.9999855253149371 -6.949625002683154
-0.9938403951691297 0.11069791822960472 0.005219179025537195 64.31044148600859 -0.11071359895036455 -0.9938483604422845 -0.0028169937242330852 12.580338123170842 0.004875237176446491 -0.003377476249564219 0.9999824122036608 -6.988496722445559
-0.9937922367162139 0.11117229339244829 0.004208494321127142 63.834082734291556 -0.11118062269787762 -0.9937985873956463 -0.0017991183768980444 12.55532707401365 0.003982383595354492 -0.0022558528951380813 0.9999895258194559 -6.970786412816785
-0.9938367659444733 0.11072208067108459 0.005394766807182369 62.61270217821471 -0.1107268284363502 -0.9938507046093247 -0.0005885677383027221 12.316841206374677 0.00529642534792049 -0.0011822856762869645 0.9999852749311445 -6.966730910012659
-0.9939061933003416 0.11013700138199684 0.004507753965384915 62.10963326666637 -0.11013627715888846 -0.9939164114222626 0.0004093398080634089 12.172250654431432 0.004525414103856232 -8.962186969704903e-05 0.999989756245089 -7.0066653328762385
-0.9936967698579896 0.11201397233652542 0.004427140747072333 61.63316086952354 -0.11200664006433482 -0.9937056956983356 0.0018716084490882172 12.141236793431933 0.00460892127306494 0.0013639421101263496 0.9999884486865962 -6.98743266478338
-0.9933096000826162 0.11539689786869693 0.004426550123641546 61.290672664955 -0.11538338000168616 -0.9933158877693986 0.00319729952902131 12.07425702631912 0.004765921013026864 0.002665158001503859 0.9999850913537295 -6.96221675970439
-0.9931562001439335 0.11674472678764565 0.00338095887898835 60.910589666061796 -0.11672733199255597 -0.9931516507743033 0.004952628612322321 11.991440649422767 0.003935998166093554 0.004524083503817277 0.999982020131808 -6.953350422279248
-0.9931554007638964 0.11669973630077773 0.004849894930068574 60.3503812260331 -0.11668237707728128 -0.9931623112214678 0.003721081674185682 11.89001842280866 0.00525098210805933 0.0031297150923856624 0.999981315860622 -6.962783943737145
-0.9930208153133728 0.11789191543132757 0.0033401542329099558 59.909003064984866 -0.11787504856910558 -0.9930165270189795 0.004863125743651819 11.830918865360223 0.0038901515649745256 0.0044354642485000114 0.9999825965374111 -6.9312525159663565
-0.9928261952904218 0.11951031377964101 0.0036648117876472057 59.430166653816315 -0.11948967893255534 -0.9928206982980002 0.005410883446256381 11.767190213055096 0.004285157376629768 0.004934159641252434 0.9999786455194433 -6.944447256322143
-0.9929387473157985 0.11861804603653398 0.001550236565554373 59.037011310126566 -0.11860439943898524 -0.9929165915042776 0.00704547721903116 11.699701324769828 0.0023749763478119424 0.006811862447260821 0.9999739786701191 -6.967600542547015
-0.9927327418973558 0.12030147429200669 0.003042769811218968 58.673510713132956 -0.1202771378906648 -0.9927141952540652 0.00720670811817831 11.693965840975688 0.003887578395896594 0.006788359466059534 0.9999694019868689 -6.966226983219972
-0.9927615616528148 0.1200918059186078 0.0015620038018572474 58.28370357088363 -0.12007710140753858 -0.9927367209320742 0.007435901465329105 11.634381896353695 0.0024436493679434144 0.007194516262101983 0.999971133340119 -6.975864682709212
-0.9925653573953416 0.12170400221116344 0.0014653137702220526 57.872157043609185 -0.12168529202888184 -0.9925249766104326 0.009319898513811287 11.638499900731995 0.002588629464849322 0.009072301265206025 0.9999554951832859 -6.9232771996414
-0.9923489806208252 0.12346456657403156 3.8229529311789836e-05 57.45565764767948 -0.12345653226490452 -0.9922878432422846 0.011104989631081509 11.620293425489939 0.0014090074287995372 0.011015305455089549 0.9999383369707349 -6.88762144734624
-0.9923071281388994 0.12380047031099807 8.363915715053548e-05 56.78973531972111 -0.12379140039586727 -0.9922421669801567 0.01145300198884127 11.520983713443801 0.0015008773312268403 0.011354541703724543 0.9999344087238604 -6.925347539213948
-0.9923141646792178 0.123743143357413 -0.00048275150614547787 56.25542775278452 -0.1237392312743271 -0.9922331381114213 0.012728011517953842 11.503239444115733 0.0010960021120502666 0.012689921417732791 0.9999188790465896 -6.89736443963761
-0.9923638635279289 0.12332272826371933 0.0023381739718453622 54.874368670930814 -0.1232942702714436 -0.992321389174594 0.009837860785956852 11.549739603868414 0.003533451876276326 0.009474454084775622 0.9999488734118533 -6.920947582496037
-0.992352906405556 0.12342844257714106 0.0010624083168930378 54.44361580834064 -0.12341185820102461 -0.9923054170981918 0.009973587767530673 11.47710521915212 0.0022852579330758446 0.00976620502384391 0.9999496981526709 -6.92372155720601
-0.992293553340631 0.12388328692092301 0.002536773599997412 54.07766847593029 -0.12385437848808865 -0.9922554383748764 0.009446583764177379 11.500667181329655 0.003687401247403354 0.009059593652692774 0.9999521622732217 -6.884547762491791
-0.9922389299533697 0.1243233384697065 0.002369260800605204 53.731130828360165 -0.12429868167092498 -0.9922070940473476 0.008655648848496508 11.532449599108677 0.0034268965354753503 0.00829397575743442 0.9999597323623948 -6.868740929427515
-0.9922747032414576 0.12399880155668598 0.003900066613144918 53.35078717768579 -0.12397670235301705 -0.992270030021345 0.005474010879822251 11.523870545400142 0.004548690004116801 0.0049482051236613275 0.9999774120875455 -6.880580081875786
-0.9923371424449683 0.12348125444528542 0.0044017638256833415 53.05530427562451 -0.12346168664714655 -0.9923392676454434 0.004470997556681608 11.415703502637339 0.00492012747804766 0.0038932877531345713 0.9999803171343307 -6.931769774499491
-0.992329883484863 0.12349965572426023 0.005407159967041187 52.727441505689775 -0.12348521435079693 -0.9923420893534086 0.0029290842340776824 11.36804077702507 0.005727493313657705 0.0022389135091605344 0.9999810913645548 -6.961716439047358
-0.9924271210051061 0.12273152852917452 0.005037995475512102 52.42929232836424 -0.12271961015325993 -0.9924379463455191 0.002611500970244136 11.32270684796159 0.005320411389248747 0.0019734635486926624 0.9999838992025196 -6.978560217118115
-0.9925820331420017 0.12147692246270488 0.004925930641156619 52.14114785143874 -0.12148694440444482 -0.9925914192198652 -0.0017879682230547544 11.29431812202418 0.004672239608886439 -0.0023731413959753524 0.9999862690942098 -7.0234732519823675
-0.9925935549696704 0.12133162778852426 0.006055636288518224 51.82122535953479 -0.12133786530383249 -0.9926110369521166 -0.0006721341762532141 11.260887421675873 0.005929340282053804 -0.001401934031729056 0.9999814385801346 -7.080481045748298
-0.9926117290040178 0.12121674845204834 0.005334354540778852 51.5379583952592 -0.12122837433416603 -0.9926228017680906 -0.001911718168748723 11.236067586681607 0.0050632696895198115 -0.002544269005950808 0.9999839448687554 -7.072885012798225
-0.9927171335670264 0.12010271696883627 0.00938243567400543 51.209970267233395 -0.12010327006053019 -0.9927612744061113 0.000506517845163663 11.181146716510073 0.00937535296615628 -0.000624032262229243 0.9999558556958912 -7.0685964331565
-0.9930464748381093 0.11744584813733679 0.008072890864177689 50.909238928887014 -0.11745243185629148 -0.9930784497926317 -0.00034468609736533327 11.19901145548813 0.00797653199369644 -0.0012904699780224792 0.9999673542794241 -7.05417977766385
-0.9932632424394087 0.11529021613801768 0.011674642675782857 49.66419834958448 -0.11523180795473345 -0.9933230672709296 0.005560077603438423 11.263463312970062 0.012237714420645253 0.004177330525849965 0.9999163906324584 -6.969800595092556
-0.9936867056226387 0.1116886276443668 0.010601015222655183 49.33367730076553 -0.11166200317186645 -0.993741492817416 0.0030728652193068888 11.257623041408065 0.010877872792022058 0.0018697347211782715 0.9999390861325502 -6.983767890832052
-0.9935426166143541 0.11275090531614723 0.012661055307297314 49.02577656470625 -0.11273868212417221 -0.9936232566660766 0.0016773089178113015 11.283961684177196 0.012769437106244143 0.0002390872014268831 0.9999184388305382 -6.9456267801755605
-0.9940957020973501 0.10758613674943603 0.014105256145044523 48.584386598051445 -0.10753868967430849 -0.9941925187649704 0.004082383482658768 11.317627614595553 0.014462548002295747 0.002541419111065656 0.9998921821347522 -6.924226233528361
-0.9937459145734819 0.11064173004668595 0.015081937567682238 48.41354330959152 -0.11061080996459924 -0.9938596491330048 0.002871679682370647 11.436319981147294 0.015307056787459977 0.001185494622122643 0.9998821373617028 -6.907943604909536
-0.9932758002655443 0.11484211930654821 0.014644870775467833 48.299030096024694 -0.1148041995917069 -0.9933822970625306 0.003406998514195765 11.794081489029242 0.014939222300962703 0.0017027965081897484 0.9998869536708126 -6.842094864630316
-0.9931865308292599 0.11537510760628156 0.01640425323448882 48.07613932411302 -0.11537040271682698 -0.993321771827958 0.0012360378326223642 11.945187155308078 0.016437309886341213 -0.0006649491749758507 0.9998646771870152 -6.818349180239714
-0.9934488204827955 0.1128598768734466 0.01794684578008334 47.792555835973644 -0.112880664948227 -0.9936085416675345 -0.0001463084464882154 11.996682399419738 0.017815626909824515 -0.0021712018389694263 0.9998389316886906 -6.831591127637198
-0.993326883920532 0.11392723910235351 0.017952322168568013 47.49393514983133 -0.11397223759081046 -0.9934828020598011 -0.00150035660743792 12.17025992598873 0.017664391845554867 -0.0035364108811386965 0.9998377183617402 -6.787154438764913
-0.9929189837941134 0.11660866353045146 0.02267843052135582 47.130954084879825 -0.1167469789457757 -0.9931497538780684 -0.004869217490624525 12.276771557302355 0.021955284746604492 -0.007482376733263383 0.9997309535620655 -6.770569156311851
-0.992929883551195 0.1133884524965804 0.03511844517398829 46.727807504164964 -0.11420860105974431 -0.9932065827352645 -0.02229527876727688 12.433665579679822 0.032351843764831294 -0.026148477044848257 0.999134433073573 -6.881491184058162
-0.9931628753817903 0.11062901968748806 0.03726557347430635 46.420985340797344 -0.1115853643983485 -0.9934494105173016 -0.024636866580816492 12.504607043002066 0.03429590960263153 -0.028626713849444964 0.9990016525705636 -6.883438838035039
-0.9924182582680006 0.1177596816998063 0.035194573761808366 46.35672632816612 -0.1186998015761449 -0.9925915619949741 -0.02592967724761 12.609559057979206 0.03188036640472338 -0.02991067405360807 0.9990440399780014 -6.899630637238537
-0.9924699004793337 0.11662660957149251 0.03743969260563558 46.26386934937384 -0.11763149516451625 -0.9927206296012702 -0.025856970228938323 12.68424192969411 0.03415154444395242 -0.03006635168951212 0.9989643069240168 -6.891058768878658
-0.9929837770528117 0.10988071748720325 0.04369721311974568 45.164613456090784 -0.11114767127196867 -0.9934178158374309 -0.027699067630681928 12.650110890206838 0.04036599659061446 -0.0323615682760904 0.9986607608282034 -6.837596466234298
-0.9930819197609925 0.10840966300239138 0.04511812952164711 44.663620478585784 -0.10963698941829302 -0.993640085348434 -0.025673163810752648 12.58004670418509 0.042047963031722015 -0.030442170692458668 0.9986517125847348 -6.816826030379229
-0.9928227894938056 0.10747526586417223 0.052459278389765225 44.23626527488895 -0.10904907027605171 -0.9936387321273392 -0.028113525006832656 12.528685957971671 0.04910406229303272 -0.03363238385554383 0.9982272555999103 -6.836529121527927
-0.9924409159944657 0.10944612426377798 0.05552093428349007 44.068342575484586 -0.11123735660310659 -0.9933330754661601 -0.03025973696021545 12.47308034336104 0.05183896947303651 -0.03620700303237811 0.9979988848567921 -6.885380087804419
-0.9923955796286276 0.1097145455981157 0.05580082452583756 43.866907747204884 -0.1115470101697638 -0.9932801816450644 -0.030850369095645324 12.501582484240068 0.05204111889410541 -0.036840185061295 0.9979651911308873 -6.93303605160439
-0.9922699287174375 0.11178216678429771 0.05389931123968096 43.8217579632684 -0.11356390224346646 -0.9930405921557857 -0.031202923551069826 12.416764531810413 0.050036273545698035 -0.03708273884040881 0.9980587366531916 -6.978743527484582
-0.9916603107835864 0.12121292105782788 0.04378647947980326 45.980388742016714 -0.12235662147308286 -0.9921849992310253 -0.024449631543771538 11.62533238047068 0.04048067685078969 -0.02960329491058989 0.9987416881917688 -7.046859871678073
-0.9919785690467346 0.12037046952780325 0.0385936344188025 46.42039530189985 -0.12115179253861767 -0.992460075233168 -0.01858069516616828 10.890576132075331 0.036066074317501376 -0.02310733939324721 0.9990822234178208 -7.031203457731026
-0.9920906907117422 0.1199478534683502 0.036994240787442456 46.24188834942077 -0.1206113588070875 -0.9925667954867705 -0.016249819193924264 10.701437843798498 0.03477012409829762 -0.020583219997451305 0.9991833513048191 -6.994637147711729
-0.9922089649145288 0.12019215847962944 0.03279047092146195 46.16869485933337 -0.12067007456105987 -0.9926075378828525 -0.013000340132978232 10.6292900099857 0.030985529665819612 -0.01685588259786425 0.9993776944544939 -6.95052408009372
-0.9923505758730404 0.12007119156542055 0.02869222055737018 46.11138275876985 -0.12038410140962005 -0.9926825711061218 -0.009432982027983835 10.570529095532615 0.027349637881518927 -0.012814912336915531 0.9995437835980726 -6.882424878676469
-0.9924583321418828 0.12159582970186425 0.01552137755721507 46.09025157529196 -0.12157456527389016 -0.9925796138662712 0.0023098085519690117 10.6747595980523 0.015687066029742305 0.00040538401408377354 0.9998768682308771 -6.752817121649218
-0.9925358809268808 0.12149060340712373 0.010609352311721712 46.01246789528024 -0.12143527866258123 -0.9925829035052961 0.00571425980654993 10.722409577798976 0.01122489059380217 0.004383258236535691 0.9999273918032193 -6.657183984157784
-0.9923755429967653 0.1228594911567434 0.009814636752628062 45.912567135961524 -0.12278640947255194 -0.9924029917331293 0.007733023210819393 10.79245736227855 0.010690150172866522 0.006468959100710914 0.9999219335815369 -6.639775917780704
-0.9920020581225347 0.12606829622407967 0.00622104234168361 45.89030038520081 -0.12601568855199483 -0.9919941258811786 0.008228028682891911 10.943105031821373 0.007208531017143236 0.007378272453521646 0.9999467976728454 -6.693698730136306
-0.992041767241554 0.12587184004588023 0.0030678871756444044 45.791482297909695 -0.12583541381292723 -0.9920000496603998 0.010067278892299384 10.876461423879636 0.004310531149020472 0.00960111229135163 0.9999446174483791 -6.729736806322323
-0.9921184316637268 0.12528938737929812 -0.0018939279895301092 45.67727959894029 -0.1253020965354263 -0.992068889045809 0.009934988235738814 10.929400718140956 -0.0006341584468297032 0.01009399809481401 0.9999488532147667 -6.770589646255929
-0.9922184607214984 0.12448477186985299 -0.0024632856055654888 45.592926029429925 -0.12450315210829492 -0.9921705878294196 0.009822920203552939 10.96194141692239 -0.0012211955466306 0.01005316958659524 0.9999487199165287 -6.8077868367244205
-0.9921591541086344 0.12492992853414676 -0.0035673344240745885 45.42579865557078 -0.12495690419660706 -0.9921236090407392 0.008747369752079844 10.872924087024654 -0.0024464284254789863 0.009124546039765303 0.9999553778281961 -6.829809969831905
-0.992172312620046 0.12482638004028787 -0.0035322678591374773 45.248005167963164 -0.1248555305913381 -0.9921264434525892 0.009809010290066764 10.73317494350069 -0.0022800331021209344 0.010173251601752689 0.9999456517235825 -6.886873641807601
-0.9923399534715319 0.12353445310495452 -0.0008097161097793679 45.150322925469766 -0.12353684496760348 -0.992303041281427 0.008562838260746294 10.75359058585095 0.0002543217832588633 0.00859727629477472 0.999963010396257 -6.802007008738537
-0.9922006841014008 0.12462668088795643 -0.0024480358582369033 45.04285792389669 -0.1246444822629788 -0.9921561653632646 0.009481380334993433 10.758728580535664 -0.001247200908393484 0.009712566216717186 0.9999520541242877 -6.843314056107834
-0.9923705020813589 0.12323756638367973 0.0036453848385381675 44.921339993682956 -0.12319797617173943 -0.992335676659358 0.00960018209219933 10.818343084787259 0.0048005485083173595 0.009077833488433202 0.999947272446493 -6.752381676803585
-0.9924031426911223 0.12291518068148909 0.0052783268964646775 44.798362865072725 -0.12287089004310504 -0.9923902085977611 0.00802609863573329 10.755715729452543 0.006224689293808381 0.0073165727859434955 0.9999538594384585 -6.736772700191603
-0.992372881944491 0.12300753702736107 0.008075209944123094 44.71361004169029 -0.12296382026079014 -0.9923947528372176 0.005705562901460728 10.836398706900438 0.00871562321647011 0.004669087235500883 0.9999511175734205 -6.6183634974772785
-0.9923214171365919 0.1233062379327394 0.009683841123166387 44.625617796771344 -0.1232551755562409 -0.9923586062182964 0.005705993610005126 10.89456379446422 0.010313427685542817 0.00446859612755802 0.9999368304338161 -6.572341936869405
-0.9925264330353188 0.12159313754692364 0.010314486302386731 44.58051622879463 -0.12153779879080888 -0.9925696555372786 0.005834584106088819 10.86718904693155 0.01094729150394476 0.004537378990210864 0.9999297820350328 -6.608496325607071
-0.9926015601204491 0.12087574633809786 0.011454116887085863 44.51675755328089 -0.12082313911750048 -0.9926605282958229 0.005181179137066698 10.837287682889 0.011996328615401097 0.00375892413659941 0.9999209761721625 -6.554998177266033
-0.9926590606042758 0.12035179487572968 0.011976429786626623 44.43601545157331 -0.12032491652736056 -0.992730202499348 0.0029427042478921053 10.778470842582054 0.01224352330531935 0.001480039119977153 0.9999239499188317 -6.5611975002398175
-0.9925093273475054 0.1212123448855211 0.015257869299508597 43.86725859595967 -0.12116522186505033 -0.9926243772209957 0.003979291020593511 10.579299324367053 0.015627672206732095 0.0021007603353063063 0.9998756736051823 -6.578634486115741
-0.992499661844419 0.12138086880251878 0.014529484762582243 43.820506387393394 -0.12135159005907563 -0.9926053988773842 0.002883350413176048 10.527723846534254 0.014772028596459154 0.0010985482313777119 0.9998902841626843 -6.5946227477497095
-0.9923810985841918 0.12221865840627695 0.01556774582916484 43.78685998655941 -0.12218167530716045 -0.992502237613656 0.003308557241301659 10.408308387439124 0.015855389997339035 0.0013812564036881833 0.999873341348185 -6.612724036644444
-0.9922846985607143 0.12323718948188107 0.013552569161615152 43.70728799991265 -0.12320756272938525 -0.9923763798123558 0.0030028780865105887 10.491151875426123 0.013819315777498533 0.001309930961763608 0.9999036506545628 -6.622035795912812
-0.9922897545889694 0.12324280415508683 0.013124563297691263 43.696012974513955 -0.12322478413868698 -0.9923763990972394 0.0021760259117120893 10.566356443917837 0.013292686400360186 0.0005419767386394721 0.9999115014587439 -6.614724469233432
-0.9921166994187497 0.1246665560711684 0.012755568658761924 43.68442765421192 -0.12464312106793382 -0.9921981820972395 0.002619124545579862 10.547621758682283 0.012982569271859022 0.0010085833109029691 0.9999152142330895 -6.646314610291166
-0.9921199868209093 0.12461283134851886 0.013022058738529338 43.65533700582635 -0.12460938845290664 -0.9922052897108385 0.0010786005859863322 10.567621034276149 0.013054963036208 -0.0005525695766521965 0.9999146276592766 -6.60365531718846
-0.99212871267698 0.1245991149364478 0.012477100583935218 43.66235656853761 -0.12459064236601622 -0.9922071601725956 0.0014570988505126913 10.593907357223918 0.012561421764722969 -0.00010890036981563599 0.9999210962990834 -6.633014746752295
-0.9921810888120286 0.12411927724560086 0.013080214822781495 43.638765153923934 -0.12409601326776895 -0.9922668644932432 0.002578588721208228 10.588076655252399 0.013299116317489467 0.0009352244528136166 0.9999111254808583 -6.624573139860615
-0.9921736808780324 0.12429144874212199 0.011959211618174783 43.63690249848099 -0.12428668211534476 -0.9922456914700976 0.0011438565421253506 10.598584030889874 0.012008647788286957 -0.00035146637694130373 0.9999278318207221 -6.628608159189846
-0.99219846382495 0.12443737445463822 0.007586054458354927 43.652020471517346 -0.12447304716189334 -0.992213120911771 -0.0044252932959628856 10.57620083445339 0.006976310890589701 -0.0053350285245967535 0.9999614335348146 -6.6019699925689
-0.992069890795752 0.12515930859518998 0.011509963009611112 43.64817706097621 -0.12516478358917832 -0.9921359364000716 0.000246277549466926 10.541909893086466 0.011450271856284472 -0.0011963174876123495 0.9999337278534467 -6.651648503970021
-0.9920876965558848 0.12500991892956462 0.01159838401122714 43.63639288903071 -0.12501951917603574 -0.9921542768647728 -0.00010355644277616761 10.56553299268598 0.011494440718942954 -0.0015527614650799359 0.9999327311196478 -6.6215404819517625
-0.9921085110781805 0.12473278535481017 0.012744979555513005 43.643368888114026 -0.12472698173773272 -0.9921903102274587 0.0012523247728695203 10.603893627160668 0.012801651176115897 -0.00034720076647037603 0.9999179952270075 -6.6306302048780505
-0.9921277112947239 0.12455178697150056 0.013017559037686952 43.625362524996774 -0.12455370060952994 -0.9922126440727543 0.0006667882920753528 10.58827314384796 0.01299923634546617 -0.0009598460089121101 0.9999150456664191 -6.6141656022474535
-0.9921697198761538 0.12417340429532203 0.013424329651081264 43.62832952359223 -0.12417405046847486 -0.9922601389194586 0.0007886074955159642 10.61285998528672 0.01341835128185358 -0.0008845209096805137 0.9999095786478085 -6.6198294606524755
-0.9921887241686834 0.12402694403679827 0.013373585361162893 43.63401983439623 -0.12402930180896597 -0.9922783388445967 0.0006561650596212078 10.603128458121004 0.013351701213699656 -0.0010076768816780354 0.9999103543128273 -6.6261149493855385
-0.9921614005478986 0.12420216641311911 0.013768700778472037 43.622411586588605 -0.12420955601279848 -0.9922559566446737 0.00032046571215632526 10.619265982126796 0.01370187789840794 -0.0013922505007664952 0.9999051555925721 -6.626679487562045
-0.9921136055343495 0.12455278233357207 0.01404272504191355 43.60199180193037 -0.12453933643823814 -0.9922129810590625 0.0018313649041193359 10.621373916952331 0.01416147567030595 6.805037957035689e-05 0.9998997189598502 -6.627766214084943
-0.9922246155745078 0.12356010569460807 0.014940298817625344 43.55233785375969 -0.12353496478794244 -0.9923368202212295 0.0025976350897817142 10.59083381909122 0.015146772688086816 0.0007317881900048427 0.9998850132706181 -6.619974280006658
-0.9922595145246449 0.12331010657581551 0.014685824851965495 43.56566507835697 -0.12326383525666787 -0.99236579768247 0.004018769445318157 10.613191538309222 0.0150692651824516 0.0021774311236369124 0.9998840813017114 -6.634410132627653
-0.992256460884282 0.12326661962984672 0.015246518239644315 43.543150663194076 -0.12322741265236492 -0.9923723272504011 0.003488391983164515 10.577943532598567 0.015560225075649992 0.0015825904887634048 0.9998776799203709 -6.617002358388669
-0.9922430066440187 0.12338776296695765 0.015141853124796706 43.52368347886012 -0.12335018920045566 -0.9923573998744332 0.0033943686696074615 10.605695705095531 0.01544495355303191 0.001500288126600409 0.9998795940238416 -6.606362604500703
-0.992189826794048 0.1237539328661892 0.01563047365086239 43.55494789134969 -0.12371612376492921 -0.9923119393281505 0.003366866107509331 10.6131187735012 0.01592696854334301 0.001406828687353916 0.9998721680825353 -6.6028484533572565
-0.9923015309969101 0.12285955606924365 0.01559490505457872 43.54115050160336 -0.12281793586122441 -0.9924226796306707 0.003602719176918945 10.596982164876438 0.015919365941569313 0.0016596497062534678 0.9998719014708205 -6.617613591808644
