-0.9940849362641972 0.10662517207371237 0.02064490670501812 128.57427744085604 -0.10691421227096932 -0.9941774052651057 -0.013440166472983657 11.099394049436885 0.019091639717053577 -0.015567900969450875 0.9996965288287859 -7.659632974788042
-0.9958159343098081 0.0889883764855668 0.02077724296314136 127.5856666072061 -0.08909689122785094 -0.9960134426825327 -0.004354993595792387 9.86517210349956 0.02030686948347495 -0.006187959772808482 0.9997746447103159 -7.848151305925782
-0.9919689755185311 0.12272758183887432 0.030585818032178407 126.31797917193458 -0.12359562751436025 -0.991928627726276 -0.0283146314896895 12.38658462790968 0.026863962255155766 -0.031867509363739235 0.9991310171238345 -8.597087329455482
-0.9934642657557369 0.1099815362247958 0.030542009692422347 125.1625304891993 -0.11074871866173121 -0.9935420929275891 -0.02467449889771189 11.490662026497638 0.027631032937676096 -0.027895721369095905 0.9992288800610754 -8.567618911929975
-0.9936521415954267 0.1124959339309139 -0.0002938568197470735 124.26356621819383 -0.11246598682755143 -0.9933201935324962 0.025814626231412563 11.12726842808096 0.002612146573918184 0.025683807536547445 0.9996667038171778 -5.787477859774745
-0.9924482913792696 0.11839155202147257 0.03209095430669617 122.88689799724624 -0.11938617599979874 -0.992361286507565 -0.031080830445723188 12.000123061457998 0.028166112946462693 -0.034677333389367196 0.9990015778918944 -8.483761279189704
-0.9934671913151686 0.10946621744979891 0.03225038011542506 121.87658515640877 -0.11037875487607296 -0.993494616038477 -0.028017465527284926 11.28379511148072 0.028973613036067103 -0.03139418958658202 0.9990870505655871 -8.529530706323571
-0.9953528404357675 0.0954529301515527 0.012706736872215355 120.80742244808847 -0.0953708271033789 -0.9954177673847145 0.006919083208878716 10.810101890776291 0.013308958414335385 0.005675077119880846 0.9998953270846009 -6.583829323303387
-0.9911878387304432 0.13198715415334622 -0.011227621804041061 119.67488900435862 -0.1323195730642872 -0.9905000955209313 0.03743115489952211 12.750239740431205 -0.006180528857514459 0.03858693964967977 0.9992361328292287 -4.719921201993593
-0.9925031464104173 0.12120284109518903 -0.01572818094636487 118.504133822951 -0.12181413394041857 -0.99145650845201 0.04664020390718647 13.050266048750899 -0.009940882142574279 0.04820646386754543 0.9987879232868321 -4.3360365236888745
-0.9927919375910803 0.11345259656568699 0.0386351780978335 117.46338622567916 -0.11427897726737164 -0.9932495393109145 -0.01989140551547109 11.620736921986548 0.03611764124179663 -0.024163215662677748 0.9990553813477866 -9.007619641692749
-0.9923971667198911 0.12216648459374566 -0.014940332270256316 116.42814668925621 -0.12278622071826684 -0.9910682076803325 0.052032218163593214 12.583405614490726 -0.008450295146570747 0.053471092819440826 0.9985336422698255 -4.330364202937207
-0.9945201076566768 0.1038591092889212 -0.011959970078060217 115.66357038504847 -0.10430742211299032 -0.9934569004917166 0.046511810946612754 11.150538218765153 -0.007051039547393472 0.04750444487732325 0.9988461395821707 -4.460638802623439
-0.9941478040980063 0.10705104461978787 -0.014498877643962557 114.36772193663914 -0.10763218635876916 -0.9930245714119051 0.04814055495978485 11.713989067450203 -0.00924424506132838 0.04941937290189732 0.9987353350689252 -4.21971968410197
-0.9947712314205845 0.10135935581978035 -0.01250912170290473 113.24591353285567 -0.10175312313522505 -0.9941435192576867 0.036400069370435564 11.122329284391524 -0.008746374689365718 0.037482584032372 0.999259003874398 -4.199847603070612
-0.9902509774017627 0.13879036693736188 -0.01184211975315239 111.82145791933017 -0.13917188050813983 -0.9893649535137511 0.04228683523941116 14.432996243008699 -0.005847172879584382 0.043522670002302574 0.9990353285871342 -4.4825121601300975
-0.9937218327283249 0.11083110636156529 -0.015276944123028761 111.18287806059068 -0.11141974309299546 -0.9927329651688479 0.04546317978490349 11.77623722319917 -0.01012719152369763 0.046879907526945465 0.998849194954933 -4.005190678985898
-0.9942637276387909 0.10607328136934296 -0.013714914559136239 110.28948829260649 -0.10651693046017674 -0.9936157383812552 0.03717402273657988 11.171691609932598 -0.009684184383144239 0.038421653017763666 0.9992146882188148 -4.059647098690734
-0.9931486763588153 0.11189174317097256 0.03370377511354717 109.12770196853282 -0.11204720660703153 -0.9936990691375511 -0.0027538131259436994 10.75975672199933 0.03318328100572406 -0.006511359714555109 0.9994280724776405 -8.00579412187274
-0.9931298406542521 0.11231806064852111 0.03282945101910877 108.02821640799576 -0.11243262673302162 -0.9936579655347052 -0.0016589078769581108 11.035735830805457 0.032434920193733764 -0.005338612327785221 0.9994595915645862 -7.875009117494027
-0.9863518982778365 0.164072920216667 0.013784397530945666 106.35287058632011 -0.1629819733981513 -0.9848161300015635 0.0597834963513909 15.93289294327898 0.02338394985796369 0.05672095680018198 0.9981161875997824 -7.5701084863503265
-0.9945576300148979 0.09442463406849173 0.044035316056383354 105.80149467522148 -0.09470520506907357 -0.9954959671640807 -0.004324753504707298 9.88228150166904 0.04342861627980651 -0.008471590233441456 0.9990206141251279 -9.021301229335435
-0.9886120041381641 0.14918401167662626 0.019759451763553648 104.26707134489791 -0.14797142143950565 -0.9875779134717022 0.05286135885556607 14.881704780687015 0.02740006772074615 0.04933553975534941 0.9984063505436858 -7.7788763550344955
-0.9859694012449983 0.165870111926469 0.01874688715713165 103.0608727667589 -0.1647746887378638 -0.9850773045791804 0.049719271458490075 15.92003134503397 0.02671407419171932 0.045932667814144665 0.998587276239568 -7.576979508149871
-0.9943116676018187 0.10648806478171097 0.0021446981014201774 103.02149877685149 -0.10627292978723867 -0.9932423266609122 0.04664488100169677 11.446976016472622 0.00709732804208384 0.04615162606313836 0.9989092327866427 -5.845630092489105
-0.9896668773059963 0.1424382772330472 -0.016456279721786125 101.80309604862681 -0.14281760183824543 -0.9894385599797665 0.024788477773757256 13.928416226497246 -0.012751649641224773 0.02688258179656831 0.9995572631057157 -4.428657517866192
-0.9948344542766894 0.1011010967824254 -0.009109160959913255 100.89768518503405 -0.10066177606753872 -0.9941160556366142 -0.040005934115184716 11.134892241747874 -0.013100206980478958 -0.038882337312599005 0.9991579196614445 -4.877482855003218
-0.9909123107614974 0.1273544883160315 -0.043285409632699993 100.17470158841536 -0.12802511589806015 -0.9916846703510742 0.013079919341092407 12.180648011111005 -0.04125969074771559 0.01850267268377724 0.9989771213711371 -2.2803260581371116
-0.9923755596862899 0.11713376212944356 -0.03834619025053094 99.22436495214451 -0.11751003020614179 -0.9930418249396948 0.007702384136999903 11.44777228388038 -0.03717716151453904 0.012149719743504369 0.9992348287424131 -2.664809468155771
-0.9905835007212395 0.13120263980542518 -0.03911771218958344 98.12066465757978 -0.13167320048308567 -0.9912457714074941 0.009694789389475123 12.555597777101973 -0.03750328483480325 0.0147542527717599 0.9991875778109692 -2.6503272519266066
-0.9892438878763731 0.14143022982760192 -0.037336582464935715 96.86726311367204 -0.1418647340357158 -0.9898428960559157 0.009243287544028258 13.239998304304212 -0.035650070634207685 0.014440610048004334 0.999259996820258 -2.775512409211035
-0.9910919300107218 0.12921559050841167 -0.03225085172823761 96.0730618831939 -0.12932254274743782 -0.9916018014819952 0.0012438790172743365 12.522680847990326 -0.03181927411131077 0.005403560607196511 0.9994790319600515 -3.055890352758118
-0.9893429940348322 0.14169864590808806 -0.03349528178747452 94.91050191002793 -0.1420734666860132 -0.9898145030019972 0.00907632694083284 13.711924128323824 -0.03186801245804546 0.013738391271653811 0.9993976617879605 -3.0335361080523144
-0.9905146587304371 0.13300187859005158 -0.03451392663327028 94.25004494656947 -0.13339596940750065 -0.9910185422786635 0.00936825521149706 12.444439768633604 -0.03295794571817603 0.0138834128150201 0.9993603077282226 -2.890927729775694
-0.9894090332412881 0.1409021494602979 -0.03487619844561944 92.95053525808359 -0.1412444878411286 -0.9899460118726372 0.007542428784507595 13.292075694886066 -0.03346280913263111 0.012388617959267895 0.9993631785042005 -2.8723403047408853
-0.9909089339222292 0.13248251809981562 -0.023406560427608452 91.95552891623728 -0.1324667861930455 -0.9911849401630587 -0.0022282166968275612 12.988857903218653 -0.02349542995572967 0.0008926320040774191 0.9997235457761833 -3.477107396770016
-0.9897364003111795 0.1405814596646432 -0.02566536766987227 90.74641483913 -0.14048309185184393 -0.9900672101958311 -0.005605372315485842 13.03625468213551 -0.02619845038963545 -0.001942290814154864 0.9996548747960871 -3.37955598088794
-0.9899985398691264 0.13845261311573717 -0.027088096618925108 89.80634151406615 -0.13834946957687913 -0.9903673307944043 -0.0056545877813933805 12.865854264354759 -0.027610058399211726 -0.0018504098480657378 0.9996170570066294 -3.316865464124692
-0.9889884251137591 0.1474074653576163 -0.01315044287676989 88.55746705319225 -0.14769857874017506 -0.9887184279581235 0.024919872675302674 12.787415394351635 -0.009328709939972075 0.02658776735388576 0.9996029540762654 -4.969061688591519
-0.9890056128097592 0.14717021719088144 -0.014450778622323024 87.70379296481606 -0.14745193857636887 -0.9888488573193868 0.020877336712816726 12.823545337246529 -0.011217113749667 0.022778598511294323 0.9996776039348839 -4.832910695333901
-0.9889852927207814 0.14742731559781178 -0.013163487289461696 86.8675489045818 -0.14777719364615766 -0.9885184254197302 0.03151545087358478 12.67461550643631 -0.008366111406264086 0.0331135806176729 0.999416579289449 -5.174065225447715
-0.9888299810992924 0.14829840188530247 -0.014928244285304898 85.96585756813661 -0.1486476107639985 -0.9885509059232838 0.025903555980142774 12.474325313392818 -0.010915873457080628 0.027833260616160992 0.9995529767401777 -4.898884566391537
-0.9904203785047657 0.13773185654143794 -0.009869626950027424 85.03480591103276 -0.1379419159065571 -0.9901166823667377 0.02531764473881014 12.225680926915592 -0.00628503607882566 0.02643654653583129 0.9996307354862354 -5.034354837660437
-0.9906432652271127 0.1355790708154488 -0.015628071441725188 84.12085170730995 -0.1358468791062966 -0.9905738972474105 0.017577813548895593 11.83771199887472 -0.013097576006564292 0.019536367341439875 0.9997233536603308 -4.447442217776198
-0.9895748555808962 0.14379195550327542 -0.008091893140326713 83.37806701633365 -0.14394014745816477 -0.9893319609104888 0.02243891866221667 12.173811073467013 -0.004779032514178488 0.023369737986388795 0.9997154676180011 -4.997543256752345
-0.9902176708336559 0.13950328993111688 -0.0027922154591455924 82.79328838137232 -0.139528662789125 -0.9898797510381155 0.02588108855906874 12.572455134684496 0.0008465394574444943 0.026017505320833943 0.9996611289771312 -5.43126205846567
-0.9904460799605005 0.13775962216777857 -0.006232911925753081 81.74559923979533 -0.13786643013844355 -0.9901944710817235 0.02253346134242629 11.948669792415885 -0.003067593806955268 0.023177487771118242 0.9997266596069438 -5.070816517754598
-0.991403826177998 0.13018739033052934 0.01302677391197724 81.02081697452766 -0.1297721053411748 -0.9911249664244274 0.02881842475748596 11.305730773246054 0.016662956368740614 0.026880184692633372 0.999499775665783 -6.969597992787971
-0.984980105390853 0.17264007463453618 0.0030978402813196574 79.70259976805704 -0.17256691236423768 -0.98485918892743 0.01652388399495435 15.266851701200759 0.005903621033028646 0.015741112266471565 0.9998586723349062 -6.332366814605581
-0.9911984396576528 0.13238093785379604 -0.0009698005904931037 79.78517153017361 -0.1323209762239664 -0.9904694156545328 0.03822951613750171 12.413089914210463 0.004100301375811841 0.038021361705235096 0.9992685142556625 -6.055366483698712
-0.9910245580035254 0.1336754483204373 -0.0010954224082656782 79.07374730703103 -0.13361750367931202 -0.990278049041063 0.03867490527384652 12.366111657087574 0.004085112535898609 0.03847414851250851 0.9992512455593014 -5.998385286194194
-0.9926442004704294 0.12106259826036038 -0.001156967968550036 78.30737060136042 -0.12101989113567643 -0.9919336751926533 0.03770636509018168 12.411899168707086 0.003417195039646982 0.03756902076519031 0.9992881923933743 -6.050318393604813
-0.9913588621531643 0.1311760029899281 -0.0006801984840405212 77.73452967488161 -0.13109709640006975 -0.9905540652706699 0.0402019289490737 12.327437930997192 0.004599754978466963 0.039943710585548964 0.9991913441572676 -5.986603720459534
-0.9917739908659797 0.12799996812996692 -0.0005993333818032278 77.10784858061027 -0.12793251568488057 -0.991076063728963 0.03743671104741818 12.414134561633563 0.004197912852061464 0.03720543054766215 0.9992988209066689 -5.902790046679947
-0.9868123574821136 0.16167435133751176 -0.007923082745845697 75.37635029591249 -0.161850544048309 -0.9862474572113986 0.03347169752675323 14.537571354412375 -0.0024026052255624866 0.034312639998258114 0.999408260034151 -5.579345486525797
-0.9876403303872946 0.15645967603809965 -0.009324567900893555 74.6492963890785 -0.15668852394686145 -0.9870681904196247 0.03383923647320447 14.440920706658597 -0.003909508388405878 0.0348820474712821 0.9993837893964383 -5.543073953172867
-0.9876685984142909 0.1564907922083326 -0.004622949314591688 74.071985048533 -0.15655590105161715 -0.9870303653927475 0.03551489319405099 14.41990740572907 0.000994762419957493 0.03580069477926306 0.9993584545602541 -5.620089366768963
-0.9919828822705876 0.1244466156498602 -0.021977286807943093 72.51703172769987 -0.12541369482637993 -0.9908366384765123 0.05014141005763487 14.179152020899714 -0.015535972198032124 0.05249567321092692 0.9985002943725185 -4.926213436804014
-0.9927572559424922 0.11832636212425827 -0.020782271290196483 71.93609218190673 -0.1192320470143521 -0.991619654910203 0.0497411194138282 14.066402123323497 -0.01472242297680836 0.05185876996431737 0.998545901919135 -4.9783670606687505
-0.9918639557314565 0.12594444726541218 -0.018544258511959975 72.70241571794315 -0.1264043379127311 -0.991633771556445 0.02616116330717205 12.131370148794653 -0.01509425975639064 0.028292389643674917 0.9994857197632515 -4.563773402320161
-0.9945252889361569 0.10255807390978022 -0.020032252553761995 71.01123985594123 -0.10314794127603574 -0.9941814225039565 0.03104515032218775 13.229495275119296 -0.016731762518574278 0.032941472704282125 0.9993172206557334 -4.76396444755553
-0.993648769837324 0.10936903115590493 -0.02646766375782194 70.26607868311014 -0.11044478903294694 -0.9929374988697538 0.04332518798286044 13.762547059434217 -0.021542302018284228 0.045973235282067496 0.9987103638500301 -4.692363779291055
-0.9947773695467853 0.10026891377672922 -0.019082189801305084 69.62083123676317 -0.10074210581244067 -0.9945805214674982 0.025702420779253998 12.856209559739915 -0.016401620470355587 0.027490566517867014 0.9994874964693068 -4.6006038694975455
-0.9940113053915937 0.10500099284815148 -0.030270716123115923 68.9272342134862 -0.10600599336557748 -0.9937921693010011 0.03376171806335759 13.344238719000908 -0.02653778672537424 0.03676840677693937 0.9989713860460743 -4.66547316643131
-0.9930667472192147 0.11317041047364504 -0.031794555519593974 68.1931608011777 -0.11459211333791805 -0.992292541358934 0.04716100003380394 13.585940690055972 -0.026212270565742362 0.05047742620880454 0.9983811628406923 -4.609128691589744
-0.9929685085802568 0.11406951218601415 -0.03164944482210727 67.54112905674036 -0.11549342601695371 -0.9921692622559196 0.04755442756901217 13.528412971201751 -0.02597709596487748 0.05087535183362944 0.9983671113678827 -4.635703130569867
-0.9927295905708962 0.11478421045490651 -0.03622906340482433 66.84793802260205 -0.11642023459354324 -0.9920949118130299 0.046840313106176625 13.453503051939894 -0.030566141106324603 0.05071756091280097 0.9982451803204123 -4.700971518351075
-0.9927781657680381 0.1150029121694878 -0.034144454407595934 66.21334695929656 -0.11646800651801113 -0.9921940643285325 0.04456615497158119 13.365592881147053 -0.0287526873870244 0.048221042126518045 0.9984227631941633 -4.780761297017891
-0.9927006134945082 0.11653377825082983 -0.031070411877201297 65.59617010607735 -0.11780679388391394 -0.9921099525755699 0.04288824215679002 13.3121003910067 -0.025827335952926335 0.046235489908652075 0.9985966293706838 -4.884462907241379
-0.9926166720722733 0.11763496728316716 -0.029566142738862832 64.94618972334537 -0.11887000446654275 -0.9919248170216183 0.04421627997421821 13.232226382532222 -0.024126010078131168 0.0474043441988512 0.9985843799042727 -4.918553000153484
-0.9925892651013509 0.11803406825030875 -0.028887878735665347 64.3292002696829 -0.11923002019624397 -0.9918941951303852 0.043932993873099735 13.1577559460466 -0.023468129230278918 0.047051720467281906 0.9986167345440947 -4.884938617873615
-0.9924577121584177 0.11933238563326003 -0.028061919327866194 63.71554529143461 -0.12048783427301227 -0.9917436014870182 0.04390114692994516 13.088729092943197 -0.022591400343669386 0.04695115172858192 0.9986416864831346 -4.9606502026143
-0.9923487173848489 0.12002343617294625 -0.028955100999404924 63.11929757438987 -0.12127002623679964 -0.991551908385368 0.04602601127476925 13.04614102956487 -0.0231862856269184 0.049185239112744666 0.9985205097604455 -4.9524707798905006
-0.9922392795092971 0.12116046085090484 -0.027952726616003565 62.53230467992608 -0.12233273027631415 -0.9914710994374616 0.044941763243258305 12.97236220006852 -0.022269155844238418 0.04801251614597087 0.9985984593375491 -4.974782539776065
-0.992290275565423 0.12082510814685776 -0.02759170635546128 61.962010418852984 -0.12196955657481746 -0.9915378757122524 0.04445298974182409 12.880202352642547 -0.02198718461396317 0.04747561762993951 0.9986303767878392 -4.972371457250942
-0.992285715280871 0.12120594714913949 -0.026041843736903228 61.38022647464816 -0.12226792376640251 -0.9915200643681646 0.04402859040682174 12.81153389391585 -0.020484483576379595 0.0468730234894017 0.9986907957929616 -4.986587853414181
-0.9922225491069903 0.12188866825678459 -0.025250061271588825 60.81544037124516 -0.12293542174532221 -0.9913861513587681 0.04517057642268817 12.742819097381636 -0.019526779661060638 0.047923391414269455 0.9986601290886868 -5.000304050213413
-0.9920801660814427 0.12304352795449602 -0.025243500080867374 60.264075316446544 -0.12409005884698934 -0.9912397941577941 0.04522530014679765 12.677689737792337 -0.01945768134111827 0.047999590691256866 0.9986578182392148 -4.999767922321585
-0.991985973322472 0.12399125147968218 -0.024289880361433754 59.73430196308595 -0.12500528015517756 -0.991089720512042 0.045987452948440304 12.619970689315508 -0.018371408895244152 0.048655271573196386 0.9986466621800455 -5.007518910615269
-0.9917817041190751 0.12539580358278804 -0.02539574410209398 59.18142590047211 -0.12647547804124035 -0.9908718762161766 0.046657029246189294 12.560142552614035 -0.019313332931236077 0.04948552685044416 0.9985880921598419 -5.0994474056246375
-0.9918157413531399 0.12554338525423 -0.02324636795372856 58.66961646163137 -0.12648484137190555 -0.9909558616993203 0.04481143901827862 12.469363752514523 -0.017410344834498256 0.047385003774114996 0.9987249577887194 -5.1311925612119875
-0.9916283052984777 0.1267543611863303 -0.024629982767320507 58.160447424628586 -0.12774286185465408 -0.9908364710596398 0.04387309954021128 12.406668901435799 -0.018843178501947784 0.046652111831379316 0.998733455475295 -5.156916335125659
-0.9915443634975345 0.12748796315870398 -0.02421971234182397 57.64471745542431 -0.1284390236431743 -0.9907884296158499 0.042915089944588786 12.351678943417136 -0.018525453351095185 0.04566297174964899 0.9987851123185291 -5.138814079309814
-0.99159157979014 0.12701141140756758 -0.024783870996144704 57.17291096180549 -0.12798673749267517 -0.9908512199272068 0.04281652712154505 12.283801389646898 -0.019118941269770724 0.04562851456081596 0.9987755026750053 -5.141987777799214
-0.9914587182122566 0.12834701448073896 -0.02316579277275498 56.67413964130715 -0.12922601242196863 -0.9907427566476049 0.04158639036779359 12.228056441821728 -0.01761385234486947 0.04422481231374379 0.9988663164715254 -5.191591363130051
-0.9915137527290007 0.12774535048096244 -0.02411645869007871 56.18967354962279 -0.12865247507639008 -0.9908495332905322 0.0408135153429591 12.173197868751746 -0.018682045015838422 0.04356980386031595 0.9988756946615551 -5.210245589660476
-0.9914429975009575 0.12757289793028906 -0.02767559249572941 55.7336209066573 -0.1285831158950003 -0.9909531535986399 0.038447752595539425 12.076465331538294 -0.02252032444383401 0.041677368997837756 0.9988772857064938 -5.341327056564391
-0.9913869645479029 0.1278363596980803 -0.02845613578197477 55.24981869781946 -0.12885935923609795 -0.9909496015571075 0.03760522185914707 12.01993130013441 -0.02339128174689066 0.04094816617329059 0.9988874289054277 -5.35950343381082
-0.9914171818825525 0.12789230068864782 -0.027120672790861083 54.80829443461983 -0.1288595173523048 -0.9909515581828974 0.03755308406276288 11.977481173152169 -0.022072522642331213 0.04072552957860287 0.9989265413356256 -5.344706601558675
-0.9915259119897966 0.12719516352664254 -0.02641507577569103 54.3700155535336 -0.12808635413302996 -0.9911330378424293 0.035343842209773234 11.913782639703717 -0.021685288508866578 0.038427746130524514 0.9990260540094145 -5.400522129708694
-0.9915686007616593 0.126396261790824 -0.02856037445270109 53.92065527006957 -0.12735834385632172 -0.9912448770468043 0.03483455150624795 11.852083599303768 -0.023907367771228632 0.0381782494854225 0.9989849143167725 -5.469632318699603
-0.9916515661426856 0.12623043226219444 -0.02632583023693967 53.49970740940991 -0.12706687243005482 -0.9913459587023954 0.03297271743840244 11.819045460898556 -0.021935845039766765 0.0360425878001043 0.9991094787695036 -5.4632337573559
-0.9917829356072649 0.12568925174226286 -0.023849960895389967 53.098554344690136 -0.1264501692844549 -0.9914020769699203 0.03364931600595972 11.768225803694074 -0.01941554341691299 0.03638864900221666 0.9991490894244134 -5.437522510290551
-0.9919070009852298 0.12524573917250434 -0.0208328158352084 52.6919204152181 -0.12589625509098396 -0.9914753245660435 0.033568046275045574 11.73707606441234 -0.016450968073542994 0.03591915360626661 0.9992192852690841 -5.409119310845235
-0.992020849315829 0.12472222754741143 -0.018411965628725265 52.3278047790822 -0.1253077342292841 -0.9914970013038733 0.035095129971975746 11.679033306384381 -0.013878265922820371 0.03712226233729169 0.9992143570695639 -5.380415881020561
-0.9920944795361316 0.1241541182109106 -0.018283834532472506 51.964210629054406 -0.12473080997218235 -0.9915808711506089 0.03477931873813991 11.650240248435194 -0.013811904923772671 0.03678492761276857 0.9992277520079748 -5.367750462927784
-0.9922079906246438 0.12327139658513914 -0.018096025103871566 51.60460050256156 -0.12384843582677621 -0.9916738632491993 0.035277668455712265 11.619320889027042 -0.013596627665407694 0.037243948936160946 0.99921370085872 -5.359499135449898
-0.9922432607496958 0.12298648088469391 -0.01810074629436051 51.28689018279942 -0.12357190747341681 -0.9916870830432742 0.03587078210056219 11.584106040652935 -0.013538655036430909 0.03782928554339005 0.999192498958578 -5.344976629213299
-0.9923532538367834 0.12216749738371074 -0.017610286271102008 50.9680743144003 -0.12275077954288385 -0.991744032751506 0.03709473848668783 11.554157248247503 -0.012933124957389316 0.03897276080524015 0.9991565734128249 -5.314974642408632
-0.9925229671571074 0.12079065965520841 -0.01754355168488472 50.648366762328536 -0.121391299911943 -0.991854573624568 0.03858311918086662 11.515624972765425 -0.01274017155885951 0.04042426647567021 0.999101379594969 -5.2908855364482275
-0.9926079170186018 0.12045044356432369 -0.014873255095983707 50.39185496949415 -0.1209272907920559 -0.991972786428354 0.03696730078412781 11.474105030938325 -0.010301136523998736 0.03849261787314956 0.9992057870907238 -5.344465073756227
-0.9926693919378662 0.12006432806740698 -0.013857685067436848 50.11476133153887 -0.12049924217276364 -0.9920373852653267 0.036630026914039424 11.448334128783554 -0.009349382091605542 0.03803134709232187 0.999232808555073 -5.330830792455254
-0.9926536232465561 0.12010901320115051 -0.014581124899518776 49.82200577569047 -0.12056955109036827 -0.9920357700377409 0.03644193073239136 11.414503670733598 -0.01008799312829833 0.037932254263135644 0.9992293913217166 -5.389536409601298
-0.9927697759193791 0.11910674790776848 -0.014891427863722663 49.56842094389145 -0.11955812645881721 -0.992231025605604 0.034401253223011276 11.369420860300067 -0.010678315346609058 0.03593291566923786 0.9992971525791874 -5.468883857349567
-0.9928073642911586 0.11906153333609544 -0.012565376592102103 49.337328271739594 -0.11941673212648532 -0.9922998330658261 0.03287377960875078 11.335270278190917 -0.008554618487981301 0.03413784669821961 0.999380521085607 -5.507607356744488
-0.9927770624050141 0.11949107207386545 -0.010751188636993609 49.08879499355169 -0.11977886014515633 -0.9922824158903802 0.03207228986332475 11.293237073112843 -0.006835863134776785 0.033128398835258296 0.9994277263343353 -5.500568802546113
-0.9927153984650182 0.12008723133253107 -0.009756767976162197 48.852925099291795 -0.12034358987014412 -0.9922042656522271 0.03237461349110648 11.237594049500318 -0.005792929105319585 0.03331294181575568 0.9994281814517617 -5.502602653113382
-0.9925312623291433 0.1214742708021083 -0.011211370675265737 48.64053457333341 -0.12178823420380505 -0.9919824312520609 0.03374140033805823 11.220550282277678 -0.00702277073821064 0.03485480770783068 0.9993677116411245 -5.453500179384722
-0.9925861580600366 0.12109389282073871 -0.01043972936139847 48.416551949636464 -0.12137163750813529 -0.9920834806935496 0.03223806668475087 11.214147606408902 -0.006453250050483776 0.03326614580163466 0.9994256946403264 -5.475392211111259
-0.9924918632584526 0.12170705652130674 -0.012136464010880135 48.21166381138402 -0.12204449216865805 -0.9919873131431706 0.032654440651901366 11.19028164432084 -0.008064942471119082 0.03389045523319913 0.9993930126566952 -5.497638946580169
-0.9925445866236723 0.12108979063547227 -0.013874659199613577 47.996959021196204 -0.12147454912079199 -0.9920967194459278 0.031432995093229256 11.172341976605209 -0.009958789080481787 0.03288406709163062 0.9994095560137349 -5.512567745296051
-0.9924219953064699 0.12226889172089873 -0.012202514055312525 47.81613935125404 -0.1225906764514652 -0.9919879382986346 0.030519769284800453 11.140512598974873 -0.008373128393759609 0.031784404782363954 0.99945967519132 -5.52287988623304
-0.9924234836224843 0.12218644719328718 -0.012888028433125205 47.613372556600304 -0.12253342782178564 -0.9919835715193507 0.030889365515563285 11.124425866512741 -0.009010450646533101 0.03223454603361902 0.9994397159514706 -5.529676822419488
-0.9924618541037655 0.12182584258998781 -0.01333912389005242 47.42438915017796 -0.12219054889728773 -0.9920158942554012 0.03120793656803772 11.10097321859829 -0.009430689746477986 0.03260260145900178 0.9994239002890682 -5.542605450800575
-0.9924549031169208 0.12187030215258905 -0.013449711239446493 47.24796489429591 -0.1222440077677683 -0.9919912390371879 0.031777102422073135 11.073818414671914 -0.009469310643399145 0.033181487710864065 0.9994044831944874 -5.541235619858822
-0.9923132306219241 0.1229867126409444 -0.013737570616893305 47.09010993963193 -0.12337408328000325 -0.9918359219888938 0.03225429316018877 11.067824256223856 -0.009658566534365042 0.033701222028567075 0.9993852809233722 -5.524157804078029
-0.9923172013136288 0.1228605590281265 -0.014555240031884556 46.903565131830135 -0.12328030231249287 -0.9918328227904736 0.032705025565216365 11.045392529960857 -0.010418207083245413 0.03424813382912775 0.9993590577417086 -5.507283135755065
-0.9923081002581918 0.12297174124614337 -0.014233236345814915 46.74880060975445 -0.12337499275259055 -0.9918385199698104 0.03217081701482369 11.024337566721936 -0.010160970685989677 0.03367938774674427 0.9993810351991511 -5.513625989755058
-0.9923919359407585 0.12201956324603179 -0.016415592130788144 46.58919889454493 -0.1224885998099093 -0.9919702268796967 0.0314898698132134 11.027331800350922 -0.012441398489059874 0.03326101576160805 0.9993692593001596 -5.469776176910697
-0.9920994296166428 0.12290691733231514 -0.02515176785438622 46.45695122008145 -0.12368398234657094 -0.9918022240247955 0.03210328535159922 11.004724770892052 -0.02099986345733092 0.03496052189742888 0.9991680377411207 -5.421090515070884
-0.9920336118514604 0.12300821271546297 -0.027171539549637417 46.30495717445024 -0.12387559067057073 -0.9917505612747537 0.03294938917844693 10.996332768486708 -0.022894344126145137 0.036052792066134175 0.9990876063645642 -5.458529435532168
-0.9920130534974989 0.12335304642481826 -0.026346301985093995 46.169070215414365 -0.12418153857250304 -0.9917258188289709 0.03253991004561856 10.9780613407458 -0.022114410874766156 0.03555173984109267 0.9991231288614734 -5.468148612227347
-0.9919031598258582 0.12442001238892471 -0.025451562714776672 46.03668553563161 -0.125219545512824 -0.9915904042259767 0.03268846384475338 10.959044367165252 -0.02117042628398907 0.03561082369319954 0.9991414726087865 -5.451750576161364
-0.9918927889708741 0.12461365025002416 -0.024902476964085204 45.91186331245878 -0.12541013842663543 -0.9915394663531427 0.033493041724187614 10.954091595017449 -0.020518098532613136 0.036344529650154306 0.9991286617834145 -5.470320101970229
-0.9919021367312205 0.1248657190912229 -0.0232099837112258 45.79217913976429 -0.1255805143390698 -0.9915534592469566 0.03242332299035636 10.925020865850355 -0.01896537809741364 0.035075485046318036 0.9992046961370816 -5.495123045233555
-0.9919651248428365 0.1245343428930374 -0.02227977862846665 45.66586247715644 -0.12519923404118238 -0.9916326614005737 0.031461351514449745 10.903074826410975 -0.01817533743938321 0.033997974701646616 0.9992566211064893 -5.491438455177189
-0.991890935518551 0.1251195800784455 -0.022303872245273786 45.547956883143456 -0.12577555998884807 -0.9915761879002578 0.030938198051706972 10.901104189681307 -0.01824501426776961 0.03349260023033467 0.9992724179042402 -5.50449398986797
-0.9918388512934116 0.1256292910524533 -0.021747972195721586 45.43014908118184 -0.12625932388205982 -0.9915272582397167 0.030533249097978145 10.890399636635891 -0.017727836805790438 0.03302994697683181 0.9992971261866532 -5.49595118100793
-0.9918688500445344 0.12538784841754086 -0.021773189489720204 45.33262278094023 -0.12601537655641512 -0.9915641833578034 0.030341311001988835 10.876436543727992 -0.017785083150762403 0.03283835792476743 0.9993024232263868 -5.503191795676532
-0.9918568260376037 0.12563493924500627 -0.02087818678710102 45.22032483638121 -0.12621188617603818 -0.9915765238820716 0.029095653865112762 10.850334657155434 -0.017046889173677138 0.03149379822847522 0.9993585664027941 -5.507267813481821
-0.9918062535367987 0.12606660279288553 -0.02067769584758736 45.126344811941316 -0.12664189749968105 -0.9915133099024119 0.029380028659779626 10.843150130067087 -0.016798370247900516 0.03175795879191943 0.9993544150152076 -5.510605957737188
-0.99177484061675 0.12639300559994654 -0.020185976692758588 45.04886054040057 -0.12693838113092012 -0.9915007520933847 0.028511506346012495 10.82674952648048 -0.016410756091355116 0.030839369864985092 0.999389623895929 -5.528310172607463
-0.9918359944260561 0.12596501104531044 -0.01985386998139827 44.95973350431897 -0.12650112027482607 -0.9915551130871857 0.028564388316154165 10.823065164905897 -0.01608809280487664 0.03084272528516227 0.9993947666297311 -5.524164636702704
-0.9918209630567104 0.12605757306879692 -0.02001663091690706 44.88726685248362 -0.1266153207212139 -0.9915103959037782 0.029592150536874317 10.816018769605197 -0.0161163829665174 0.03188452738770404 0.9993616157894718 -5.501337654645143
-0.991718575046604 0.12688823764411158 -0.019840439891922825 44.816680659319495 -0.12744659824302523 -0.9913916135925447 0.030000551572460944 10.809133686766842 -0.01586292860145834 0.032280700827923885 0.99935295258995 -5.493017740759274
-0.9918094043932972 0.12618844092652348 -0.019763166080987098 44.73771087411363 -0.12673230252126916 -0.9915062085700036 0.029229469115883287 10.803143313645537 -0.015906880733455548 0.03149469389711023 0.9993773338442612 -5.5171769327298605
-0.991810707427214 0.12620449828161479 -0.019594520821493457 44.67761439947256 -0.12673842385835063 -0.9915140202405576 0.028936474980780558 10.790048006001832 -0.01577632880741833 0.031182884406313397 0.9993891810348319 -5.504244845065145
-0.9917500982461331 0.12662558381259076 -0.01994252122739007 44.617144880039255 -0.12719053287816384 -0.9914184042814048 0.030201258223466632 10.78865101001429 -0.015947130618185805 0.03248860071212568 0.9993448753302436 -5.48768906232837
-0.9917322765457985 0.12676900299407182 -0.019917618762793365 44.5579159336445 -0.1273387940266497 -0.9913883918929055 0.030559580426444712 10.780634284700536 -0.0158720884930041 0.03284320781973894 0.9993344787942532 -5.49151864740799
-0.9917819278655545 0.12640771070785714 -0.01974077589368229 44.506823470295274 -0.12697263402167377 -0.9914337567825438 0.03061137242348545 10.783154385393011 -0.015702158096397294 0.03286634426962731 0.999336402642008 -5.484054633442063
-0.9917643572162079 0.12655367874333412 -0.019688223689497044 44.45919594434463 -0.12711454997551644 -0.9914200412318717 0.03046626049115932 10.781533962253608 -0.01566368219931454 0.032718010946903915 0.9993418738448033 -5.493294998337298
-0.9918299869712659 0.12628686010152212 -0.01802514660900355 44.400046520726534 -0.12677836150068994 -0.9914956607260975 0.029387102894260487 10.773396379194363 -0.014160649694782214 0.031432208433636755 0.9994055694627716 -5.499971272057296
-0.9917372789401305 0.12670825726523524 -0.020054602993699138 44.365231826913416 -0.12727654472103186 -0.9914078918126866 0.030183989388450277 10.772488343351572 -0.016057730982400698 0.03248706807844937 0.9993431541184272 -5.490394717583104
-0.9918204592893498 0.1260963895773332 -0.019795885194489264 44.32638944730154 -0.12666834093615273 -0.9914626202133678 0.03093548325357963 10.77316783640672 -0.01572602745626478 0.03318995714385163 0.999325331814041 -5.483896620874198
-0.9917915131917646 0.1264029400834084 -0.019284478190216288 44.29876027161678 -0.1269421349717057 -0.9914590848962881 0.029909485877309593 10.769945708337305 -0.01533912414789909 0.03211198709032578 0.9993665651578966 -5.502671483945772
-0.9917878640473793 0.1263350012555637 -0.01990728977280185 44.271511053753535 -0.12691078855209487 -0.9914311774428048 0.03094950958351182 10.768849466884465 -0.015826701407051915 0.03322179784614638 0.9993226844570516 -5.48060986761633
-0.991824177386617 0.12606347115774344 -0.019819242947778083 44.231040532129136 -0.12662894247289927 -0.9914819067483293 0.030475227954783985 10.764544001801822 -0.01580860776786767 0.03273575767201374 0.9993390105915446 -5.4787184255119765
-0.9917882933767678 0.12635172909889436 -0.01977932442014206 44.21590535586639 -0.1269194387139553 -0.9914376237873669 0.03070658260682029 10.770223249925493 -0.015730136596135254 0.03296480991259674 0.9993327194233633 -5.488727845197696
-0.9917026725363983 0.12703633954072777 -0.01968699368282038 44.199499871976464 -0.12760127314037678 -0.9913490859488763 0.030739305153001304 10.764193097328498 -0.01561167438588243 0.03299633653037755 0.9993335366125041 -5.493488655642924
-0.9917634614996111 0.12678824589595425 -0.018165272828585134 44.18840727771913 -0.12728229271038738 -0.9914345980437095 0.02926868231222157 10.759148465114174 -0.014298755075109956 0.03133972725683319 0.9994065074326715 -5.50212172061981
-0.9917346389991722 0.12680541984159907 -0.019565053232401562 44.17771626533412 -0.1273615470999582 -0.9913895777472339 0.030425999646274158 10.758224584645804 -0.01553840820342654 0.032666353224158194 0.9993455194463763 -5.497816305392304
-0.9917856974022732 0.12630168755957344 -0.020224098197202278 44.17329395353236 -0.12688809921424626 -0.9914339311740789 0.030954327556978096 10.754336991311556 -0.016141273372384676 0.033266256722281035 0.9993161739197517 -5.476790317251595
-0.9917912326218559 0.12636773674609822 -0.019528082447761917 44.1760310105225 -0.12691939020297763 -0.9914530063582614 0.03020603538478913 10.761637875301291 -0.015544107723597118 0.032436573383002695 0.9993529153518556 -5.492118553830181
-0.9917674228955652 0.12647178153511268 -0.02005660386065611 44.181360466498646 -0.12704713046036942 -0.9914241013762285 0.030614993910233004 10.752598057897446 -0.01601266763769605 0.032911087579591713 0.9993300029467022 -5.488199068578286
-0.9917573689715181 0.12683428329102633 -0.018176514317869166 44.17174109408849 -0.1273367670156256 -0.9914106966521632 0.0298358564429529 10.773208723027123 -0.01423618125427079 0.03190446905572543 0.9993895316629927 -5.4884087244337545
-0.991786357965136 0.12670178530762963 -0.017506506050934654 44.180371338203344 -0.12716927308382936 -0.9914618746176046 0.028832744633081796 10.760361094095764 -0.013703873086933629 0.030822212438517953 0.9994309356242761 -5.501370655277171
-0.9917552774280386 0.12691730093396184 -0.017705039318536217 44.178856992315325 -0.12740011880748364 -0.9914125459053941 0.02950209398023442 10.753359384225083 -0.013808671966273665 0.031514481512748056 0.9994079037277587 -5.497499770906352
-0.9917399122374772 0.12699213082645638 -0.018026235973102656 44.1741977041254 -0.12748644666800185 -0.9913985114780232 0.029600630992012725 10.753396328577509 -0.014112136307802132 0.03165422795320232 0.9993992482794465 -5.5017724131362735
-0.9917831295003103 0.12671852763199903 -0.017568118662774173 44.17870078735555 -0.12720372963338902 -0.9914231976216891 0.02998757050744854 10.758619122204442 -0.013617459598880161 0.031975896740535276 0.9993958709248871 -5.48995760784957
-0.9917446753441349 0.12699489329367636 -0.017742491479088452 44.184789643336394 -0.12749489397369043 -0.9913650583488183 0.030665503349576344 10.763950161547713 -0.013694923774743514 0.03267442673364541 0.9993722183953467 -5.474821818055606
-0.9917592636121239 0.12689554284100452 -0.017637580520788353 44.17446989743987 -0.1273788150268667 -0.9914096926992987 0.029689370222952365 10.764099299069578 -0.013718619533024735 0.031691362056101936 0.9994035506486537 -5.493847078252664
-0.9917445051876722 0.1270328867832755 -0.01747804638877782 44.17955126581538 -0.12752055426710204 -0.9913701796707921 0.03039202360678263 10.761365337791311 -0.013466427494781965 0.03236993257656364 0.9993852324281761 -5.489587391138654
-0.9917436529546619 0.12704862355042806 -0.017411894729930797 44.17521359563679 -0.12753227215268573 -0.9913729382848862 0.030252550239037317 10.747011960414397 -0.013418136372758748 0.032223353182648684 0.999390618890308 -5.483007066593151
-0.9917850059658189 0.1266990265111991 -0.01760280155252201 44.17974719389205 -0.12718842731116434 -0.9914183030969335 0.0302134447309611 10.757129431340381 -0.013623725609990622 0.03220411410847995 0.9993884575754265 -5.488592072952691
-0.9916991744466392 0.12737082758582116 -0.017590329216929764 44.17818947126459 -0.1278542479303246 -0.9913445055290488 0.029822183748594785 10.76162602982645 -0.013639599995175417 0.031823633316554585 0.9994004290946199 -5.495932407030532
-0.9917505629408175 0.12694155119235626 -0.01779504109162022 44.183803667127776 -0.1274336861900874 -0.9913942074741031 0.02996966817972432 10.748083363552242 -0.013837504492541373 0.031990122970600186 0.999392393157837 -5.492928059550424
-0.9917073145592432 0.12717813640932826 -0.018501996355689426 44.179764412891664 -0.12770722624279446 -0.991328471618578 0.030963296396641884 10.75424298949723 -0.014403701436363462 0.033069366153954886 0.9993492634745443 -5.477187298065072
