-0.9902037704570283 0.1387835960737474 -0.015349476653083635 128.80556820843395 -0.13906304090014052 -0.9901023049904146 0.018944558803884334 13.594639569971031 -0.012568358217781022 0.020893518456854682 0.9997027044367753 -3.854225219407444
-0.9902082539215504 0.13879308134913343 -0.014969784074824376 128.15500169462035 -0.1390896585152093 -0.9900565973154315 0.021023819974296778 13.551410595454527 -0.01190297272770525 0.02290010222252317 0.9996668968003497 -3.959113294646864
-0.9902708549152189 0.13865377540373702 -0.01177992682246784 127.01821703170063 -0.13885052817426202 -0.9901505473661294 0.017955937960378938 13.404555400743245 -0.009174242478493718 0.019416891151774033 0.999769385220609 -3.902239005347106
-0.990319292629853 0.13846298287141526 -0.009783129123566688 125.89489433885265 -0.13859333194828397 -0.9902473924268734 0.014212500527766122 13.259151653344105 -0.007719812826814102 0.01543078988579215 0.9998511382955618 -3.675191834030183
-0.9903683402589103 0.13830124197205762 -0.006581458334012696 124.77618790410503 -0.138366504607202 -0.9903223455414891 0.010787148875298157 13.113264190011604 -0.005025889204065839 0.011593903669001624 0.9999201532616794 -3.601363670120919
-0.9904092987689614 0.13812471862921646 -0.0033126815630679395 123.66182839291719 -0.13814458925033765 -0.9903887389061369 0.006798077353682848 12.968061388783559 -0.0023418601709058236 0.007190508628069696 0.9999714087361173 -3.5248051609945006
-0.990446478099638 0.1378900510598064 -0.0014532392507555028 122.56102566359506 -0.13789391515038962 -0.9904424041820099 0.0030201052666811432 12.823920584293097 -0.0010229081485722902 0.0031916449362924264 0.9999943859703363 -3.2668122373293644
-0.9904744543333651 0.13768808323275045 0.0015307469427630841 121.46285990123314 -0.13768847921905578 -0.9904755706613971 -0.00015580691732245547 12.679517060420668 0.001494714837850231 -0.00036508917522128136 0.9999988178291436 -3.156618979802229
-0.9905013108013991 0.1374500112184434 0.003827847912479882 120.37433159250307 -0.13746353186666163 -0.9905005524677636 -0.003525859708622969 12.530229916700641 0.0033068560654418025 -0.004018558493982899 0.999986455404543 -2.95465789510124
-0.9905197873401451 0.13720792407932433 0.006674072068536476 119.2841899338148 -0.1372563463915509 -0.9905076526905052 -0.007435970444387359 12.38448570341335 0.00559044616822105 -0.008281535487157517 0.9999500774192507 -2.8046213292413205
-0.9905287466848092 0.13695279193373444 0.00983534371205229 118.19683103973541 -0.137064162920083 -0.9904928882685794 -0.011715616108750866 12.24202316148427 0.008137351569910172 -0.012952727803423755 0.999882994772626 -2.6786980803220755
-0.9905511607111814 0.13664110813948954 0.011730459531879275 117.12508755979717 -0.13681861626282937 -0.9904674694444539 -0.015964131475885053 12.09630556409062 0.00943728141936074 -0.017418234275954993 0.9998037534016657 -2.402378700148512
-0.9905629792338627 0.13633464973866527 0.01406580112973515 116.05919098749463 -0.13659932175239511 -0.9904249283176016 -0.019977208003914115 11.945797768603907 0.011207534464476797 -0.021710061562154766 0.9997014843179389 -2.1770878487123904
-0.9905557509713023 0.13606855864059797 0.016871565203039143 114.99343511646927 -0.1364335564705021 -0.9903870385938902 -0.022790246919900985 11.794087505316817 0.013608343258024581 -0.024876857599834327 0.9995978940285204 -2.0187170308194347
-0.9905333962888279 0.13581106334217521 0.01997387057386474 113.93355425847597 -0.13629713539414906 -0.9903421963087554 -0.02540507583031583 11.64442234640021 0.016330676861796106 -0.027886956834568204 0.9994776745519454 -1.8924071711902908
-0.9904825151830917 0.1355555842481161 0.02385537227069334 112.87271523558447 -0.13621174598931382 -0.9902713242085963 -0.028444107786964257 11.497793306053898 0.01976753395791654 -0.03142277309956442 0.9993106904244369 -1.8380342560657157
-0.9903878858809679 0.13531227945101645 0.028678045233107276 111.80784812691647 -0.1361996102012251 -0.9901759080979715 -0.0316438878125897 11.363553804481516 0.024114503296231892 -0.03524566180786437 0.9990877015803119 -1.8756618834413556
-0.9903190699019683 0.134968497289611 0.03242910138595761 110.7580789581079 -0.13611129523761162 -0.9900365275708377 -0.036074666548600844 11.226387652734246 0.027237050734492674 -0.040139397224968905 0.998822792290074 -1.7697090425950144
-0.9902350260090188 0.1345607040147214 0.036441932508421725 109.71028470535863 -0.13603440273955697 -0.9898333538907562 -0.04152791369812623 11.09702539659796 0.030483414762132906 -0.04607975052061399 0.9984725413996446 -1.6693979032948691
-0.9901667062762022 0.13418558963214108 0.03954906122703895 108.68567663188804 -0.13593365156464376 -0.9896757358773696 -0.04543101201271347 10.952096376707317 0.033044559169194423 -0.05036032405729838 0.9981843004238552 -1.494520387035962
-0.9900115118717842 0.13390487927744799 0.044121334841803674 107.65151349057888 -0.1359844127858309 -0.9895435319347476 -0.04808165772651817 10.814950017018152 0.03722161287989049 -0.05360120815091881 0.99786845691192 -1.4923257301462112
-0.9899542166561105 0.1335468721701462 0.046431504046752524 106.64504078524773 -0.13586382093823365 -0.9894168257965471 -0.05094472170272186 10.664536929508065 0.03913660349677962 -0.056741304108865014 0.9976215451913357 -1.2329870622386743
-0.989863951796528 0.13320011801417353 0.049265449257557686 105.64037242095029 -0.13579445009528793 -0.989280402266833 -0.05370426273625226 10.518292779376491 0.04158392993276278 -0.05984988876526604 0.9973408519028969 -1.0197023785845172
-0.9897481109598493 0.13284012749912105 0.05246122183642859 104.63554385973632 -0.13576056788677981 -0.9891183060966494 -0.05669261275747068 10.377540310482969 0.04435930023230526 -0.06323357140869959 0.9970124242848809 -0.8407184793448312
-0.9896658464794891 0.13238310268684014 0.05510199303008525 103.64390187871628 -0.13566312332780756 -0.9888890901540964 -0.06077736249770696 10.23173689017069 0.046443863571801025 -0.06762458858674067 0.9966292562719207 -0.5821013932790127
-0.9895820199054275 0.13186745739712546 0.05777881298973253 102.65722194980249 -0.13556037607573143 -0.9886026671296572 -0.06548404813666973 10.08896209038075 0.04848507315176841 -0.07263435528326039 0.9961794263762406 -0.3150638305349993
-0.9894768301062082 0.13140635055211786 0.06056377664501781 101.67780561914849 -0.1354952800106406 -0.9883559012860383 -0.06923607538062297 9.946407128991595 0.050760506491390085 -0.07671359821890893 0.9957602049658125 -0.06981786945207702
-0.9893330711376979 0.13102233293645207 0.06366499769988337 100.70339982355259 -0.13549564450382623 -0.988164231853883 -0.07191925533967881 9.801394002066555 0.05348844523211994 -0.07977842697626332 0.9953765037901279 0.13582753513354717
-0.9890598902280426 0.13077174717209494 0.06825891624493925 99.60355845260247 -0.1356270202129045 -0.9881306828844383 -0.07213225882193793 9.748632626342804 0.058015867646421575 -0.08060087756882309 0.9950566091101367 -0.2867743805932257
-0.9886952295195762 0.13050323346169362 0.07382854094051652 98.49644993328381 -0.13585284696041033 -0.9880523750644923 -0.07277716384676004 9.705455888960596 0.0634488101923414 -0.08198425237336465 0.9946118959257156 -0.7803271825605478
-0.9882606220616598 0.130255993394843 0.07983929272616709 97.38727052394708 -0.13613368014447697 -0.9879817649740651 -0.07320967811613775 9.66111025472848 0.06934376607646427 -0.08321905973072075 0.9941157005626731 -1.3087983423174059
-0.9887550194768943 0.13069106529682253 0.07268664645356322 96.68786230776858 -0.13605772655807535 -0.9878916218158685 -0.07455498141012463 9.579842828165997 0.06206285879167177 -0.08360619172959592 0.9945643328317342 -0.6756995458386719
-0.9898950869362375 0.12891076954247932 0.059073952681436816 95.75133855009436 -0.1332699683878605 -0.988084194584783 -0.07699828995685105 9.257620322681104 0.04844413111317281 -0.08409301240661514 0.9952796235912185 -0.22259660055657093
-0.9904518843962956 0.12812138486398778 0.05089180191828223 94.79886727944256 -0.13182076151052216 -0.9882328047990971 -0.07758353937911047 9.13173734358671 0.040352837672515775 -0.08355135920656608 0.9956860998630822 -0.06171472411748802
-0.9910731615228378 0.1269163227681274 0.04081956036255581 93.89581752566805 -0.13016443638879124 -0.9873628357482538 -0.09039829775592813 9.094175963707603 0.028830697298641392 -0.09490458466056521 0.9950687940993698 0.575267698572123
-0.9912747051309705 0.12603698369577426 0.038589403872942345 92.93300871453113 -0.12895613490856897 -0.9879187009329355 -0.08594746284935888 8.969080516305521 0.02729063449029524 -0.09017388454698706 0.995552052515367 0.548541688485157
-0.9910981387614889 0.12497851099199273 0.04587854950872509 91.95458125300884 -0.12860934996435766 -0.9878456782837792 -0.08729581240169304 8.889280567202565 0.034410825926762936 -0.09241913292509855 0.9951254188014758 0.34561114217754074
-0.9907675880025331 0.12435587900068847 0.053992611642684936 91.04580567778795 -0.12862561298357567 -0.9880840160632995 -0.08453067635510675 8.796786437666654 0.04283735049092277 -0.09069508113078908 0.9949569621194811 0.18139833716602283
-0.990723209042015 0.12323295656873501 0.05728141462536012 90.12161024973575 -0.1277023126881099 -0.9883904301087861 -0.08231937655411257 8.650121123151003 0.04647194042632772 -0.08887069070354146 0.9949584722775413 0.06947815072070007
-0.9906614733097997 0.12237244615560271 0.06012340025533567 89.26118585683004 -0.12697216834384917 -0.9886909935714268 -0.07980088343705646 8.562198299277538 0.04967803461712681 -0.08668965905669036 0.9949959759705663 0.16848053518425488
-0.990793266122698 0.12165462464662649 0.059404167777000125 88.28277865126417 -0.12607957604903713 -0.9889882394324313 -0.07749964510370892 8.512068757764597 0.049321833467873645 -0.08427577796477202 0.9952210550926106 0.10781039154510275
-0.9911220825016697 0.1208484487029265 0.055431666923002595 87.43332521439054 -0.12489905310992291 -0.9892083026932156 -0.07659739173190941 8.419328658809917 0.045576789838637825 -0.08284072902077326 0.995520048403844 0.19613605444777882
-0.9913883953835332 0.11960630578371918 0.05332330295268841 86.56363879759628 -0.1235808036481753 -0.9892007970994819 -0.07880084550750358 8.256489281050467 0.04332237513311075 -0.0847119804363179 0.9954632302971024 0.23626619245462344
-0.9912244064943506 0.12019540530333432 0.05502037273078003 85.66229475443865 -0.12423832881513304 -0.9892483695269777 -0.0771524297249523 8.224974486249494 0.04515544664677233 -0.08331101084132941 0.9955000033928809 0.23474663114104288
-0.990982218557985 0.12059925616370049 0.05839580777976693 84.74625891016797 -0.12487032302147054 -0.9892542384820281 -0.07604903105365166 8.146425227610028 0.048596844104206095 -0.08265514024434412 0.9953926251063033 0.23192244940960194
-0.9910059091813087 0.12102832596028396 0.057091441913048824 83.91404281593613 -0.12529351164017696 -0.9890312633311393 -0.07822209032470358 8.086440331164077 0.04699813251272673 -0.08467174115219828 0.9952998936190496 0.2925676409032594
-0.9910162968518101 0.12148149963234026 0.0559369754841216 83.03292797146352 -0.12569618538053587 -0.9888963971199017 -0.0792740654606256 7.958580795701372 0.04568554055144593 -0.08559295545668151 0.9952822063913539 0.3857921434396392
-0.9909831940806181 0.12194546036246179 0.055512316059750474 82.18472426855155 -0.12611850632778343 -0.9888500494479864 -0.07918146550122476 7.883390515915586 0.04523753631460641 -0.08546863219247372 0.995313357679345 0.41360916307396955
-0.9908758558760676 0.12211278074286348 0.05703954011106126 81.34717366994674 -0.12637066815263623 -0.9888954247901609 -0.078206693405546 7.78466847902218 0.04685610356927885 -0.08470124943757289 0.9953040724577886 0.4345808880459625
-0.9909540002140188 0.12181842846340246 0.056306688576721886 80.5273101432079 -0.12612879890097833 -0.9887280049821333 -0.08067505350375448 7.7329301818258 0.04584429094729421 -0.08704716562552416 0.9951487837071338 0.5025772862258595
-0.9911715194361733 0.12076255227813995 0.054730419797650386 79.71831441311494 -0.12493847728981772 -0.9888781895472537 -0.08068649785181936 7.59711625473256 0.04437781103624989 -0.08681209020978341 0.9952357903530882 0.5671690555587574
-0.9912459485472225 0.11991828093023717 0.05523647418099371 78.92382082088464 -0.12412369250979283 -0.9890105119799342 -0.08032131794968565 7.515411190060808 0.04499745961160899 -0.08647433645576254 0.9952373671571589 0.5660514102023875
-0.9912739458623722 0.11959001094299135 0.05544537314093801 78.16072672851422 -0.12378935013944405 -0.9890967588764333 -0.07977338993118398 7.426913832759568 0.04530073900016195 -0.08594082991406682 0.9952698172470171 0.5573136463306287
-0.9913459746318473 0.11946667492079016 0.0544139404847761 77.35040330884338 -0.1236144737897918 -0.9890511867210582 -0.08060532891854859 7.329446649758946 0.04418852190188868 -0.08663411934333586 0.9952597161059016 0.5890785054654231
-0.9913769197533144 0.11945179665111806 0.053880107723550626 76.5986127925999 -0.12353988099887442 -0.9890853541821859 -0.08029983779115801 7.255110782951322 0.04370006514170546 -0.08626374839475824 0.9953134514820149 0.6867994222336691
-0.9914641732149199 0.11923808518154416 0.052735879005306456 75.83195535056056 -0.12319912446187299 -0.9891820182992248 -0.07962982589044616 7.122902204211676 0.042670475234581985 -0.08544713373435063 0.9954285565933225 0.7639167055201277
-0.9913935229279949 0.1194887415278931 0.05349141998848101 75.03732957949583 -0.12351555940321546 -0.9891395984599001 -0.07966661043571714 7.08745367416181 0.04339121807468642 -0.08558798453889734 0.9953853004329237 0.7701574199151704
-0.9912988008169108 0.11955325576248352 0.05507905568929551 74.29577726161435 -0.12364816846074986 -0.9892431226019659 -0.07816120515381185 6.9905627040239295 0.04514215022506403 -0.08429153335689304 0.9954180661022384 0.7613768162568046
-0.9913974923203469 0.1194458186003729 0.05351364997418668 73.56620793182279 -0.12343296341938234 -0.9892263000100454 -0.07871235297338758 6.896881375999209 0.04353524814664628 -0.08464057685034981 0.9954600208493768 0.8221583105278736
-0.9913418551823393 0.11979365443757986 0.05376628625261909 72.84661057002032 -0.1237785737158939 -0.9892244103956955 -0.07819163153022843 6.817447947951077 0.04382006070226677 -0.08416975155259587 0.9954874424393427 0.8306463608529473
-0.991335337468172 0.11994308216866455 0.053552907176523466 72.11846427112653 -0.12385874115445195 -0.9893054865998084 -0.07703031453525012 6.694063827270354 0.043740932424175746 -0.08299586857288833 0.9955894781833778 0.8880519421971513
-0.9911621116347553 0.12085472551547258 0.0546973356371686 71.37530368233708 -0.12484607861093605 -0.9892120417219604 -0.07663540959097358 6.6282954283894036 0.04484551171255767 -0.08278686182634161 0.9955577406346872 0.8699513994854495
-0.9910905567980153 0.12154044810376406 0.054474175193724765 70.69026389391271 -0.12552430026363823 -0.9891047488616755 -0.07691192923561972 6.538099200647005 0.044532754876838665 -0.08306451925382062 0.9955486559663629 0.8991435679779425
-0.9909605787111947 0.12244154342593709 0.054819643848022924 69.97403131624283 -0.12647835609993935 -0.9889381042948285 -0.07748969588179361 6.478705007724563 0.04472527658590734 -0.08372273284923801 0.9954848797934139 0.9070794486810314
-0.9908162983675858 0.12362438594690199 0.054772890112755324 69.31672973211387 -0.12772181368709232 -0.9886597170959844 -0.07898804961947313 6.407516675984121 0.04438690067717254 -0.08525834040464897 0.995369689612588 1.0004296042124974
-0.9907108251635985 0.1244122498023874 0.05489679642577731 68.62532042000502 -0.12852831783435678 -0.9885376891606313 -0.07920677620347354 6.330050220465803 0.04441325983147333 -0.08552680331496611 0.9953454838732303 0.996260172935088
-0.990267600388391 0.1252334612896149 0.06071786246823039 67.95481402153221 -0.12978609376655248 -0.9884731304956186 -0.07795155750148496 6.239965448183893 0.05025583178044116 -0.08507323553318076 0.995106471491158 0.9206153939152362
-0.9904332876658498 0.12605605034896478 0.05614065077860972 67.29118725035686 -0.13021508428120335 -0.9884214873595839 -0.07789089633837974 6.154824797335324 0.04567200648869645 -0.08445609635556094 0.9953799481304538 0.9917433167974696
-0.990403185259879 0.12670348659311542 0.055206534202413914 66.67341242211717 -0.13083711302786918 -0.9882419178392825 -0.07911738515912377 6.103765275813033 0.04453296335257312 -0.08558117356426055 0.9953354629445812 1.0160403213908715
-0.9905461188907522 0.12649480236183272 0.053079646256645165 66.02054922868552 -0.13050157155043376 -0.9881823184144981 -0.08040555199298256 6.0108463872456515 0.04228148384514743 -0.08657238425803768 0.9953479264280072 1.098489459236589
-0.99058006456027 0.1261228662753496 0.0533306233211151 65.4246560410549 -0.13015330004002812 -0.9882263447386116 -0.080428931425668 5.942450965021582 0.04255879933193265 -0.08661245253343514 0.9953326206314401 1.1368198380272716
-0.9905792992272793 0.1260093763007375 0.05361239403171553 64.83193305795686 -0.13003730335231914 -0.9882928673262644 -0.07979671418026782 5.839789198508839 0.04292961201854051 -0.08601658465839952 0.9953683733849101 1.1601114393273946
-0.9905849384045504 0.12615391408760865 0.05316647930196193 64.2342783565631 -0.13012971056616696 -0.988305918974224 -0.07948374977070567 5.763918661692416 0.04251755982678551 -0.08565394383392635 0.9954173274219416 1.1769957619098719
-0.990434946155897 0.12680422256151683 0.05439960031647651 63.61767129622364 -0.1308349549864317 -0.9883028655422661 -0.07835600053017062 5.724149300738032 0.04382740964949673 -0.08472389074392697 0.9954401169801473 1.1577790525628924
-0.9904070113580882 0.12718468531976393 0.054018674258352675 63.05462589812003 -0.13121803413217947 -0.9881865987689107 -0.07917743081452455 5.634907440001994 0.04331037321721258 -0.08550610620721451 0.99539586023788 1.188804934280526
-0.9903503856348882 0.12783918258268356 0.05350946423425907 62.509478926767436 -0.13184095239681742 -0.9880783794195432 -0.07949258481325383 5.563910003800875 0.04270927735932306 -0.08578025083599695 0.9953982484812146 1.229919904048094
-0.9902282643775581 0.12841958434504808 0.054372714793177686 61.957575064237545 -0.1325222667426241 -0.987935535258657 -0.08013252905314004 5.507187212268324 0.043426151167823876 -0.08655509071996408 0.9953001478160466 1.269655113078679
-0.9901720352737257 0.12879044193637448 0.05451933578333038 61.395212187522965 -0.13288877296244697 -0.9879162875392052 -0.07976200415550924 5.424575690882297 0.043587956294897125 -0.08622311417567442 0.9953218861815892 1.307060150345471
-0.9901494113468338 0.12871746307892137 0.05509946894155218 60.822652104689475 -0.1328323300060835 -0.9879850063745308 -0.07900129690589838 5.32715926554685 0.044268601865279145 -0.08554207859949131 0.9953506127516754 1.2832963446003678
-0.9901694515908125 0.12865967398972408 0.05487399133754514 60.309540605007605 -0.13275905349400288 -0.9879881345341349 -0.07908532636918239 5.242719753878663 0.044039759893476575 -0.08559289291688754 0.9953563964946767 1.3074027266706238
-0.9901089441298813 0.12893142004718777 0.05532604256532242 59.7862251745687 -0.13306560471792236 -0.987952988032598 -0.07900914525853298 5.188960809069324 0.0444727672434155 -0.08558965469682793 0.9953374237367283 1.2975690828227986
-0.990055785196691 0.1293895450154626 0.05520763992335226 59.26334675556852 -0.13357346960776556 -0.9877738823880658 -0.08037968492359528 5.09849029693389 0.044132373643277885 -0.08695464800383675 0.9952342526632105 1.3316011672693655
-0.9898842028677617 0.1307457460952982 0.05508914947680925 58.78472603370313 -0.13492763436331404 -0.987568678824569 -0.08063893398429352 5.057862206575043 0.04386112180189356 -0.0872562520511985 0.9952198444604524 1.349957080019264
-0.9898347316883475 0.1314168760963939 0.05437647990585507 58.2553987652383 -0.1355631012715946 -0.9874281400407967 -0.08129148393981776 4.9710083848487905 0.043009794738763 -0.08783657357569974 0.9952059514885232 1.3754100344705211
-0.989680500809549 0.1324408860823922 0.05469845710350552 57.7669571803273 -0.1366327231755987 -0.987243174970776 -0.08174601612663823 4.905079348636562 0.04317416399076243 -0.08837603669165349 0.9951510770325303 1.3808257995709408
-0.9895391784809877 0.1333860129761971 0.05495797823507551 57.277277863320734 -0.13765045171540682 -0.9870021522789232 -0.08294033944544435 4.844523775579961 0.04318056123864619 -0.08963770492570078 0.9950379449838287 1.412369476038383
-0.9895004763970522 0.13379869444928796 0.05465094565969189 56.815776972570966 -0.13805384749818217 -0.9869078981574873 -0.08339030919058191 4.786145725863653 0.042777934551987584 -0.09005952557721413 0.9950172517760376 1.4279948862261467
-0.9895329093043584 0.1336393874402837 0.05445298999345885 56.33948844744376 -0.1378724727394704 -0.9869423562407105 -0.08328242602462307 4.7225651801831825 0.04261214888906595 -0.08991827275534357 0.9950371395471022 1.4542112184450646
-0.9895382538662114 0.13335843272671966 0.05504156985711543 55.875671950560815 -0.13767011708299184 -0.986922226757614 -0.08385381965763877 4.6553675117049975 0.04313913343477231 -0.09055414616164366 0.9949567622630939 1.4550226464962286
-0.989546142718235 0.13293847839383194 0.055908832485430854 55.406313311060295 -0.13735662203398358 -0.986914635958404 -0.08445509117419406 4.569496716409476 0.04394991471108715 -0.09125165499007523 0.9948575514254622 1.4730966282465436
-0.9895629569788474 0.1325953140088369 0.05642367054459242 54.96610176824876 -0.13712495788123927 -0.986824085414057 -0.08587760206758283 4.536115307030196 0.044293269977805326 -0.09271838647806895 0.9947066913073204 1.481282993761388
-0.9897147880162707 0.1315606934779589 0.0561819980121105 54.51934336036517 -0.13610042647180665 -0.9869074499653321 -0.08654687914544937 4.46976057143861 0.044060265870471606 -0.09330311161987943 0.994662361911525 1.5242248581708804
-0.9899194108300842 0.13012301346813943 0.05592459660198261 54.11495044548538 -0.1346563231148369 -0.9870785440865075 -0.08685397687512214 4.398195187598146 0.04390026865128272 -0.09350903716793854 0.9946501030993712 1.5345989345944364
-0.9901454472835973 0.12862488929724833 0.05538626905687375 53.74239714116125 -0.13312260550870122 -0.9872653640245338 -0.08709457192311842 4.365747023003735 0.043478415186439495 -0.09360945989969942 0.9946591814986045 1.572522604463206
-0.9903068657191709 0.12699396470960722 0.05625692576373487 53.32188037885558 -0.13161765101530934 -0.9873886718772779 -0.08797959678888714 4.318544441398556 0.04437457444733668 -0.09453119757885368 0.994532431897739 1.5836014839646948
-0.9904889260871698 0.1256545017744728 0.05605926567377743 52.935885797448435 -0.13024899657604022 -0.987598907756465 -0.08765615218121561 4.260862878012533 0.04434967919307346 -0.09412410941306938 0.9945721437558319 1.6056135287461997
-0.9907264252600374 0.12385708958195968 0.05586216185954751 52.58662494389757 -0.12843052503551322 -0.9878523663787591 -0.08748310849338353 4.230048010555889 0.044348164910556494 -0.09384623860045527 0.9945984743714839 1.602318965305587
-0.9908802863337294 0.12235558924695394 0.05643899347090127 52.237332169796815 -0.12698683218298115 -0.9880405508475666 -0.0874655010873917 4.204205455798495 0.045062120547329894 -0.09383485476987999 0.9945674603877976 1.6325828955325337
-0.9910528312246911 0.12046873622738488 0.0574592831785908 51.895496524468655 -0.12513844335857388 -0.9883949324546154 -0.08611524948003171 4.159109446574982 0.046418268410420675 -0.09253512842434164 0.9946268574645879 1.6007543472632912
-0.9912899399233833 0.1184961992580652 0.05747088004486957 51.5618076220737 -0.12315624703448978 -0.9886735594829578 -0.08577367423437075 4.108008501453117 0.046656084750478985 -0.09210448651632236 0.994655706854871 1.6253990582951152
-0.9912824203201935 0.11663412873597337 0.06128334584808227 51.24188249530726 -0.12172141531485471 -0.9887314274463423 -0.08714391987964552 4.083843922534242 0.05042881612812071 -0.09384372782838712 0.9943089478592297 1.646922578253104
-0.9914197936621086 0.11458467373525749 0.0629059087148123 50.924570138380204 -0.11988620329710854 -0.9888606067218862 -0.08821564792294487 4.048254364229865 0.05209701407767718 -0.09500028208399414 0.9941130953084002 1.6616840073837125
-0.991591209547549 0.11250514830465042 0.06394898830673187 50.67702120999168 -0.11790685007632123 -0.9891061524179766 -0.08813059245879543 4.024147546247006 0.053337191795966826 -0.09492954218905805 0.9940540880299977 1.6774356185046813
-0.9917850082703723 0.11117543162565934 0.06326547616103707 50.40179405001854 -0.11651694158713809 -0.9892683044340187 -0.08815906309860713 4.005509603636939 0.052785407827198115 -0.09480633836144783 0.9940952928096398 1.6980236536135518
-0.9918780131175533 0.11002469282708799 0.06381669460964955 50.130557840087924 -0.115451132888556 -0.9893440250977166 -0.08870982502788326 3.985390264230423 0.05337639392727462 -0.0953570361121935 0.994011066329199 1.6818634918154576
-0.9916994219715944 0.11100989664564248 0.06487719890048148 49.92168240298558 -0.11653871579623289 -0.9892111019434335 -0.08877009005100896 3.9660260635387745 0.054322886757145965 -0.09559395542880118 0.993937028658472 1.6986141497845537
-0.9914927523309457 0.11264395777563506 0.0652185629862334 49.66809398620288 -0.11829465108146293 -0.9888483610965744 -0.09047263770357211 3.9522411847869723 0.05430007385879677 -0.09741796954267956 0.9937611623829262 1.7667704309863606
-0.9912068276368379 0.11501592168030501 0.06542454054873673 49.460834959575045 -0.12075433429287837 -0.9884260555179821 -0.09182771745215981 3.9458731637854054 0.054105671103244074 -0.09892055806009922 0.99362332089755 1.833289400262096
-0.990897008921576 0.11698664928566481 0.06661263914782789 49.229076117766056 -0.12275456454363151 -0.9883176031679118 -0.0903306965848251 3.941412250921921 0.05526695844445385 -0.09768542174076944 0.9936816030159986 1.8081016582907203
-0.9907323731619319 0.11803009631613381 0.06721795460872498 49.01208455697105 -0.12378580606946418 -0.9883002853509956 -0.08910457240457874 3.9406571771784087 0.055914502474318124 -0.09659941693512836 0.9937515355583901 1.7333067793037724
-0.9907833292158019 0.11845598141472878 0.06570067353765043 48.79457551353266 -0.12404198771323698 -0.9883037455335403 -0.08870903564980312 3.9113905103631303 0.05442410553661504 -0.09604107352508104 0.9938883906053008 1.7097671594678108
-0.9908659659352446 0.11842044791812054 0.06450765831488406 48.58890169182544 -0.12399652337653212 -0.9881313891100952 -0.0906709769913744 3.893689765650719 0.05300474331148179 -0.09784151358474692 0.9937894856764491 1.7635746766577522
-0.990956814037074 0.11807054975160346 0.06374909137621172 48.42512726672842 -0.12372265275574543 -0.9879000143739181 -0.09352145902839665 3.8814243667909807 0.051935597611879214 -0.10056293575796431 0.993574252632387 1.8251216852730163
-0.991020119882282 0.11793710596143206 0.06300767050695244 48.245482826025096 -0.1235280288086465 -0.987900137319103 -0.09377713549474807 3.852981619745756 0.05118548265992622 -0.10071823747369514 0.9935974464039903 1.8754302484637346
-0.9909983010690845 0.11822363490789867 0.0628134737060428 48.05768832177809 -0.12369972846217664 -0.9880510832197057 -0.09194252863935412 3.832172509979042 0.051193141418467224 -0.09888489592942083 0.9937811826507557 1.8565059676118247
-0.9909359493096929 0.1183525780866852 0.06355002202899117 47.89159589754547 -0.12384107474016277 -0.988140023794725 -0.09078916199781543 3.8221067289566655 0.05205118811513987 -0.09783635449157757 0.9938403897182952 1.8208142797784674
-0.9909311270832335 0.11846720150554416 0.06341150163804062 47.7111117450534 -0.12396941430971482 -0.9880751470499142 -0.09131866040368147 3.811519138764294 0.051837061504460234 -0.09835158889776982 0.9938007300455253 1.8380814714698825
-0.9909580477951663 0.11861178886038229 0.06271679251526553 47.55427539876475 -0.1240490166152624 -0.9880580361261017 -0.09139562739503854 3.7960760959306024 0.051127232752076264 -0.09834918896124019 0.993837739712302 1.8489978147380057
-0.9909636165389528 0.1190758314218452 0.06174183081027085 47.39693787918956 -0.12444092425178693 -0.9879620323733582 -0.09189924969489667 3.779381241324362 0.050055605092631704 -0.09875202526271205 0.9938523365965638 1.855171761114474
-0.9910065249206361 0.11914891720333849 0.060906499491075 47.225735434478935 -0.12446418924753912 -0.987896642873216 -0.09256825080099408 3.7521843159868515 0.049139918068083766 -0.09931642556244133 0.9938417987050091 1.8551098632771685
-0.991095707084316 0.11872041908765073 0.0602889437936741 47.08928523569889 -0.12398245811848434 -0.9879439723720186 -0.09270952915037285 3.7417592797479573 0.048555585283576855 -0.0993587841392836 0.9938662795622503 1.8779734195052038
-0.9912745608811687 0.11771212355330778 0.059317843246879005 46.91914067389119 -0.12285736692591792 -0.9881299871312276 -0.09222358049709503 3.721780719698762 0.0477579058269571 -0.09870652553053333 0.9939699207337569 1.8857592095650286
-0.9913855293062316 0.11716202522953101 0.05854728835640445 46.769321488941195 -0.12220991302362538 -0.9882552444662662 -0.09174042443035746 3.696606669403403 0.04711116934730462 -0.09810519563694454 0.9940603166335784 1.9190803311544071
-0.9914334275880722 0.11662685030161886 0.05880427490882831 46.623090658452114 -0.1216819392085287 -0.9883587471580103 -0.09132625827156786 3.697826147107076 0.04746862606792059 -0.09769931904089468 0.9940832792066818 1.912039996734772
-0.9914310782432065 0.11611513413921838 0.059847281578254884 46.47766689444185 -0.12123220417098424 -0.9884927100974491 -0.09047046493597984 3.69029335240929 0.04865361151246333 -0.0969506476664288 0.9940992853135608 1.9041210582629926
-0.9914483018857816 0.11565620102471277 0.06044754176653795 46.33240261864209 -0.12079614248923859 -0.9886137981335695 -0.08972761937144909 3.6853192571831075 0.04938171780362226 -0.09626212740625305 0.9941303024593329 1.8893024928922975
-0.9915600685662528 0.11483791162659962 0.0601737057583894 46.20978093330446 -0.11995822857798394 -0.9887076422013319 -0.08981775990480148 3.679332142796814 0.04917971778728961 -0.0962780407163636 0.9941387707839955 1.8827157327232689
-0.9917024403963774 0.1137255892378719 0.05993959632759519 46.07280373023597 -0.11888681703406309 -0.9887251035065797 -0.09104167112962674 3.6576907564154535 0.048910014914870535 -0.09741227790164479 0.9940415820183657 1.8796667603639259
-0.9918507548350204 0.11283824479180114 0.059157437602977606 45.95065063617919 -0.11800009407136333 -0.9886888445613733 -0.09257616119645397 3.6518917937140163 0.048042167820338134 -0.09880231831341471 0.9939467021614979 1.9002194300608162
-0.9919028014091436 0.11262768546026176 0.058684155505079445 45.83381964835519 -0.11776317323539283 -0.9886781785932403 -0.09299079841684885 3.611746075940295 0.04754640569838071 -0.09914866002389 0.9939360542405534 1.9154453232144864
-0.9919166101912583 0.11292852655239793 0.05786694733485771 45.7248747231511 -0.11800231403690709 -0.988608518251796 -0.09342729506470543 3.5980796459615085 0.04665714875888345 -0.09950052374314149 0.9939430384164678 1.9239891558502213
-0.991919253619919 0.11285604165432325 0.057962916714866364 45.61342662832915 -0.1179370720132857 -0.9886214720840335 -0.09337257602776 3.588742944657743 0.04676572395597646 -0.09945403533653525 0.9939425798848948 1.9258554383822082
-0.9920000713370255 0.11199699724810946 0.05824549208457705 45.52982345747539 -0.1171068757957501 -0.9887244892606817 -0.09332664543070107 3.5767433915068985 0.04713644046040908 -0.09940098239599464 0.9939303799126257 1.9375103198409382
-0.9920857732309493 0.11104146827920199 0.058614103327123135 45.45188744082336 -0.11618495859738762 -0.9888456094898741 -0.0931955942349388 3.5808365640580124 0.04761172295879856 -0.0992681017124994 0.9939210050021071 1.9428593994522378
-0.9921062148580297 0.11060350329211738 0.05909420774927439 45.37458624962507 -0.11579645592931968 -0.9888907205181717 -0.09320043204373228 3.585172111558519 0.04812941924336272 -0.0993076299550692 0.9938921265113504 1.9398477679398631
-0.992009032179833 0.1112932020101403 0.05942979133320113 45.3245824259718 -0.11650908105072591 -0.9888230267419863 -0.09303044466710306 3.5851254194947533 0.04841188945609901 -0.099211150097385 0.9938880382126556 1.93510144616606
-0.9918818994413965 0.11250470881206963 0.059270421808395285 45.25193691533938 -0.11769904522030902 -0.9886855539628663 -0.09299364321621754 3.5651896280086897 0.04813758662416562 -0.09921478708666355 0.9939010037620745 1.942160743136884
-0.9917274744812652 0.11375355945792048 0.059470467851157935 45.191962655975175 -0.11897705416751966 -0.9885067898941479 -0.09326727704440527 3.560333940167551 0.048177476964828034 -0.09957134288413627 0.9938634124779031 1.9483307724476475
-0.9915503871569578 0.11535609033753846 0.05933633144323693 45.160619791407775 -0.12056412449561159 -0.9883082919082605 -0.09333276542137862 3.5586422819547705 0.0478760861517141 -0.09969797251999127 0.9938652829944508 1.9605639348586879
-0.9913611259671167 0.11700124923928519 0.059277551436988145 45.10997623378715 -0.12220570058752633 -0.9880914987765592 -0.09349308122784233 3.563651927291848 0.047632837363595755 -0.09992946238768186 0.9938537179804285 1.974877602694657
-0.9911516409304881 0.11850570214877985 0.05978981062092157 45.08746329093021 -0.12374835640064197 -0.9879155788126873 -0.09332286537613736 3.527883806456267 0.04800799394507883 -0.0998960008428349 0.9938390329506812 1.9426501751133136
-0.9909258284251873 0.12035085724066112 0.05984712854686836 45.05988730022519 -0.1256044078955113 -0.987659338585746 -0.0935550988923725 3.536118257655011 0.04784913988392461 -0.10022322350628303 0.9938137442530818 1.9530655076524637
-0.9908719680088176 0.12099668428268397 0.05943517129969535 45.04001250907473 -0.12620171263502492 -0.987593100852262 -0.09345053757091218 3.5402753787301195 0.047390560224855834 -0.10009833115205082 0.993848309339476 1.9525442128893467
-0.9906662111550747 0.12255544621593135 0.05967094785174995 45.01564322860321 -0.12777265162267057 -0.9874036487193905 -0.09331765674430355 3.5551979028027914 0.04748272459167068 -0.10007096654697706 0.9938466606775436 1.959609598443027
-0.9905653113540305 0.123355064135181 0.059698262085091706 44.97189464572049 -0.12858405746271945 -0.9872751359587449 -0.09356250680589748 3.553252426537555 0.04739720177460517 -0.10035601335461183 0.9938220073526794 1.9669883274769386
-0.990467451297653 0.12410475496641053 0.059768229734081385 44.957823919183824 -0.1293465088329503 -0.9871592007942982 -0.09373468676854779 3.530742953189539 0.04736783790796995 -0.10057196673474253 0.9938015707379614 1.9553056099386534
-0.9902634120013247 0.12561597963342827 0.05999167766897672 44.94629715998956 -0.1308741716205334 -0.9869599513537196 -0.0937123732174786 3.529944549705845 0.047437612026991635 -0.1006512963289499 0.9937902126012803 1.9503241767810913
-0.9900363478542824 0.1275760006882178 0.05960188270082063 44.920828965850085 -0.1328083605929276 -0.9866609568921582 -0.09413872744707366 3.547250943677825 0.046797007690541015 -0.10111639347783824 0.9937733702596349 1.964415001853033
-0.9899308123037471 0.12829422414081293 0.0598129316268062 44.91681867089964 -0.13353548521155822 -0.9865831006142062 -0.09392581238812484 3.5535086925063677 0.04696028790177066 -0.10096720831209188 0.993780834665512 1.966103681851819
-0.9898909985616487 0.12849411554480966 0.060042308567365046 44.887285129083935 -0.13376939929889065 -0.9865283707771565 -0.09416750726016367 3.532617431739414 0.04713347098814012 -0.10124739043032567 0.9937441286223629 1.960205108339566
-0.9898678526543285 0.1286511965616439 0.06008747945921763 44.89389360915496 -0.13391224201590582 -0.9865456930487145 -0.09378226316789709 3.5348757863079268 0.047213844135404984 -0.10087849445794654 0.9937778334934964 1.955116788912333
-0.9898640571269074 0.1287824418564758 0.0598685183959309 44.88829756481578 -0.13401858047677526 -0.9865359029431279 -0.09373328322929708 3.527132042778753 0.04699124063877649 -0.10080670748115866 0.9937956711792278 1.9560894181135629
-0.9898596405425423 0.12874402254804918 0.060023944542311164 44.8824280537251 -0.13398802114225608 -0.9865560216373565 -0.09356505640594621 3.540019226575863 0.04717104136132847 -0.10065876976801727 0.9938021502148314 1.9472791396087779
-0.9899185557490671 0.12831390685379823 0.059973346808789935 44.890807375145585 -0.13355329023238546 -0.9866168492651649 -0.0935451855310511 3.5438352143707137 0.047167565357487486 -0.10061175883252892 0.9938070722451311 1.9433814042780009
-0.9899023928754008 0.12810591497212281 0.06068045525284205 44.87772883754579 -0.13342585209630375 -0.9866173840968199 -0.09372123976367486 3.570248403038745 0.047862146721420265 -0.1008712217364654 0.9937475549280056 1.9482801449404166
-0.989971361765983 0.12752695812045148 0.060774824869164204 44.877519242503574 -0.13286725671139393 -0.9866752549844985 -0.09390540343573198 3.5605917428957916 0.0479895461662844 -0.1010386470406621 0.993724403614897 1.957102562486292
-0.9900477837887894 0.12708236356470606 0.06046040859127962 44.89379698924824 -0.13238165535235288 -0.9867615752506175 -0.09368396605206201 3.541414560491524 0.047754428804327516 -0.10075545184443946 0.9937644809448555 1.9661742129783555
-0.990019110670606 0.12723897021734493 0.06060042927067767 44.87963146262016 -0.13254045442107631 -0.9867627709323699 -0.09344659248752525 3.5567019605995336 0.047908198829275474 -0.1005459225632516 0.9937783100481998 1.9615786930474082
-0.9899585693427724 0.1276141157988468 0.060800314189114586 44.877741755077786 -0.1329498833391737 -0.9866775580372218 -0.09376419261245231 3.5815489684450954 0.04802467178164573 -0.10090605687804699 0.9937361815517242 1.951061051915418
-0.9899522885169482 0.1276378572561889 0.060852667444454285 44.88503786476602 -0.1329649294838758 -0.986702813199766 -0.09347665425003703 3.57021232382347 0.04811233855631826 -0.10062869868899976 0.9937600673292686 1.950946528596221
-0.989965108941549 0.1275386334643316 0.06085215563529191 44.879449619235025 -0.13286837768025658 -0.9867111301672402 -0.09352617489146654 3.585742541189769 0.048115299091298705 -0.1006729726760197 0.9937554400506361 1.9619983348955197
-0.9899928367149257 0.12733358168780504 0.06083043542746203 44.88339165218955 -0.13267823021216613 -0.9867044895602078 -0.09386552316191112 3.584449738320342 0.048069429952641275 -0.10099706869940703 0.9937247705291362 1.9657851241213882
-0.9899740462613148 0.12736951662879012 0.06106057753914352 44.87465462400726 -0.13271845949314215 -0.986735989289508 -0.0934767465675933 3.586620792094119 0.04834458215587638 -0.10064341639134991 0.9937473084115018 1.94914487514139
-0.9900231138035245 0.12709483368678123 0.060836914549246716 44.8917401208132 -0.13242301668369635 -0.9867738932642011 -0.0934955906016493 3.5699563281785647 0.04814947241347231 -0.10061900723106004 0.9937592437760464 1.953022470012579
-0.9899802411628472 0.1273267294957701 0.061049392215803855 44.88319099289161 -0.1326896144169535 -0.9867107302536772 -0.09378383430379293 3.5974756117836515 0.04829690152376602 -0.10094475994656177 0.9937190536416151 1.9445269417577302
-0.9900424816451703 0.1269685712840684 0.06078534235626477 44.886119974724984 -0.1322954885942348 -0.9867841055867055 -0.0935683704412074 3.586714523876652 0.04810176798445622 -0.10067828581050982 0.993755553638554 1.961766652402896
-0.9900962531336487 0.12656454510331752 0.06075212387157483 44.87992225110652 -0.13188472477848406 -0.9868483131399923 -0.09347104196766606 3.582567281042844 0.04812301105502294 -0.10055760489577881 0.9937667501011592 1.9568146558063333
-0.9901318121673224 0.12617711529887804 0.060978185624226994 44.87544763256004 -0.13151304594542776 -0.9869140691182515 -0.09330025071821332 3.5827044721243766 0.048407873814811694 -0.10039897056964563 0.99376894652323 1.9570896055439526
