1 0 0 0 0 1 0 0 0 0 1 0
1 0 0 0.5 0 1 0 0 0 0 1 0
0.9999951 0.00021477096 0.0031234682 0.52133843 -0.00020361765 0.9999936 -0.0035706905 -0.098616735 -0.0031242151 0.0035700371 0.99998875 0.43997645
0.9999804 0.00044069039 0.0062461191 0.54402983 -0.00039607739 0.99997442 -0.0071419541 -0.1988082 -0.0062491067 0.0071393401 0.99995499 0.87952921
0.99995589 0.0006777532 0.0093678822 0.56807252 -0.00057737488 0.99994244 -0.01071371 -0.30057316 -0.0093746042 0.010707829 0.99989872 1.3186484
0.99992158 0.00092595404 0.012488687 0.59346482 -0.00074750604 0.99989767 -0.014285878 -0.40391032 -0.012500637 0.014275422 0.99981996 1.7573243
0.99987748 0.0011852873 0.015608464 0.62020499 -0.00090646703 0.99984012 -0.017858377 -0.50881836 -0.015627135 0.017842041 0.99971869 2.195547
0.99982357 0.0014557472 0.018727141 0.64829128 -0.0010542543 0.99976977 -0.021431127 -0.61529594 -0.018754028 0.021407603 0.99959492 2.6333067
0.99975987 0.0017373275 0.02184465 0.67772188 -0.0011908644 0.99968664 -0.025004047 -0.72334166 -0.021881245 0.024972029 0.99944865 3.0705936
0.99968637 0.002030022 0.024960918 0.70849499 -0.0013162944 0.99959073 -0.028577057 -0.83295409 -0.025008715 0.028535239 0.99927989 3.5073979
0.99960307 0.002333824 0.028075878 0.74060875 -0.0014305414 0.99948203 -0.032150076 -0.94413179 -0.028136368 0.032097151 0.99908864 3.9437098
0.99950998 0.0026487267 0.031189457 0.77406128 -0.0015336028 0.99936055 -0.035723024 -1.0568732 -0.031264133 0.035657687 0.99887491 4.3795196
0.9994071 0.002974723 0.034301586 0.80885067 -0.0016254763 0.9992263 -0.039295819 -1.1711769 -0.034391941 0.039216764 0.99863869 4.8148174
0.99929443 0.0033118056 0.037412194 0.84497498 -0.0017061599 0.99907927 -0.042868382 -1.2870413 -0.037519719 0.042774304 0.99838 5.2495936
0.99917198 0.0036599667 0.040521212 0.88243224 -0.0017756516 0.99891947 -0.046440632 -1.4044647 -0.040647399 0.046330226 0.99809884 5.6838385
0.99903974 0.0040191987 0.043628569 0.92122044 -0.00183395 0.99874691 -0.050012488 -1.5234456 -0.043774909 0.04988445 0.99779522 6.1175422
0.99889772 0.0043894933 0.046734196 0.96133757 -0.0018810538 0.99856158 -0.053583869 -1.6439822 -0.046902179 0.053436895 0.99746914 6.550695
0.99874592 0.0047708422 0.049838022 1.0027815 -0.0019169618 0.99836349 -0.057154696 -1.7660728 -0.050029137 0.056987482 0.99712061 6.9832874
0.99858435 0.0051632369 0.052939977 1.0455503 -0.0019416732 0.99815265 -0.060724888 -1.8897158 -0.053155715 0.06053613 0.99674964 7.4153095
0.99841301 0.0055666685 0.056039991 1.0896417 -0.0019551876 0.99792906 -0.064294363 -2.0149093 -0.056281841 0.06408276 0.99635624 7.8467517
0.9982319 0.0059811279 0.059137995 1.1350535 -0.0019575046 0.99769273 -0.067863043 -2.1416515 -0.059407445 0.067627291 0.99594041 8.2776044
0.99804103 0.0064066057 0.062233918 1.1817837 -0.0019486241 0.99744365 -0.071430845 -2.2699407 -0.062532456 0.071169644 0.99550217 8.7078579
0.9978404 0.0068430923 0.065327691 1.22983 -0.0019285463 0.99718184 -0.07499769 -2.3997748 -0.065656804 0.074709738 0.99504153 9.1375025
0.99763002 0.007290578 0.068419245 1.2791902 -0.0018972718 0.99690731 -0.078563498 -2.5311519 -0.068780418 0.078247494 0.99455849 9.5665287
0.99740989 0.0077490525 0.071508508 1.3298619 -0.0018548011 0.99662005 -0.082128187 -2.6640703 -0.071903228 0.081782832 0.99405306 9.9949268
0.99718001 0.0082185057 0.074595412 1.3818429 -0.0018011353 0.99632008 -0.085691678 -2.7985277 -0.075025164 0.085315673 0.99352527 10.422687
0.9969404 0.0086989268 0.077679887 1.4351309 -0.0017362756 0.99600739 -0.089253891 -2.9345223 -0.078146155 0.088845936 0.99297511 10.849801
0.99669106 0.0091903051 0.080761863 1.4897235 -0.0016602235 0.99568201 -0.092814744 -3.072052 -0.08126613 0.092373542 0.99240261 11.276257
0.99617866 0.0095005192 0.086820582 1.4360004 -0.0013635482 0.99563671 -0.093304235 -3.1201409 -0.087328197 0.092829304 0.991845 11.251738
0.99562933 0.0098135113 0.09287592 1.3821413 -0.0010638878 0.99559126 -0.09379189 -3.1682309 -0.093386882 0.093283147 0.99125029 11.227522
0.99504307 0.01012927 0.098927652 1.3281481 -0.00076125331 0.99554565 -0.094277691 -3.2163222 -0.099441958 0.093735055 0.99061851 11.203609
0.99572673 0.0096426075 0.09184384 1.5082967 -0.00079097084 0.99538781 -0.095929603 -3.2723751 -0.09234525 0.095447024 0.99114188 11.066465
0.99692345 0.011300302 0.077562488 1.3467619 -0.0036019266 0.99511224 -0.098684612 -3.3172652 -0.078298548 0.098101629 0.99209143 10.156261
0.99757243 0.01197592 0.068599011 1.2511766 -0.0051347161 0.99506937 -0.099048366 -3.2864806 -0.06944697 0.098455683 0.99271526 9.4992941
0.99824458 0.01303133 0.057774942 1.1836025 -0.0065168268 0.99373833 -0.11154221 -3.222802 -0.058866718 0.1109699 0.99207882 9.0117311
0.99841004 0.013856561 0.054638742 1.1390533 -0.0079760533 0.99429042 -0.10640937 -3.1942103 -0.055801245 0.10580438 0.99282005 8.8088486
0.99801255 0.015002691 0.061203427 1.1615364 -0.008372555 0.99420431 -0.10718068 -3.2365447 -0.06245671 0.10645524 0.99235399 9.2283935
0.99741848 0.01571943 0.070066222 1.2621334 -0.0083433802 0.99450592 -0.10434735 -3.3024742 -0.071321553 0.10349338 0.99206973 9.7898824
0.99711653 0.016882934 0.073983722 1.2870319 -0.0092610811 0.99472308 -0.10217744 -3.3457306 -0.07531837 0.10119765 0.99201118 9.963254
0.99678949 0.017722853 0.07808077 1.3700431 -0.0099270312 0.99502575 -0.099122168 -3.3488623 -0.079449104 0.098028825 0.99200715 10.301058
0.99680488 0.018369839 0.077734029 1.2894259 -0.01085507 0.99532086 -0.096013256 -3.2972254 -0.079134049 0.094862673 0.9923401 10.159384
0.99705719 0.019144099 0.074232493 1.2925477 -0.012017706 0.99537746 -0.095285292 -3.2746959 -0.075713502 0.094112781 0.99267832 9.8733666
0.9971888 0.020423421 0.072092819 1.2817963 -0.013277121 0.99507335 -0.098248417 -3.3291336 -0.073744211 0.097015036 0.99254716 9.6773049
0.99710474 0.01989197 0.073392424 1.2909893 -0.012706908 0.99519372 -0.09709784 -3.4029816 -0.074971147 0.095884126 0.99256514 9.7939868
0.9968891 0.01954103 0.076356263 1.2928978 -0.012147711 0.99529585 -0.096117663 -3.5242923 -0.07787531 0.094891096 0.99243696 10.035932
0.99702123 0.019088778 0.07472808 1.3174231 -0.01169591 0.99510333 -0.098145645 -3.6225671 -0.076235642 0.096979279 0.99236241 9.9075729
0.99710695 0.018633338 0.073692127 1.28509 -0.011246181 0.99498237 -0.099416294 -3.783259 -0.075174824 0.098299923 0.99231339 9.8512802
0.99717703 0.018188708 0.072850156 1.2827034 -0.010869905 0.99496538 -0.099628009 -3.8880961 -0.074295488 0.098554888 0.99235433 9.8013466
0.99707492 0.018027535 0.074273912 1.2996478 -0.010656444 0.99508313 -0.098468261 -3.9931299 -0.075683857 0.097388738 0.99236454 9.9136922
0.99713463 0.018268347 0.073408449 1.2956318 -0.010846898 0.99490286 -0.10025293 -4.03387 -0.074865731 0.099169418 0.99225025 9.8543693
0.9972102 0.019306437 0.072104593 1.2736504 -0.012013167 0.99489025 -0.10024511 -4.0705001 -0.073671532 0.099099238 0.99234664 9.7607251
0.99715446 0.02012345 0.072649999 1.2803308 -0.012840795 0.99496944 -0.099352531 -4.0808103 -0.074283845 0.098136936 0.99239662 9.7669618
0.99715328 0.020452362 0.072574327 1.3086204 -0.013225358 0.99502947 -0.098698729 -4.1383822 -0.074232217 0.09745794 0.99246739 9.7410698
0.99725131 0.0205654 0.071182117 1.2714011 -0.013418579 0.99495095 -0.099461329 -4.2224062 -0.072868177 0.098232778 0.99249209 9.6506633
0.99726346 0.02059664 0.071002567 1.2907749 -0.013460822 0.99494129 -0.099552196 -4.2896398 -0.072693826 0.098324015 0.99249584 9.6745665
0.99727489 0.020824348 0.070775285 1.2758192 -0.013716695 0.99494633 -0.099466836 -4.3879653 -0.072488942 0.098224975 0.99252063 9.637584
0.99720265 0.020577814 0.07185706 1.2520245 -0.01336011 0.99494606 -0.099518102 -4.4473423 -0.073541763 0.098279697 0.99243776 9.6632153
0.99707472 0.02053939 0.073621546 1.2765102 -0.01325073 0.99508278 -0.098156397 -4.5450629 -0.075275605 0.096893723 0.99244405 9.7490101
0.99716206 0.020632266 0.072402609 1.2717937 -0.013411049 0.99501282 -0.098841466 -4.6258806 -0.074080847 0.097589964 0.99246573 9.6545763
0.99716823 0.020267655 0.072420648 1.2941604 -0.013107558 0.99509919 -0.098009156 -4.723882 -0.074052143 0.096782359 0.99254695 9.6519116
0.99714744 0.020123196 0.072746464 1.2916981 -0.013000427 0.99519054 -0.097091611 -4.8410383 -0.074350387 0.095868916 0.9926133 9.6722947
0.99709484 0.019233122 0.073701844 1.2802582 -0.012039678 0.99522799 -0.096831229 -4.9671877 -0.075212505 0.095662572 0.99256826 9.6953981
0.99713703 0.018560216 0.073302591 1.3035126 -0.011367687 0.99518567 -0.097346068 -5.0952592 -0.074756452 0.096234088 0.99254747 9.6657564
0.99716743 0.017674583 0.073107586 1.2955905 -0.010450606 0.99512761 -0.098039922 -5.2174396 -0.074484192 0.096998199 0.99249355 9.6532137
0.99716273 0.016434944 0.073460043 1.3332092 -0.0091135737 0.99505463 -0.098910242 -5.3767105 -0.07472234 0.097960124 0.99238117 9.6797913
0.99718186 0.015614903 0.073379276 1.3229024 -0.0083210364 0.9950851 -0.098673243 -5.4979451 -0.074559398 0.097784576 0.99241074 9.6422414
0.99675755 0.014821053 0.0790868 1.3807311 -0.007105864 0.9952632 -0.096957076 -5.6546374 -0.080149187 0.096080717 0.99214142 9.9343402
0.99714123 0.013949423 0.074261557 1.3300936 -0.0067049741 0.99526933 -0.096922653 -5.7528566 -0.075262265 0.096147652 0.99251762 9.663476
0.99723873 0.013286177 0.073064336 1.345673 -0.006072903 0.99516055 -0.098074454 -5.8358278 -0.07401378 0.097359931 0.99249333 9.5740668
0.99739285 0.013476495 0.070893472 1.2974447 -0.0063781544 0.99502554 -0.0994158 -5.9013575 -0.071880592 0.098704438 0.99251731 9.4773454
0.99735633 0.013836113 0.071336597 1.3145081 -0.0067068458 0.99504238 -0.099225416 -5.9343404 -0.072355831 0.098484653 0.99250461 9.5061208
0.99731987 0.013941675 0.071824135 1.3251799 -0.006819438 0.99511678 -0.098468761 -6.0110858 -0.072846221 0.097715052 0.99254481 9.517358
0.99734641 0.013799353 0.071482313 1.317355 -0.0067236308 0.99513451 -0.098295968 -6.0801452 -0.072490937 0.09755451 0.99258661 9.4771006
0.99729833 0.013178044 0.072266106 1.3025463 -0.00609652 0.99523147 -0.097350685 -6.1411377 -0.073204395 0.096647104 0.99262302 9.5197802
0.99734659 0.012813419 0.071663137 1.3149419 -0.0057109254 0.99512567 -0.098449369 -6.2410157 -0.0725753 0.097778879 0.99255837 9.4878726
0.9974041 0.012167604 0.070971941 1.3389413 -0.0050945375 0.9950742 -0.099001888 -6.3350318 -0.071826963 0.09838332 0.99255308 9.463304
0.99734169 0.011590907 0.071938874 1.3556769 -0.0043782465 0.99501595 -0.099619704 -6.4216087 -0.07273501 0.099039918 0.99242164 9.513456
0.99729428 0.011213696 0.072652374 1.3446273 -0.0039558193 0.99505145 -0.099282213 -6.5116536 -0.073406171 0.098726184 0.99240348 9.5357046
0.99725843 0.011311918 0.073127682 1.3167047 -0.0040458255 0.99510346 -0.098755966 -6.5857452 -0.073886728 0.098189358 0.99242108 9.533088
0.99728951 0.011356052 0.072695824 1.3311153 -0.0041412292 0.99511477 -0.098637994 -6.6485846 -0.073460826 0.098069586 0.99246454 9.5168139
0.9973047 0.011116267 0.072524253 1.3372057 -0.003903606 0.99509519 -0.098844987 -6.7034045 -0.073267322 0.098295464 0.9924565 9.5021103
0.9973501 0.010635809 0.071969808 1.3350183 -0.0034035328 0.99499408 -0.099875948 -6.8097398 -0.072671794 0.099366335 0.99239364 9.4870798
0.99739181 0.0092661869 0.071580128 1.3785504 -0.0020636874 0.99498058 -0.10004692 -6.9127604 -0.072147891 0.099638256 0.9924046 9.4619839
0.99746823 0.008595392 0.070592084 1.3474815 -0.0014364649 0.99490128 -0.1008433 -7.0244819 -0.071098943 0.10048658 0.99239477 9.4117947
0.99748879 0.0075825159 0.070417487 1.3617869 -0.00040257797 0.99484346 -0.10142153 -7.1316278 -0.070823407 0.10113849 0.99234825 9.4019336
0.99751163 0.0066136529 0.070191176 1.3652839 0.0005990819 0.99475923 -0.10224339 -7.2343412 -0.070499522 0.10203102 0.99227994 9.4032507
0.99755785 0.0062053627 0.069568949 1.3770787 0.00098167327 0.99470146 -0.10280102 -7.2997394 -0.069838252 0.10261826 0.99226615 9.3762605
0.99757724 0.0064049744 0.069272066 1.3541137 0.00078586457 0.99465162 -0.10328375 -7.3342304 -0.069563102 0.10308796 0.99223679 9.3720583
0.99756941 0.0067364471 0.069353402 1.3430063 0.00054036907 0.99453795 -0.10437423 -7.3713393 -0.069677701 0.10415802 0.99211699 9.3780551
0.99754473 0.0071709839 0.06966415 1.3190997 0.00017636909 0.99448338 -0.10489413 -7.4237362 -0.070032034 0.10464887 0.99204039 9.4178271
0.99754654 0.0075197295 0.06960135 1.3097054 -8.7283249e-05 0.9943471 -0.10617829 -7.4363738 -0.070006333 0.10591171 0.99190817 9.4205181
0.99757813 0.00853907 0.069028642 1.2631836 -0.0011411726 0.99431122 -0.10650774 -7.4357315 -0.06954543 0.10617101 0.99191287 9.4265518
0.99760946 0.0099970753 0.068377064 1.2338324 -0.0026333418 0.99426133 -0.10694608 -7.4137208 -0.069053819 0.10651036 0.99191084 9.4016605
0.99762472 0.011513655 0.067914369 1.2205169 -0.0041622363 0.99420623 -0.10740875 -7.3472887 -0.068757556 0.10687095 0.99189263 9.3927875
0.99755636 0.013148708 0.068617907 1.1576968 -0.0056745384 0.99413442 -0.10800259 -7.3078273 -0.069635518 0.10734929 0.99177973 9.4248469
0.99755222 0.014490346 0.068407646 1.1068221 -0.0070615657 0.99416778 -0.10761303 -7.281829 -0.069568027 0.10686655 0.99183659 9.4309049
0.99754858 0.016323593 0.068046898 1.0705541 -0.0089138162 0.99413202 -0.10780567 -7.2058456 -0.069407376 0.10693484 0.99184049 9.4127028
0.99746844 0.017861808 0.068830655 1.0302692 -0.010340955 0.994085 -0.10811141 -7.1479676 -0.070354587 0.10712595 0.99175313 9.4620514
0.99740994 0.019881458 0.069124085 0.98014135 -0.012312605 0.99404789 -0.10824602 -7.0829343 -0.070864739 0.10711456 0.99171803 9.4906543
0.99737506 0.02198344 0.068990683 0.91543882 -0.014322057 0.99386811 -0.10964055 -7.018419 -0.070977917 0.10836467 0.99157412 9.5145118
0.99709653 0.02395702 0.072281231 0.89409402 -0.015787483 0.99363359 -0.1115484 -6.971595 -0.074493427 0.11008338 0.99112682 9.7002363
0.99696264 0.026035962 0.073400485 0.8485535 -0.017665038 0.99349817 -0.11246926 -6.9120567 -0.075851492 0.11083102 0.99094048 9.7857625
0.99685654 0.028151378 0.074057727 0.85512826 -0.019699367 0.99345903 -0.1124771 -6.8281768 -0.076739702 0.11066464 0.99089069 9.8483559
0.99687697 0.029523123 0.073244055 0.8157537 -0.021105755 0.99335447 -0.11314345 -6.7716638 -0.076097657 0.11124423 0.9908753 9.8293707
0.99684807 0.030733015 0.073139617 0.78419557 -0.022236882 0.99320143 -0.11426477 -6.7412294 -0.076154073 0.11227822 0.99075434 9.8291396
0.99683306 0.029818058 0.073720591 0.83238885 -0.021195892 0.99312905 -0.11508879 -6.8115137 -0.076645785 0.11316174 0.99061589 9.8736121
0.99681129 0.028199281 0.074646184 0.82766596 -0.019322501 0.99293514 -0.11707456 -6.9185739 -0.077420238 0.11525889 0.99031384 9.9176775
0.99676134 0.025761257 0.076178715 0.87260519 -0.016663239 0.99290477 -0.11773895 -7.0564439 -0.078671313 0.11608825 0.99011835 9.951189
0.99668756 0.023748813 0.077781127 0.88823787 -0.014644341 0.99318832 -0.11559631 -7.1500924 -0.079996582 0.11407435 0.99024623 9.9718063
0.99676612 0.022665655 0.077094503 0.89578138 -0.013797564 0.99342232 -0.11367377 -7.1873951 -0.079163891 0.11224245 0.99052244 9.9152644
0.99700713 0.022227542 0.074045409 0.86730608 -0.013731247 0.99346175 -0.11333669 -7.2137367 -0.076080477 0.11198075 0.99079366 9.8092343
0.99713771 0.022248338 0.072259267 0.84320706 -0.013805869 0.99323481 -0.11529968 -7.236818 -0.074335645 0.11397206 0.99069904 9.7713177
0.99715798 0.022544938 0.071886698 0.85965016 -0.013975399 0.9929679 -0.11755609 -7.252464 -0.074031478 0.11621735 0.99046094 9.7618532
0.99714032 0.022638581 0.072101889 0.85183137 -0.014049391 0.99297615 -0.1174776 -7.2694187 -0.074254982 0.11612866 0.99045461 9.7603795
0.99712013 0.022364043 0.072465778 0.83657163 -0.013849755 0.99316041 -0.11593351 -7.2847972 -0.074562884 0.114596 0.99060998 9.7400972
0.99709784 0.022256739 0.07280473 0.84329729 -0.01378161 0.99328095 -0.11490436 -7.2895591 -0.074872948 0.11356753 0.99070503 9.7398678
0.99713866 0.022097978 0.072292234 0.82499343 -0.013688353 0.99329206 -0.11481952 -7.3014307 -0.07434458 0.11350142 0.9907524 9.72691
0.99719958 0.021924729 0.071500412 0.81564673 -0.013619534 0.99331384 -0.11463911 -7.3217285 -0.073535781 0.11334427 0.99083075 9.6879739
0.99728547 0.021412977 0.070449786 0.80278703 -0.01322542 0.99331267 -0.11469534 -7.3568856 -0.072434634 0.11345227 0.99089949 9.6339745
0.99734765 0.021297007 0.069599577 0.76888825 -0.013190517 0.99328696 -0.11492179 -7.382632 -0.071579842 0.11369893 0.99093334 9.5735967
0.9973776 0.021673868 0.069051877 0.75854098 -0.013664973 0.99333939 -0.11441208 -7.3686222 -0.071071702 0.11316845 0.99103063 9.5579478
0.99739359 0.02267846 0.068496129 0.70846971 -0.014756571 0.99336879 -0.11402054 -7.3320104 -0.070627727 0.11271259 0.99111432 9.5304253
0.9973769 0.023249076 0.06854774 0.67531202 -0.015317618 0.99335801 -0.11404048 -7.3217544 -0.070743782 0.11269136 0.99110846 9.5242071
0.99730626 0.023783424 0.069387166 0.65033188 -0.015787482 0.99340248 -0.11358812 -7.2911401 -0.071630897 0.11218669 0.99110199 9.5312093
0.99722288 0.02428495 0.070404355 0.6312381 -0.016264113 0.99353699 -0.11233752 -7.264994 -0.072677442 0.11088048 0.99117279 9.5710944
0.99720394 0.024745673 0.070512064 0.60433217 -0.016779008 0.99363245 -0.11141371 -7.2423127 -0.072820082 0.10991907 0.99126941 9.5837863
0.99725369 0.025549806 0.069514571 0.58427182 -0.017705488 0.99363965 -0.11120598 -7.2045114 -0.071913725 0.10966979 0.99136318 9.5566367
0.99728939 0.026641587 0.068586395 0.54187098 -0.018837732 0.99352828 -0.112012 -7.1779268 -0.0711267 0.11041637 0.99133709 9.5294085
0.99735595 0.02748935 0.067271364 0.5010921 -0.019759587 0.99340031 -0.11298399 -7.1504031 -0.069933251 0.111356 0.99131689 9.4952989
0.99739823 0.027693278 0.06655709 0.46786322 -0.020017638 0.99335441 -0.11334154 -7.1775706 -0.069253577 0.11171433 0.99132429 9.475321
0.99746082 0.027387376 0.065740714 0.43926291 -0.019767998 0.99329872 -0.11387224 -7.2036245 -0.068418828 0.11228354 0.99131795 9.4394272
0.99745349 0.027490551 0.065808787 0.40993263 -0.019837225 0.9932544 -0.11424617 -7.2066627 -0.068505557 0.11264978 0.9912704 9.4462281
0.99740179 0.028371273 0.066217418 0.39505172 -0.020656157 0.99321808 -0.11441664 -7.1801168 -0.069014482 0.11275156 0.99122353 9.4740197
0.99734723 0.029341582 0.066615138 0.38635359 -0.021580864 0.99320415 -0.11436689 -7.126714 -0.069518137 0.11262589 0.99120262 9.4988788
0.99731566 0.029793983 0.066886432 0.38266749 -0.021995646 0.99318679 -0.11443858 -7.1043357 -0.069840302 0.11266018 0.99117608 9.5092481
0.99733301 0.029105829 0.066930671 0.40543458 -0.021318807 0.99322358 -0.11424726 -7.1391729 -0.069802381 0.11251568 0.99119516 9.5129599
0.9973712 0.02790473 0.066873091 0.40596309 -0.02011186 0.99322036 -0.11449383 -7.2079046 -0.069614635 0.11284791 0.9911706 9.5071568
0.99739268 0.026666977 0.067057488 0.421648 -0.01882382 0.99318886 -0.114985 -7.2704635 -0.069667053 0.11342292 0.99110128 9.5063599
0.99742272 0.025063851 0.067228856 0.45646105 -0.017191003 0.99319058 -0.11522558 -7.3477369 -0.069659064 0.11377288 0.99106173 9.5013382
0.9974491 0.023397471 0.067437777 0.47620202 -0.015506225 0.99321572 -0.11524795 -7.4135877 -0.069676771 0.11390826 0.99104493 9.4949669
0.99745662 0.021888957 0.067831873 0.51806302 -0.01397396 0.99326309 -0.1150355 -7.5160738 -0.069892903 0.11379504 0.99104272 9.4799357
0.99749389 0.020030725 0.067858047 0.55342164 -0.012107133 0.99326547 -0.11522637 -7.5931571 -0.069709123 0.11411603 0.99101875 9.4764471
0.99753257 0.019384338 0.067476021 0.57457587 -0.011505205 0.99326914 -0.11525647 -7.6154734 -0.069256019 0.11419575 0.99104134 9.4559406
0.99753802 0.017830343 0.067823144 0.60134028 -0.0099147205 0.99328086 -0.11530322 -7.6690721 -0.069423327 0.1143469 0.9910122 9.4691231
0.99754225 0.017022939 0.06796815 0.6003401 -0.0090791961 0.99326415 -0.11551577 -7.7087949 -0.069476745 0.11461476 0.99097752 9.463256
0.99754609 0.01626057 0.068098427 0.6200048 -0.0083014553 0.99326493 -0.11556757 -7.7685983 -0.069518974 0.11471866 0.99096253 9.4505458
0.9975538 0.014738912 0.068331409 0.64650944 -0.0067641159 0.99328431 -0.11550121 -7.8386875 -0.069574879 0.11475647 0.99095423 9.4483724
0.99759278 0.012757231 0.068160757 0.65734245 -0.0047821307 0.99324827 -0.11590949 -7.9111038 -0.069179238 0.11530452 0.99091831 9.4274679
0.99757421 0.012033285 0.068563135 0.67712405 -0.0040318019 0.99328002 -0.11566566 -7.9340695 -0.06949423 0.11510865 0.99091904 9.4370764
0.99754816 0.011827173 0.06897675 0.66299058 -0.003768518 0.99326418 -0.11581047 -7.9660653 -0.069881846 0.11526658 0.99087342 9.4356565
0.99754247 0.011666931 0.069086211 0.67514538 -0.0036256404 0.9933131 -0.11539474 -7.9664029 -0.069970541 0.11486067 0.9909143 9.4341165
0.99755169 0.011528356 0.068976309 0.66550413 -0.0035065643 0.99332378 -0.11530641 -7.9829665 -0.069845101 0.11478224 0.99093224 9.4268062
0.99754618 0.011589925 0.06904562 0.65594699 -0.0035511847 0.99330931 -0.11542962 -7.9680512 -0.069921478 0.11490119 0.99091307 9.4257214
0.99755275 0.012044246 0.068872746 0.65938553 -0.0040035901 0.99327465 -0.11571271 -7.9447071 -0.069803225 0.1151538 0.99089208 9.4214932
0.99751061 0.012260965 0.069442366 0.65307875 -0.0041444571 0.99325928 -0.11583962 -7.9108068 -0.07039458 0.11526345 0.99083749 9.4577413
0.9974882 0.012834315 0.06966041 0.65027374 -0.0046875379 0.99325265 -0.11587576 -7.8958032 -0.070677574 0.11525817 0.99081796 9.4762491
0.99749132 0.013275319 0.069532976 0.65552756 -0.0051584934 0.99327823 -0.11563625 -7.8925311 -0.0706007 0.11498747 0.99085489 9.4694976
0.99747481 0.01311811 0.069799181 0.64290878 -0.004988692 0.99330758 -0.11539137 -7.8833508 -0.070845772 0.11475178 0.99086473 9.4705686
0.99746695 0.012732444 0.0699827 0.6475329 -0.0045716402 0.99329039 -0.11555648 -7.8808648 -0.07098446 0.11494383 0.99083254 9.4647574
0.99746452 0.012703352 0.070022564 0.65664267 -0.0045646795 0.99333355 -0.11518516 -7.8922046 -0.071019 0.11457348 0.99087296 9.4729986
0.99745771 0.012805338 0.070100962 0.65007257 -0.0046510468 0.99332318 -0.11527113 -7.8708211 -0.071108996 0.11465203 0.99085742 9.4809191
0.99744466 0.01299214 0.070252076 0.64939121 -0.0048139178 0.99331313 -0.11535099 -7.8635163 -0.071280965 0.11471804 0.99083742 9.4803025
0.99744048 0.012955451 0.070318172 0.64242432 -0.0048023632 0.99336567 -0.11489816 -7.8614855 -0.071340216 0.11426638 0.99088535 9.4796988
0.9974606 0.013227464 0.069981272 0.65458619 -0.0051131241 0.99336601 -0.11488178 -7.863927 -0.071036612 0.11423223 0.99091109 9.4730624
0.99746806 0.012984604 0.069920466 0.65157323 -0.004871697 0.99335665 -0.11497321 -7.8494339 -0.070948841 0.11434147 0.99090478 9.4712703
0.99747341 0.013336596 0.069777668 0.6483824 -0.0052585916 0.99338693 -0.11469421 -7.8407381 -0.070845854 0.11403749 0.99094718 9.4803762
0.9974682 0.013745517 0.069772816 0.63728308 -0.0056706495 0.99339153 -0.11463473 -7.82679 -0.070887438 0.11394884 0.99095441 9.4776649
0.99745092 0.014139674 0.069940981 0.62994414 -0.0060554131 0.99340769 -0.11447485 -7.8093305 -0.071098546 0.11375952 0.99096103 9.4908356
0.99746851 0.014017561 0.069714296 0.6357988 -0.0059508295 0.993394 -0.1145991 -7.8134725 -0.070860163 0.11389414 0.99096264 9.4788796
0.99746179 0.013822652 0.069849169 0.64360642 -0.0057631603 0.99343031 -0.11429354 -7.8120403 -0.070970121 0.11360089 0.99098844 9.4925077
0.997474 0.01362216 0.069714164 0.64657736 -0.0055674195 0.99341293 -0.11445413 -7.8209767 -0.070814064 0.11377689 0.99097941 9.4857152
0.99747441 0.013536571 0.069724913 0.65662846 -0.0054585732 0.99337741 -0.11476726 -7.8199108 -0.070816708 0.1140968 0.99094244 9.4899497
0.99749144 0.013261396 0.069533957 0.64681802 -0.0052132685 0.99338982 -0.11467123 -7.8227989 -0.070595025 0.11402107 0.99096697 9.4838502
0.99749117 0.013570184 0.069478212 0.63107899 -0.0055434761 0.99341443 -0.11444233 -7.8162579 -0.070573661 0.11377006 0.99099734 9.4841533
0.99749807 0.013933308 0.069307005 0.63082782 -0.0059280055 0.99341758 -0.11439564 -7.7987873 -0.070444707 0.11369858 0.99101472 9.4722507
0.99745581 0.013952522 0.069908716 0.62708944 -0.0058798655 0.99342024 -0.11437504 -7.7924097 -0.071044554 0.11367299 0.99097483 9.4881632
0.99745177 0.01400156 0.069956648 0.64704213 -0.0059315461 0.99343327 -0.11425911 -7.8017392 -0.071097067 0.113553 0.99098482 9.4817508
0.99747243 0.013628028 0.06973545 0.64388289 -0.0055945992 0.99345104 -0.11412158 -7.8144301 -0.070834007 0.11344299 0.99101626 9.4792672
0.99747367 0.013471427 0.069748142 0.63651412 -0.0054391917 0.99345513 -0.11409348 -7.8205966 -0.070828652 0.11342587 0.9910186 9.4777061
0.99747687 0.013280835 0.069738847 0.63925291 -0.0052603567 0.99347204 -0.11395449 -7.8223877 -0.070797005 0.11330012 0.99103525 9.4822094
0.99746642 0.013430565 0.069859546 0.64649023 -0.0054046336 0.99348551 -0.11383027 -7.8225935 -0.070933251 0.1131643 0.99104103 9.4792809
0.99746138 0.013420466 0.069933385 0.65501971 -0.0053856929 0.99348484 -0.11383702 -7.8079955 -0.071005504 0.1131714 0.99103504 9.4795169
0.997455 0.01358411 0.069992769 0.6392371 -0.0055501371 0.99349704 -0.11372262 -7.8113145 -0.071082429 0.11304472 0.99104398 9.494488
0.99746818 0.013639723 0.06979385 0.640471 -0.0056362274 0.99350951 -0.11360939 -7.8076858 -0.070890454 0.11292838 0.991071 9.4857524
0.99746366 0.01363887 0.069858566 0.64060156 -0.0056255847 0.99350566 -0.11364359 -7.8029669 -0.070954851 0.11296236 0.99106252 9.4828908
0.99746373 0.013662842 0.069852939 0.64253451 -0.0056540108 0.99351174 -0.11358896 -7.8098985 -0.070951664 0.11290592 0.99106918 9.487966
0.99746653 0.013460403 0.069852265 0.64534092 -0.005439306 0.99349192 -0.11377263 -7.8103732 -0.070929086 0.11310445 0.99104816 9.4884219
0.99747905 0.013251203 0.069713358 0.64735134 -0.0052581633 0.99351122 -0.11361254 -7.8140654 -0.070766506 0.11295956 0.9910763 9.4806421
0.99747999 0.013361027 0.069678909 0.64398331 -0.0053751697 0.99351653 -0.11356058 -7.8154548 -0.070744434 0.11289987 0.99108468 9.4862691
0.99747977 0.013448473 0.069665301 0.64006278 -0.0054611402 0.99351179 -0.113598 -7.8154726 -0.070741017 0.11293126 0.99108135 9.4779752
0.99747867 0.013533862 0.06966448 0.63724741 -0.0055528334 0.99352176 -0.11350625 -7.8054719 -0.070749356 0.11283323 0.99109192 9.4751732
0.99746073 0.013856363 0.069857692 0.65432181 -0.0058663678 0.99354262 -0.11330772 -7.7781186 -0.070976628 0.11261019 0.99110104 9.49059
0.99745355 0.014310074 0.069868688 0.63506619 -0.0063193642 0.99354352 -0.11327547 -7.7696701 -0.071038563 0.1125455 0.99110395 9.4901614
0.99745053 0.014482476 0.069876338 0.64452678 -0.0064792895 0.99352509 -0.11342798 -7.7567552 -0.071066614 0.11268605 0.99108596 9.4902838
0.99744013 0.014647813 0.069990164 0.64056815 -0.0066097556 0.99349029 -0.1137249 -7.7555466 -0.07120037 0.11297117 0.99104391 9.4917955
0.9974311 0.014732306 0.070101044 0.64093263 -0.0067010223 0.99352097 -0.11345119 -7.7489695 -0.071318255 0.11269 0.99106744 9.4954365
0.99742916 0.014530173 0.070170883 0.65077067 -0.006474773 0.99349549 -0.11368724 -7.764934 -0.071366351 0.11294062 0.99103545 9.4945066
0.99741945 0.014015829 0.070413114 0.64992276 -0.0059446276 0.99351413 -0.11355324 -7.7839343 -0.071547966 0.11284163 0.99103363 9.4949793
0.99742084 0.013714771 0.070452647 0.6495664 -0.0056334112 0.99350509 -0.11364815 -7.7990126 -0.071553722 0.11295815 0.99101994 9.4883688
0.99740288 0.013657489 0.070717585 0.66025095 -0.0055590053 0.99352559 -0.11347243 -7.7930446 -0.071809479 0.11278461 0.99102121 9.4914031
0.99739954 0.013941843 0.070709195 0.65540399 -0.005835666 0.99351212 -0.11357645 -7.7877457 -0.071833908 0.11286847 0.99100989 9.4829154
0.99739675 0.014038135 0.070729433 0.65342332 -0.005939034 0.99352687 -0.11344204 -7.7779343 -0.071864107 0.11272666 0.99102384 9.4914643
0.99740608 0.014215928 0.070562232 0.65403846 -0.0061508452 0.99355043 -0.11322419 -7.7819507 -0.071716723 0.11249647 0.99106067 9.4890214
0.99740451 0.014056649 0.070616243 0.64058777 -0.0059833112 0.9935471 -0.11326235 -7.7851867 -0.071752652 0.11254586 0.99105246 9.4923061
0.9974085 0.014014999 0.070568195 0.65260778 -0.0059385666 0.99353367 -0.11338248 -7.7770818 -0.071700933 0.11266957 0.99104215 9.4904154
0.99739789 0.014164955 0.070688089 0.65127142 -0.0060695218 0.99352525 -0.11344927 -7.7737626 -0.071837405 0.11272502 0.99102596 9.4990809
0.99740357 0.013972583 0.070646233 0.66334197 -0.0058922135 0.9935414 -0.11331708 -7.7781062 -0.07177329 0.1126066 0.99104407 9.499339
0.99741483 0.013852284 0.070510839 0.65261331 -0.0057849769 0.99353773 -0.11335484 -7.7922994 -0.071625402 0.11265389 0.99104939 9.4936573
0.99740412 0.013837458 0.070665026 0.65951487 -0.0057371441 0.9935134 -0.11357031 -7.7915405 -0.071778174 0.11287008 0.99101374 9.4960746
0.99741567 0.013984002 0.070472827 0.65033671 -0.0059030318 0.99350944 -0.11359643 -7.7920843 -0.071603952 0.11288686 0.99102444 9.4902223
0.99740697 0.014300855 0.070532382 0.64994459 -0.0062127788 0.99350896 -0.11358412 -7.7706282 -0.071698903 0.11285139 0.99102161 9.4975715
0.99740059 0.014723665 0.070535682 0.65596366 -0.0066283903 0.9934981 -0.11365557 -7.7505067 -0.071750493 0.11289259 0.99101318 9.503276
0.99739683 0.014647901 0.070604545 0.65353698 -0.0065479257 0.99350308 -0.11361669 -7.7448382 -0.071810079 0.11285861 0.99101274 9.5033953
0.9974027 0.014537618 0.070544449 0.66191233 -0.0064292819 0.99347917 -0.11383232 -7.7555519 -0.071739292 0.11308311 0.99099227 9.4936708
0.99738864 0.014243016 0.070802757 0.66196009 -0.0061027458 0.99347535 -0.11388364 -7.7675641 -0.07196284 0.11315416 0.99096795 9.4977641
0.99740665 0.013969135 0.070603394 0.65806874 -0.0058383122 0.99345426 -0.11408128 -7.7735547 -0.071734859 0.11337322 0.99095945 9.4860165
0.99738675 0.014009282 0.07087605 0.66583401 -0.0058498872 0.9934584 -0.11404471 -7.7818959 -0.072010091 0.11333207 0.99094419 9.496619
0.99737697 0.014038802 0.071007745 0.667241 -0.0058568297 0.99344659 -0.11414717 -7.7822918 -0.072144891 0.11343188 0.99092297 9.4964921
0.99735967 0.013967425 0.071264237 0.66868332 -0.0057557451 0.99344601 -0.11415733 -7.7783987 -0.072391656 0.11344574 0.99090338 9.4989347
0.99734764 0.014106937 0.071405081 0.65987074 -0.005868538 0.99342947 -0.11429542 -7.7777326 -0.07254827 0.11357323 0.99087732 9.4949496
0.99735707 0.014336312 0.071227461 0.66620707 -0.0061162646 0.99342637 -0.11430943 -7.7615295 -0.072398014 0.11357167 0.99088849 9.4936442
0.99734384 0.014332161 0.071413272 0.66230214 -0.0060710522 0.9933954 -0.11458061 -7.7649679 -0.072583804 0.11384272 0.9908438 9.4951362
0.99734014 0.014534171 0.071424106 0.64427546 -0.0062495706 0.99336049 -0.11487332 -7.7643124 -0.072619473 0.1141214 0.99080912 9.4909838
0.9973303 0.014361511 0.071596236 0.65894268 -0.0060637592 0.99337094 -0.11479287 -7.7724709 -0.072770219 0.11405227 0.99080602 9.4941009
0.99732644 0.014168122 0.071688465 0.65765138 -0.0058597913 0.99337096 -0.11480335 -7.771746 -0.072839787 0.11407633 0.99079814 9.4937193
0.99733525 0.014214198 0.071556708 0.64837278 -0.0059213508 0.99337147 -0.11479576 -7.7744806 -0.072714122 0.11406615 0.99080854 9.4926183
0.99735017 0.014372271 0.071316778 0.65285067 -0.0060629551 0.99330197 -0.11538821 -7.7656801 -0.072497487 0.11465006 0.99075702 9.4885957
0.99733996 0.01430962 0.071471998 0.65587046 -0.0059769669 0.99329345 -0.11546597 -7.7699951 -0.072644941 0.11473164 0.99073678 9.492196
0.9973316 0.014273011 0.071595751 0.65135549 -0.0059278309 0.99329628 -0.11544422 -7.7736373 -0.07276353 0.11471176 0.99073038 9.4978951
0.99735548 0.014175501 0.071281806 0.65312481 -0.0058269477 0.99323319 -0.11599088 -7.7757072 -0.072443684 0.11526879 0.99068916 9.4841033
0.99733508 0.014335086 0.07153489 0.65976618 -0.0059639194 0.99324409 -0.11589049 -7.770859 -0.072712907 0.11515502 0.99068267 9.4940378
0.99734848 0.014328919 0.07134905 0.6564676 -0.0059684419 0.99322676 -0.11603868 -7.7674488 -0.072528495 0.11530516 0.99067873 9.4956087
0.99732477 0.014385423 0.071668465 0.65222845 -0.0059907806 0.99323154 -0.11599666 -7.7705438 -0.072852041 0.11525699 0.99066059 9.4969104
0.99733167 0.014533658 0.071542444 0.66035672 -0.0061535238 0.99323136 -0.11598962 -7.7594017 -0.072743953 0.11523988 0.99067052 9.4998649
0.99733353 0.014361284 0.071551206 0.65781783 -0.0059678517 0.99321182 -0.11616658 -7.7668145 -0.072733804 0.11542982 0.99064916 9.495459
0.99733522 0.014297958 0.071540444 0.65270659 -0.0058907089 0.99318783 -0.11637538 -7.7749597 -0.072717029 0.11564384 0.99062543 9.4954589
0.9973223 0.01437641 0.071704621 0.6653244 -0.00595113 0.99318967 -0.11635662 -7.7675066 -0.07288908 0.11561833 0.99061576 9.5019247
0.99732972 0.01469019 0.071537644 0.65337366 -0.0062778632 0.99317944 -0.11642675 -7.7543968 -0.072760049 0.11566676 0.99061959 9.5022815
0.99733862 0.014533571 0.071445514 0.66416175 -0.0061373613 0.99318791 -0.11636196 -7.7557767 -0.072649976 0.11561379 0.99063385 9.5018426
0.99732715 0.014004486 0.071710699 0.65849238 -0.0055791883 0.99319047 -0.11636821 -7.7834954 -0.07285206 0.11565709 0.99061396 9.4976739
0.99731679 0.01388089 0.071878591 0.66389079 -0.0054214799 0.99316731 -0.11657314 -7.8012288 -0.073005606 0.11587067 0.9905777 9.4962282
0.99730786 0.013761404 0.072025404 0.66621299 -0.0052834905 0.99316504 -0.11659885 -7.8058668 -0.073137677 0.1159044 0.99056401 9.4968809
0.99729941 0.01370245 0.072153577 0.6634165 -0.0052062196 0.99315969 -0.11664787 -7.7987186 -0.073258386 0.1159572 0.99054891 9.4943367
0.99727503 0.014015689 0.07242981 0.67035368 -0.0054709697 0.99313454 -0.11684972 -7.7877265 -0.073570276 0.11613505 0.99050495 9.4976829
0.99727299 0.014100714 0.072441375 0.66480388 -0.0055573221 0.99313886 -0.11680894 -7.7821623 -0.073591434 0.11608782 0.99050892 9.5048699
0.99726679 0.014246703 0.072498206 0.66275939 -0.0056994765 0.99314343 -0.11676318 -7.7753193 -0.073664607 0.11603084 0.99051016 9.5031032
0.99727328 0.014705512 0.072317027 0.65327423 -0.0061646755 0.9931203 -0.11693617 -7.7644641 -0.073539114 0.1161715 0.99050299 9.5000063
0.99726842 0.014864141 0.072351651 0.66779824 -0.0063152315 0.99311401 -0.11698151 -7.7546109 -0.073592268 0.11620505 0.99049511 9.5059105
0.9972604 0.014682069 0.072499227 0.66223859 -0.0061186042 0.9931183 -0.11695559 -7.756486 -0.073717459 0.11619158 0.99048738 9.5071197
0.99726944 0.01454404 0.072402656 0.66419095 -0.005987473 0.99311124 -0.1170223 -7.7639447 -0.073605869 0.11626926 0.99048657 9.5016192
0.99726732 0.014288447 0.072482608 0.66177571 -0.0057335546 0.9931285 -0.11688842 -7.7778797 -0.073654698 0.11615341 0.99049653 9.5053152
0.99726545 0.014151437 0.072535173 0.66578449 -0.005585206 0.99312022 -0.11696595 -7.7866341 -0.073691384 0.11624098 0.99048353 9.5005048
0.99726248 0.013863127 0.072631712 0.66746599 -0.0052923783 0.99313063 -0.11689117 -7.7948947 -0.073753254 0.11618678 0.99048528 9.4965611
0.99725897 0.013898447 0.072673115 0.67733516 -0.0053027478 0.99309899 -0.11715916 -7.7930915 -0.073799928 0.11645266 0.99045058 9.501129
0.99726931 0.014195856 0.072473396 0.65508493 -0.0056207146 0.99309474 -0.11718043 -7.7827151 -0.073636424 0.11645309 0.9904627 9.4936287
0.99727062 0.014481791 0.072398869 0.66298393 -0.0059079696 0.99308321 -0.11726397 -7.7706964 -0.073596293 0.11651618 0.99045826 9.4960262
0.99725694 0.014373207 0.072608591 0.66377217 -0.0057691977 0.99307439 -0.1173455 -7.7758199 -0.073792363 0.11660472 0.99043325 9.5036099
0.99726267 0.014276452 0.072548971 0.66487042 -0.0056681724 0.99305644 -0.11750223 -7.7717139 -0.073722738 0.11676937 0.99041904 9.495721
0.99725961 0.014321144 0.072582208 0.66205085 -0.0057140191 0.99306451 -0.1174318 -7.7804082 -0.073760572 0.11669526 0.99042496 9.4999158
0.99724659 0.014053858 0.072812931 0.66273246 -0.0054211216 0.99306669 -0.11742726 -7.7910199 -0.073958402 0.11670921 0.99040856 9.4952098
0.99724758 0.013982673 0.072813042 0.66911076 -0.0053443845 0.99305786 -0.11750545 -7.8003342 -0.073950604 0.11679288 0.99039928 9.4958714
0.99724736 0.013697576 0.072870247 0.66963825 -0.0050449937 0.99304552 -0.1176229 -7.8073904 -0.073974621 0.11693149 0.99038113 9.4990219
0.99725402 0.013834857 0.072753091 0.67155056 -0.0051897776 0.99303573 -0.1176992 -7.8031081 -0.07387477 0.11699843 0.99038068 9.4943331
0.99725449 0.013896188 0.072734926 0.67289033 -0.0052514056 0.9930329 -0.11772039 -7.7915625 -0.073864039 0.11701523 0.99037949 9.4899399
0.9972521 0.014342773 0.072680999 0.66150943 -0.0056977881 0.99302303 -0.11778281 -7.7778601 -0.073863238 0.11704504 0.99037603 9.4920418
0.9972469 0.014421358 0.072736836 0.66018867 -0.0057544394 0.9929988 -0.11798416 -7.7691679 -0.073929083 0.11724078 0.99034796 9.4919696
0.99723122 0.014317646 0.072971953 0.66594606 -0.0056125127 0.99298225 -0.11813025 -7.769467 -0.074151201 0.11739361 0.99031325 9.4948513
0.99723362 0.014382741 0.072926265 0.66815424 -0.0056893544 0.99299235 -0.11804165 -7.7720057 -0.074112985 0.1173002 0.99032718 9.4916866
0.99721971 0.014388295 0.07311517 0.66762581 -0.0056782271 0.99300132 -0.11796671 -7.7779565 -0.074300799 0.11722356 0.99032218 9.4974422
0.99721004 0.014383625 0.073247824 0.6730847 -0.0056558617 0.99299816 -0.11799437 -7.766943 -0.074432141 0.11725089 0.99030909 9.5059027
0.99721873 0.014458777 0.07311465 0.67646068 -0.0057363919 0.99298184 -0.11812771 -7.771718 -0.074309502 0.11737975 0.99030303 9.5011854
0.99722521 0.014249332 0.073067377 0.67309511 -0.0055229233 0.99296639 -0.11826768 -7.774978 -0.074238685 0.11753597 0.99028981 9.4996755
0.9972102 0.014040695 0.073312189 0.67390373 -0.0052875837 0.9929698 -0.11824983 -7.7923811 -0.074457099 0.11753229 0.99027385 9.4963049
0.99721042 0.013791865 0.073356416 0.67219791 -0.0050298506 0.99296364 -0.11831277 -7.7955071 -0.074472008 0.11761376 0.99026306 9.490028
0.99721317 0.013701329 0.07333593 0.66960293 -0.004936943 0.99295589 -0.11838168 -7.8091511 -0.074441331 0.11768972 0.99025634 9.484458
0.99721895 0.013362692 0.073319846 0.68210025 -0.0046027481 0.99295923 -0.11836714 -7.8101141 -0.074385321 0.11770048 0.99025927 9.4889906
0.99722239 0.013219977 0.073298923 0.68220181 -0.0044626188 0.99295908 -0.1183738 -7.8242038 -0.07434773 0.1177179 0.99026002 9.4895207
0.99722266 0.013440115 0.07325522 0.67975239 -0.0046774724 0.99294297 -0.11850058 -7.8068591 -0.074330916 0.11782881 0.99024809 9.4928023
0.99720154 0.013955873 0.073446019 0.67939528 -0.0051549992 0.99291932 -0.11867876 -7.7862415 -0.074582237 0.11796803 0.99021262 9.4903029
0.99720384 0.014304502 0.073347641 0.66981343 -0.0055136735 0.99291719 -0.11868043 -7.7657842 -0.074525798 0.11794416 0.99021971 9.4952883
0.997219 0.014296137 0.073142903 0.67641743 -0.0055273752 0.99291353 -0.11871041 -7.7725785 -0.074321679 0.11797599 0.99023126 9.4879019
0.99720214 0.014234802 0.073384361 0.67627166 -0.0054458704 0.99292701 -0.11860137 -7.7640514 -0.074553582 0.1178699 0.99022646 9.4930394
0.99719526 0.014153252 0.073493568 0.68138865 -0.0053369686 0.99290421 -0.11879711 -7.7800335 -0.074653438 0.11807169 0.9901949 9.4992118
0.99718454 0.013932972 0.073680811 0.68411621 -0.0051160018 0.99293795 -0.11852447 -7.7804829 -0.074811871 0.11781381 0.99021366 9.5007774
0.99718892 0.013972482 0.073614107 0.68646584 -0.0051652896 0.99294093 -0.11849739 -7.7785835 -0.074750163 0.11778404 0.99022186 9.4965609
0.99719914 0.013906496 0.073487994 0.67060696 -0.0051095929 0.99293341 -0.11856281 -7.7875361 -0.074617478 0.11785523 0.9902234 9.4880864
0.99718684 0.01391973 0.073652147 0.67762259 -0.0051120922 0.99294726 -0.11844661 -7.7843632 -0.074781443 0.11773689 0.99022511 9.4950761
0.9971844 0.014190961 0.073633537 0.66607239 -0.0053882107 0.99295186 -0.11839581 -7.7803479 -0.074794708 0.1176657 0.99023257 9.4985739
0.99718443 0.014220243 0.073627383 0.68000059 -0.0054184818 0.99295231 -0.11839069 -7.7654867 -0.074792024 0.11765841 0.99023364 9.499026
0.99717238 0.014437074 0.073748333 0.67582527 -0.0056068037 0.99293032 -0.11856619 -7.7637651 -0.074938705 0.11781744 0.99020364 9.4982777
0.99716967 0.014263222 0.073818796 0.66851885 -0.0054250853 0.99293093 -0.11856958 -7.7730196 -0.07498815 0.11783351 0.99019798 9.502285
