1 0 0 0 0 1 0 0 0 0 1 0
0.99999978 -4.0968067e-05 -0.00066467136 1.1466251 3.9634175e-05 0.99999799 -0.0020067343 -0.11907013 0.00066475223 0.0020067075 0.99999777 -0.088015252
0.9999979 0.00078548943 -0.0018930707 2.2539786 -0.00079294753 0.99999192 -0.0039421616 -0.062284026 0.0018899589 0.0039436544 0.99999044 -0.24186455
0.99999692 0.0016576846 -0.0018479166 3.3464113 -0.0016675974 0.99998416 -0.005375752 -0.0047084731 0.001838976 0.005378817 0.99998384 -0.22986174
0.99999228 0.0024848979 -0.003042273 4.4363105 -0.002506011 0.99997267 -0.0069558748 0.050144434 0.0030249052 0.0069634451 0.99997118 -0.37522154
0.99998557 0.0033177563 -0.0042253909 5.5220608 -0.0033513493 0.99996264 -0.0079681607 0.10351884 0.0041987966 0.0079822064 0.99995933 -0.52198675
0.99998304 0.0041911577 -0.004044842 6.5935938 -0.0042289854 0.99994698 -0.0093892981 0.15526663 0.0040052755 0.0094062444 0.99994774 -0.49148311
0.99997459 0.0050157439 -0.0050651761 7.6638797 -0.0050724595 0.99992388 -0.011247091 0.20609728 0.005008378 0.011272498 0.99992392 -0.6128338
0.99996833 0.0058644596 -0.0053804452 8.7254872 -0.0059340521 0.99989775 -0.01301087 0.25997107 0.0053035933 0.013042386 0.99990088 -0.64638905
0.99995853 0.0067040449 -0.0061638994 9.788834 -0.0067907909 0.99987666 -0.014161693 0.3087401 0.0060681985 0.014202963 0.99988072 -0.73591514
0.9999456 0.0075403446 -0.0072075089 10.849386 -0.0076471028 0.99985973 -0.014901108 0.35342411 0.0070941384 0.014955414 0.999863 -0.85363992
0.99994004 0.0084176444 -0.0070042136 11.895675 -0.0085278406 0.99983794 -0.015854592 0.39698475 0.0068696202 0.015913372 0.99984978 -0.82487389
0.99993872 0.0086341883 -0.0069281233 12.981466 -0.0087354122 0.99985356 -0.014715818 0.33802391 0.0068000495 0.014775436 0.99986771 -0.75885449
0.99993315 0.0088073486 -0.007492334 14.067626 -0.0089167518 0.99985225 -0.01469614 0.28195511 0.007361793 0.014761965 0.99986393 -0.7638968
0.9999247 0.0089655107 -0.0083795541 15.147906 -0.0090891038 0.99984873 -0.014829538 0.22556114 0.0082453321 0.014904584 0.99985492 -0.805194
0.99990875 0.0091067749 -0.0099774143 16.228359 -0.0092502524 0.9998531 -0.014429718 0.1690369 0.0098445404 0.014520695 0.99984611 -0.92269652
0.99987954 0.009221163 -0.012484633 17.31004 -0.0093924747 0.99986158 -0.013733423 0.10439 0.012356267 0.01384903 0.99982775 -1.136935
0.99986116 0.0094054781 -0.013754753 18.378827 -0.0095703988 0.99988251 -0.011973827 0.038080768 0.013640517 0.012103803 0.9998337 -1.2115956
0.99983918 0.0096153308 -0.015138057 19.44469 -0.0097547406 0.99991044 -0.009162481 -0.035446134 0.015048601 0.0093086753 0.99984343 -1.2964703
0.99982625 0.0098105037 -0.015850223 20.49133 -0.0099385052 0.99991847 -0.0080172064 -0.094683418 0.015770278 0.0081733409 0.99984223 -1.3097191
0.9997852 0.0099245038 -0.018194851 21.543567 -0.010069551 0.99991811 -0.0078976874 -0.15280511 0.01811498 0.008079205 0.99980327 -1.5000936
0.99978196 0.010110844 -0.018270522 22.5754 -0.010256531 0.99991621 -0.0078978375 -0.20996153 0.018189137 0.0080835076 0.99980189 -1.4363852
0.99979039 0.0102123 -0.017744927 23.55874 -0.010407067 0.99988623 -0.010918464 -0.21629037 0.017631406 0.011100848 0.99978293 -1.4437683
0.99979288 0.010311522 -0.017546439 24.541166 -0.010551834 0.99985104 -0.013658768 -0.22615203 0.017402983 0.013841086 0.99975275 -1.4927315
0.99980676 0.010461605 -0.016642941 25.513994 -0.010718018 0.99982408 -0.015392832 -0.23604465 0.016478979 0.015568237 0.999743 -1.46846
0.99982043 0.010629546 -0.015688488 26.482579 -0.010888341 0.99980452 -0.016503662 -0.25013386 0.015509995 0.01667152 0.99974072 -1.4428064
0.99982983 0.010766269 -0.01498001 27.444042 -0.011043429 0.99976705 -0.018543985 -0.26251795 0.014776871 0.01870626 0.99971582 -1.4454901
0.99983236 0.010863102 -0.014739382 28.400105 -0.011180091 0.99970424 -0.021597053 -0.26859722 0.014500411 0.02175822 0.9996581 -1.4939637
0.99985545 0.011026379 -0.012942053 29.340687 -0.011338188 0.9996411 -0.024271852 -0.2777211 0.012669777 0.024415083 0.99962162 -1.3960163
0.99986496 0.011171554 -0.012052517 30.281582 -0.011486341 0.99958618 -0.026372832 -0.28936618 0.011752904 0.02650771 0.99957952 -1.3835879
0.99986851 0.011297225 -0.011633315 31.219789 -0.011626277 0.99952283 -0.028617257 -0.29539947 0.011304469 0.028748746 0.99952275 -1.4194732
0.99987144 0.011417066 -0.011258137 32.14872 -0.011762472 0.99944684 -0.031107202 -0.29962316 0.010896756 0.031235626 0.99945265 -1.4644932
0.99985134 0.012222573 -0.012161776 33.154398 -0.01261216 0.99939248 -0.032490137 -0.27492408 0.011757274 0.032638694 0.99939806 -1.5608262
0.99982896 0.013037476 -0.013117479 34.154987 -0.013468775 0.99935307 -0.033347058 -0.25274783 0.012674231 0.033518031 0.99935775 -1.6596615
0.99980562 0.013856169 -0.014025674 35.149409 -0.014328246 0.99931446 -0.03413677 -0.2330888 0.013543054 0.034331098 0.99931875 -1.7528444
0.99977924 0.014681991 -0.015030547 36.142284 -0.015193636 0.99928879 -0.034511942 -0.21867481 0.014513153 0.034732692 0.99929125 -1.8556887
0.99975385 0.015511187 -0.015863447 37.12685 -0.016059586 0.9992566 -0.035047656 -0.20490746 0.015308023 0.03529379 0.99925973 -1.94375
0.9997487 0.016369445 -0.015316149 38.091733 -0.016916566 0.99919768 -0.036301793 -0.18931177 0.01470962 0.036551767 0.9992235 -1.9005349
0.99974073 0.017221572 -0.01489627 39.050547 -0.017771871 0.99913353 -0.037634523 -0.17793195 0.014235237 0.0378895 0.99918054 -1.8751602
0.99974102 0.018110017 -0.013781201 39.99994 -0.018628674 0.99908545 -0.038486819 -0.17182321 0.013071601 0.038733578 0.99916407 -1.7873117
0.99972859 0.018978808 -0.013511007 40.948152 -0.019492162 0.99905157 -0.038935927 -0.16290465 0.012759236 0.039188718 0.99915036 -1.7742705
0.99971528 0.019821776 -0.013283654 41.886924 -0.020343596 0.99897758 -0.040372529 -0.15135709 0.012469817 0.040631272 0.99909639 -1.7649445
0.99971568 0.019580247 -0.01360765 42.774922 -0.020142388 0.99889422 -0.042480938 -0.17547514 0.012760815 0.042742951 0.99900461 -1.7473526
0.99971095 0.019332315 -0.014292395 43.657024 -0.019948409 0.99881907 -0.04430034 -0.200826 0.013419089 0.044572646 0.99891602 -1.75967
0.99970615 0.019094766 -0.014933299 44.530451 -0.019759994 0.99875763 -0.045746372 -0.22760958 0.01404123 0.046028011 0.99884146 -1.7624058
0.99970251 0.01886754 -0.015456357 45.39243 -0.019574475 0.99870588 -0.046940449 -0.24963067 0.014550704 0.047229035 0.9987781 -1.7499328
0.99970463 0.018643167 -0.01559107 46.24092 -0.019380471 0.99863231 -0.048558385 -0.26991444 0.014664465 0.048846204 0.99869865 -1.716156
0.99969837 0.018399013 -0.016267736 47.082285 -0.019194548 0.99855571 -0.050180291 -0.29037108 0.015320973 0.050477407 0.99860768 -1.7243025
0.99969766 0.018179768 -0.016555641 47.913228 -0.019008507 0.99849936 -0.051358512 -0.3082186 0.015597111 0.051657683 0.99854305 -1.6995448
0.99969735 0.017975319 -0.016795948 48.733588 -0.018827476 0.99846769 -0.052036524 -0.32998368 0.015834839 0.052337 0.99850393 -1.6708434
0.99970257 0.01776362 -0.016710113 49.539751 -0.018633279 0.99839856 -0.053414595 -0.34759735 0.015734517 0.053710072 0.9984326 -1.6146385
0.99970485 0.017560395 -0.016788105 50.337853 -0.018447879 0.99835649 -0.054258631 -0.36461566 0.01580771 0.054552322 0.99838578 -1.5704326
0.99972839 0.016934059 -0.016012013 51.126978 -0.017766692 0.99841654 -0.053373762 -0.42348782 0.015082824 0.053643746 0.99844622 -1.5283329
0.99974968 0.016302961 -0.015323207 51.909297 -0.017087113 0.99847374 -0.052518848 -0.47585932 0.014443607 0.05276753 0.99850236 -1.4998234
0.9997792 0.015679226 -0.013989752 52.678631 -0.01638999 0.99850069 -0.052227741 -0.52933133 0.013149887 0.052445501 0.99853721 -1.4201134
0.99981301 0.015069035 -0.012119188 53.434102 -0.015682157 0.99851366 -0.052197213 -0.57503666 0.011314613 0.052377507 0.99856326 -1.2992982
0.99983754 0.014455394 -0.010767104 54.188116 -0.014991796 0.99855907 -0.051526938 -0.62515984 0.010006748 0.051679985 0.99861356 -1.2233194
0.99985847 0.01383339 -0.0095750803 54.932723 -0.014303945 0.9985984 -0.050957182 -0.67222876 0.0088567493 0.051086931 0.99865494 -1.1571176
0.99987892 0.01321693 -0.0082138439 55.668332 -0.013614519 0.9986364 -0.050398227 -0.71722763 0.0075365337 0.050503952 0.99869542 -1.082167
0.99989351 0.012590211 -0.0073789545 56.402234 -0.012939151 0.99869914 -0.049321442 -0.75878702 0.0067483882 0.049411667 0.9987557 -1.0485359
0.99991119 0.011976382 -0.005845423 57.122715 -0.012248073 0.99872867 -0.048898051 -0.79398043 0.0052523699 0.048965303 0.99878667 -0.96412268
0.99992302 0.011339147 -0.0050369127 57.833058 -0.011569242 0.99876678 -0.048281197 -0.82489881 0.0044832335 0.048335753 0.99882108 -0.92861902
0.9999221 0.011331859 -0.0052330731 58.538936 -0.011571687 0.99876425 -0.048332959 -0.82512044 0.004678904 0.048389749 0.99881757 -0.94522787
0.99991929 0.011314551 -0.0057794 59.23835 -0.011580231 0.99876975 -0.048216964 -0.82925421 0.0052267366 0.048279999 0.99882017 -0.98985537
0.99992161 0.011343644 -0.0053009269 59.91872 -0.011582776 0.99880411 -0.047499315 -0.83807169 0.0047557722 0.047556991 0.9988572 -0.95470987
0.99992083 0.011349662 -0.0054340396 60.592531 -0.011591978 0.9988343 -0.046857973 -0.83848109 0.0048958829 0.046917255 0.99888678 -0.9651593
0.99992052 0.011359127 -0.0054694106 61.256242 -0.011599993 0.99886344 -0.046230582 -0.83868492 0.0049380552 0.046290353 0.99891582 -0.97385285
0.99991921 0.011353804 -0.0057155635 61.908984 -0.01160515 0.99887157 -0.046053226 -0.83212183 0.0051862346 0.046115835 0.99892264 -0.99203949
0.99991785 0.011350348 -0.0059555385 62.548103 -0.011611283 0.99888404 -0.04578039 -0.82362809 0.005429269 0.045845781 0.99893378 -1.0079256
0.99991769 0.011352104 -0.0059783106 63.177245 -0.011613376 0.99888992 -0.045651369 -0.81663181 0.0054534351 0.045717039 0.99893954 -1.0153832
0.999919 0.011367452 -0.0057240474 63.792461 -0.011615197 0.9989064 -0.045289035 -0.80903257 0.0052029667 0.045351852 0.99895753 -1.0024389
0.99992025 0.011381108 -0.0054738384 64.395775 -0.011616157 0.99891857 -0.045019577 -0.7984177 0.0049555462 0.045079572 0.99897111 -0.97891398
0.99992035 0.011001324 -0.0061853862 64.96933 -0.011266973 0.99893723 -0.044692994 -0.8052099 0.0056871305 0.044759125 0.99898162 -1.0251492
0.99991596 0.010602404 -0.0074606848 65.537894 -0.01092305 0.99895689 -0.044337473 -0.80329302 0.0069828187 0.04441524 0.99898875 -1.1122952
0.99991159 0.01020888 -0.0085202236 66.097224 -0.010575116 0.99897081 -0.044107724 -0.79916322 0.0080611642 0.044193926 0.99899045 -1.1816899
0.99990629 0.0098173462 -0.0095407156 66.648164 -0.010226679 0.99898592 -0.043846776 -0.79450346 0.0091005816 0.043940237 0.99899271 -1.2470603
0.999903 0.0094414877 -0.010239794 67.184655 -0.0098772155 0.99901019 -0.043371481 -0.79173877 0.009820167 0.043468414 0.99900654 -1.2865091
0.99990383 0.0090796242 -0.010482927 67.70938 -0.0095226096 0.9990292 -0.043011275 -0.78957431 0.010082224 0.043106963 0.99901959 -1.302297
0.99989713 0.0086918338 -0.01140943 68.233373 -0.0091721866 0.99904382 -0.042747118 -0.78238724 0.01102697 0.04284737 0.99902077 -1.3625815
0.99988883 0.0083127164 -0.012378591 68.748392 -0.0088263713 0.99907711 -0.042035908 -0.77431855 0.012017734 0.042140493 0.99903942 -1.4191179
0.99987303 0.0079072882 -0.013834553 69.258842 -0.0084788213 0.99909198 -0.041753185 -0.76380006 0.013491836 0.041865184 0.99903217 -1.5002177
0.9998588 0.007525891 -0.01502501 69.762527 -0.0081347836 0.99913078 -0.040884208 -0.7498231 0.014704259 0.041000661 0.99905091 -1.5688706
0.99988647 0.0047733437 -0.014292056 70.29296 -0.0053514938 0.99915743 -0.040691449 -0.82840179 0.014085779 0.040763313 0.99906954 -1.5271974
0.99990575 0.0020146142 -0.013580406 70.813189 -0.0025661451 0.99916738 -0.040717958 -0.90437095 0.013487068 0.040748969 0.99907839 -1.4903096
0.99991401 -0.00075043068 -0.013092168 71.327686 0.00021700261 0.99917147 -0.040697995 -0.96975389 0.013111862 0.040691654 0.99908572 -1.4664541
0.99991539 -0.0035018178 -0.012527636 71.834264 0.0029957994 0.99918775 -0.040185359 -1.0352386 0.012658182 0.040144429 0.9991137 -1.433849
0.99991024 -0.0062605227 -0.011845437 72.331396 0.0057801328 0.99917641 -0.040163357 -1.097891 0.012087125 0.040091284 0.99912291 -1.4040691
0.99989883 -0.0090239906 -0.010995687 72.813997 0.0085701873 0.99913703 -0.040641659 -1.1539741 0.011352948 0.040543312 0.99911328 -1.3628913
0.9998749 -0.011796633 -0.010536764 73.294084 0.011355411 0.99909479 -0.040995879 -1.2034443 0.011010839 0.040871101 0.99910376 -1.3433748
0.99984354 -0.01455618 -0.010050138 73.766091 0.014135362 0.99906961 -0.040744379 -1.2549169 0.01063387 0.040595942 0.99911906 -1.3215458
0.99980417 -0.017315246 -0.0095814733 74.226085 0.016914475 0.99903893 -0.040436575 -1.3058228 0.010272434 0.04026659 0.99913617 -1.3031298
0.99975972 -0.020062432 -0.0088318465 74.669076 0.019694449 0.99900769 -0.039947081 -1.3548171 0.0096245181 0.039763544 0.99916276 -1.2643341
0.99977658 -0.019150637 -0.008946129 75.06815 0.018801452 0.99911566 -0.037608455 -1.3678341 0.0096584434 0.037431852 0.99925251 -1.2296304
0.99979688 -0.01822782 -0.0085994487 75.451589 0.017912547 0.99921214 -0.03541516 -1.3779434 0.0092382148 0.035253929 0.99933569 -1.1719297
0.99981476 -0.017301922 -0.0084320219 75.822705 0.017017742 0.99932088 -0.032682887 -1.3959839 0.0089917724 0.032533338 0.9994302 -1.1226876
0.99983275 -0.016377106 -0.0081401344 76.176363 0.01612444 0.99941405 -0.030191941 -1.4120853 0.0086298213 0.030055636 0.99951097 -1.0737444
0.99984813 -0.015465477 -0.0080332343 76.514198 0.015234061 0.99948872 -0.028111003 -1.4232188 0.0084638771 0.027984355 0.99957253 -1.0361566
0.99986569 -0.014542974 -0.0075561782 76.83543 0.014341748 0.99955815 -0.026035123 -1.4350488 0.0079314676 0.025923258 0.99963247 -0.97664241
0.9998736 -0.013669029 -0.0081200494 77.146084 0.013462159 0.99959663 -0.025007005 -1.4406387 0.0084585955 0.024894531 0.9996543 -0.97826728
0.99988531 -0.012781068 -0.0081247624 77.440703 0.012580303 0.99962558 -0.024298828 -1.4379549 0.0084322853 0.024193829 0.99967172 -0.95236428
0.99989432 -0.011883461 -0.008374804 77.730516 0.01169364 0.99968156 -0.022361409 -1.4489482 0.0086378681 0.022261114 0.99971487 -0.92770938
0.99990341 -0.010974219 -0.0085290239 78.013892 0.01080418 0.9997469 -0.019733239 -1.459389 0.0087434221 0.019639184 0.9997689 -0.90754187
0.99990124 -0.010824562 -0.0089634642 78.285017 0.010639312 0.99973399 -0.020463282 -1.4376821 0.009182586 0.020365896 0.99975042 -0.93098343
0.99990051 -0.010677095 -0.0092179406 78.544487 0.010474328 0.99970809 -0.021771972 -1.412524 0.0094477113 0.021673254 0.99972047 -0.95195238
0.99989448 -0.010544245 -0.0099921597 78.797488 0.010312555 0.99968315 -0.022961776 -1.3919788 0.010231108 0.022856308 0.99968641 -0.99959772
0.9998889 -0.010411295 -0.010666966 79.041893 0.01014876 0.99965131 -0.024377339 -1.3663638 0.010917046 0.024266374 0.99964592 -1.0348787
0.99989499 -0.010239932 -0.010254372 79.270657 0.0099763251 0.99962667 -0.0254361 -1.3418033 0.010511008 0.025331128 0.99962386 -1.0182064
0.99990898 -0.010031047 -0.009023248 79.490339 0.0097970828 0.99962401 -0.025609846 -1.3283585 0.0092767489 0.025519113 0.99963129 -0.95529982
0.99991373 -0.0098496983 -0.0086900441 79.706411 0.0096233216 0.99962291 -0.025718251 -1.3119545 0.0089400842 0.025632406 0.99963146 -0.93417957
0.99990254 -0.0097172335 -0.010024332 79.926092 0.0094582078 0.99962826 -0.025571304 -1.291111 0.010269088 0.025473999 0.99962274 -0.9921512
0.99988588 -0.009602006 -0.011663272 80.138775 0.0092944224 0.99961493 -0.026145907 -1.2584568 0.011909834 0.02603452 0.9995901 -1.0736694
0.999879 -0.0094583359 -0.012349957 80.33843 0.0091249601 0.99959978 -0.02677698 -1.234782 0.01259828 0.026661047 0.99956514 -1.1078195
0.9998754 -0.0092877432 -0.012764439 80.548614 0.0089518868 0.99961868 -0.02612181 -1.2455784 0.013002184 0.026004289 0.99957727 -1.1299403
0.9998786 -0.0091056943 -0.012643703 80.745402 0.0087773489 0.99962895 -0.025786133 -1.2499704 0.012873812 0.025672025 0.99958752 -1.1165479
0.99987551 -0.0089471081 -0.012996792 80.936735 0.0086065649 0.99962422 -0.026025846 -1.2496292 0.013224764 0.025910748 0.99957678 -1.131699
0.99985922 -0.0088119403 -0.014278829 81.128132 0.0084387423 0.9996266 -0.02598922 -1.2484073 0.014502513 0.025865066 0.99956024 -1.1896353
0.99984303 -0.0086592407 -0.015457555 81.316656 0.0082676412 0.99964772 -0.02522047 -1.2500042 0.015670499 0.025088714 0.9995624 -1.2323997
0.99982932 -0.0085060473 -0.016400296 81.49267 0.008097153 0.99965866 -0.024839356 -1.2563859 0.016605982 0.024702321 0.99955692 -1.2671306
0.99981535 -0.0083471196 -0.017308588 81.664663 0.0079257213 0.99967394 -0.024273506 -1.2589357 0.017505559 0.024131841 0.99955551 -1.3071782
0.99980182 -0.0081853617 -0.018147068 81.832454 0.0077539428 0.99968862 -0.023717709 -1.2585887 0.018335556 0.023572297 0.99955398 -1.3361419
0.9997899 -0.0080141913 -0.018866141 81.991015 0.0075802967 0.99970767 -0.022958827 -1.2617752 0.019044622 0.022810992 0.99955838 -1.3613264
0.99978269 -0.0078535917 -0.019310349 82.150363 0.0074091604 0.99970847 -0.022979998 -1.2609495 0.019485195 0.022831931 0.99954941 -1.3868034
0.99981464 -0.0079958249 -0.017514443 82.268402 0.0075764356 0.99968607 -0.023882211 -1.2616612 0.017699903 0.023745087 0.99956135 -1.3337191
0.99984059 -0.0081284655 -0.015897506 82.383051 0.0077421106 0.99967679 -0.024215238 -1.2642108 0.016089201 0.024088298 0.99958036 -1.2936838
0.99985558 -0.0082687882 -0.014847485 82.500448 0.0079091418 0.99967778 -0.024120196 -1.2643653 0.015042145 0.023999282 0.9995988 -1.2710973
0.99986242 -0.008427453 -0.014286909 82.615968 0.0080802861 0.99967483 -0.024185653 -1.267611 0.014486086 0.024066884 0.99960539 -1.2745052
0.99986598 -0.0085892413 -0.013936946 82.728689 0.0082515773 0.99967532 -0.024107221 -1.2691881 0.014139484 0.023988988 0.99961223 -1.2859429
0.99987008 -0.0087471881 -0.013539412 82.835539 0.0084216815 0.99967853 -0.023914545 -1.270157 0.013744244 0.023797413 0.99962232 -1.2998353
0.99987626 -0.008897957 -0.012972785 82.930099 0.0085900807 0.99968462 -0.02359809 -1.2752286 0.013178668 0.023483733 0.99963735 -1.3039356
0.99988481 -0.0090531094 -0.012182433 83.016499 0.0087609968 0.99967784 -0.023821612 -1.2732075 0.012394168 0.023712138 0.999642 -1.2961725
0.99989515 -0.0092053901 -0.01117797 83.095414 0.0089324606 0.9996666 -0.024225958 -1.2717273 0.011397253 0.024123571 0.99964401 -1.2885018
0.99990385 -0.009364077 -0.01022791 83.17265 0.009106368 0.999647 -0.024959062 -1.2660049 0.010458018 0.024863523 0.99963615 -1.2858376
0.99990022 -0.0098874813 -0.010088782 83.261756 0.0096308452 0.99963662 -0.025176886 -1.3000711 0.010334052 0.02507721 0.9996321 -1.2832638
0.9998955 -0.010410713 -0.01002984 83.352813 0.010154685 0.99962964 -0.025247938 -1.329051 0.010288974 0.02514345 0.9996309 -1.2811594
0.99988795 -0.010940253 -0.010217748 83.443336 0.010678998 0.99962331 -0.025282529 -1.3648455 0.010490497 0.025170581 0.99962813 -1.283882
0.99987903 -0.011471009 -0.0105042 83.523119 0.011203015 0.999619 -0.025225937 -1.4028427 0.010789564 0.025105207 0.99962659 -1.2956587
0.99987351 -0.011997739 -0.010441332 83.600766 0.011728035 0.99960553 -0.025519264 -1.4298212 0.010743387 0.025393579 0.9996198 -1.2968711
0.99986652 -0.012526272 -0.010489983 83.678001 0.012252854 0.9995937 -0.025735408 -1.4612385 0.01080809 0.025603441 0.99961375 -1.2966297
0.99986264 -0.01304583 -0.010223027 83.742263 0.012776889 0.99958171 -0.025945202 -1.4961172 0.010557228 0.025811019 0.99961109 -1.2859934
0.99985842 -0.013560544 -0.0099629465 83.810582 0.013299271 0.99957766 -0.025838635 -1.5263286 0.010309125 0.025702477 0.99961648 -1.2677779
0.99984983 -0.014087074 -0.01009319 83.871356 0.013822876 0.99957196 -0.025784094 -1.5564958 0.010452092 0.025640705 0.99961658 -1.2756394
0.99984178 -0.014611581 -0.010144903 83.930391 0.014346347 0.99956565 -0.025742657 -1.5893706 0.010516638 0.025593042 0.99961712 -1.2754745
0.99984295 -0.014275192 -0.010501726 83.970307 0.013999808 0.99956793 -0.025844801 -1.5599848 0.010866128 0.02569372 0.9996108 -1.2942124
0.99984449 -0.01393829 -0.010803367 84.004941 0.013653437 0.99956852 -0.026006967 -1.5278379 0.011161198 0.02585542 0.99960338 -1.311781
0.99984641 -0.013596633 -0.011058795 84.040786 0.013305867 0.99957457 -0.025954483 -1.4998693 0.011406983 0.025803349 0.99960195 -1.3168469
0.99984762 -0.013254649 -0.011360347 84.067513 0.012957922 0.99958296 -0.025806771 -1.472483 0.011697669 0.025655632 0.9996024 -1.3325017
0.99984769 -0.012916012 -0.011738022 84.089815 0.012610569 0.9995893 -0.025733433 -1.4429217 0.012065574 0.025581491 0.99959992 -1.3501743
0.9998499 -0.012572779 -0.01192084 84.109623 0.012262973 0.9995941 -0.025714921 -1.4130881 0.01223931 0.025564876 0.99959824 -1.3557612
0.999852 -0.012229002 -0.012100782 84.125269 0.011915216 0.99959941 -0.025671922 -1.3799264 0.012409877 0.025523939 0.99959718 -1.3635347
0.99985412 -0.011883592 -0.012268299 84.13776 0.011567019 0.99960636 -0.025560388 -1.3486392 0.012567219 0.025414751 0.999598 -1.3689134
0.99985448 -0.011542624 -0.012561632 84.143484 0.011219479 0.99961191 -0.025498084 -1.3152131 0.012851071 0.025353439 0.99959594 -1.3794813
0.99985523 -0.011200252 -0.012809046 84.141072 0.010871768 0.99961741 -0.025432999 -1.2864982 0.013089001 0.02529006 0.99959446 -1.3918432
0.99985361 -0.011208897 -0.012927771 84.12243 0.010873709 0.99961023 -0.025712937 -1.2830396 0.013210946 0.0255686 0.99958577 -1.3976744
0.99985159 -0.011218411 -0.013074737 84.108689 0.010875657 0.99960284 -0.025997642 -1.2798978 0.013361197 0.025851588 0.9995765 -1.4058549
0.99984991 -0.011220804 -0.013200511 84.097794 0.010875693 0.99960457 -0.02593131 -1.2760728 0.013486261 0.025783854 0.99957657 -1.412679
0.999852 -0.011213866 -0.013046854 84.084577 0.010874527 0.99960809 -0.025795717 -1.2743022 0.013331011 0.025650021 0.99958209 -1.4102155
0.99985463 -0.011208169 -0.012848593 84.06506 0.010873902 0.99960806 -0.025796964 -1.2735565 0.013132693 0.0256535 0.99958463 -1.3948195
0.99985624 -0.011204768 -0.012725733 84.048079 0.010873543 0.99960784 -0.025805537 -1.2721349 0.013009888 0.025663454 0.99958598 -1.3871701
0.99985618 -0.011202192 -0.012733048 84.033633 0.010872744 0.99961173 -0.025654699 -1.2733549 0.013015493 0.025512566 0.99958977 -1.3887879
0.99985616 -0.011200686 -0.012736171 84.019637 0.010872278 0.99961394 -0.025568771 -1.2727356 0.013017642 0.025426622 0.99959193 -1.3918514
0.99985714 -0.011199322 -0.012659662 84.004661 0.010872267 0.99961277 -0.025614478 -1.2693602 0.012941625 0.02547318 0.99959173 -1.3857882
0.99985985 -0.01118891 -0.012453168 83.986423 0.010870156 0.99961887 -0.025376067 -1.266918 0.012732353 0.025237143 0.99960041 -1.3746361
0.99985786 -0.011191843 -0.012609444 83.998114 0.01087024 0.99962103 -0.025291079 -1.2688276 0.012887719 0.025150416 0.9996006 -1.3616152
0.99985654 -0.011193829 -0.012711866 84.010333 0.010870316 0.99962232 -0.025239835 -1.2695999 0.012989596 0.025098032 0.9996006 -1.3428079
0.99985325 -0.011196772 -0.01296609 84.024559 0.010869897 0.99962806 -0.02501184 -1.2715878 0.013241319 0.02486723 0.99960307 -1.3336707
0.99985505 -0.011191914 -0.012830209 84.035162 0.010869098 0.99962936 -0.024960121 -1.2726604 0.013104805 0.02481705 0.99960611 -1.3051049
0.99985548 -0.011191706 -0.012797282 84.045935 0.010869205 0.9996284 -0.024998492 -1.2744865 0.013072302 0.024855783 0.99960557 -1.2832098
0.99985482 -0.011193151 -0.012847237 84.056987 0.010869395 0.99962837 -0.024999496 -1.2761035 0.013122286 0.024856225 0.99960491 -1.2632974
0.99985305 -0.01119173 -0.0129854 84.070444 0.010868232 0.99963531 -0.024721153 -1.278801 0.013257337 0.024576392 0.99961005 -1.247206
0.99985251 -0.011195475 -0.01302375 84.081699 0.0108692 0.99963188 -0.02485897 -1.2801832 0.013297264 0.024713746 0.99960613 -1.2287825
0.99985132 -0.011200495 -0.013110613 84.095003 0.01087029 0.99962855 -0.024992012 -1.2824193 0.013385666 0.02484578 0.99960168 -1.2167203
0.99985093 -0.011200409 -0.01314028 84.105979 0.010870113 0.99962975 -0.024943884 -1.2805272 0.013414797 0.02479733 0.99960249 -1.1964282
0.99985138 -0.011195013 -0.013110349 84.09776 0.010868612 0.99963562 -0.024708483 -1.2797145 0.013382183 0.02456232 0.99960873 -1.1941315
0.99985209 -0.011189262 -0.013061157 84.088269 0.01086706 0.99964115 -0.024484311 -1.280769 0.013330431 0.024338753 0.99961489 -1.1878286
0.99985477 -0.011186931 -0.012856434 84.078408 0.010867383 0.99963678 -0.024661808 -1.2781462 0.013127654 0.024518511 0.99961318 -1.176853
0.99985647 -0.011180756 -0.012729345 84.070365 0.010866055 0.99964007 -0.024528814 -1.276911 0.012999014 0.024386976 0.99961808 -1.1690594
0.99985511 -0.011183015 -0.012833561 84.062822 0.010866241 0.99964094 -0.02449307 -1.2762183 0.01310286 0.024350069 0.99961762 -1.1749283
0.99985469 -0.011183175 -0.012865944 84.053888 0.010866122 0.9996419 -0.024454221 -1.2760088 0.013134812 0.024310865 0.99961816 -1.1739193
0.99985419 -0.011183755 -0.012904734 84.047666 0.010866107 0.99964254 -0.024427818 -1.2757321 0.013173316 0.024284032 0.9996183 -1.1782331
0.99985632 -0.01117692 -0.0127446 84.037256 0.010864708 0.99964545 -0.024309204 -1.2748356 0.013011783 0.024167245 0.99962325 -1.1679372
0.99985751 -0.011173022 -0.012654335 84.029331 0.010863884 0.99964713 -0.024240212 -1.2745882 0.012920706 0.024099283 0.99962607 -1.1645583
0.99985505 -0.011177541 -0.012842958 84.024366 0.010864392 0.99964812 -0.024199272 -1.2739644 0.013108928 0.024056233 0.99962466 -1.1753186
0.99985577 -0.011171523 -0.012792403 84.023442 0.010862639 0.99965376 -0.023966044 -1.273859 0.013055711 0.023823628 0.99963092 -1.1731955
0.99985727 -0.011169412 -0.012676375 84.024366 0.010862538 0.99965236 -0.02402432 -1.2725433 0.012940305 0.023883194 0.999631 -1.1693975
0.99985635 -0.011172497 -0.012746137 84.023884 0.010863215 0.99965098 -0.024081293 -1.2743909 0.013010736 0.023939369 0.99962874 -1.1725838
0.99985493 -0.011175701 -0.012853645 84.024509 0.010863722 0.99965075 -0.024090547 -1.2742502 0.013118385 0.023947414 0.99962715 -1.1771315
0.99985389 -0.011176401 -0.012934073 84.023923 0.010863533 0.99965264 -0.024011996 -1.2760849 0.013197948 0.023867978 0.999628 -1.1761922
0.9998539 -0.011174684 -0.012934654 84.024388 0.010862955 0.99965474 -0.023924721 -1.276343 0.013197539 0.023780717 0.99963008 -1.1784524
0.99985515 -0.011171465 -0.012840738 84.021696 0.010862363 0.99965546 -0.023894831 -1.2772509 0.013103255 0.023751889 0.99963201 -1.1723416
0.99985499 -0.01116985 -0.01285403 84.021882 0.010861742 0.99965785 -0.02379496 -1.2773638 0.013115418 0.023651893 0.99963422 -1.1709193
0.99985599 -0.011167031 -0.012778564 84.022234 0.010861174 0.99965871 -0.023759344 -1.2775203 0.013039524 0.023617133 0.99963603 -1.1700824
0.99985568 -0.011167133 -0.012802927 84.022495 0.01086108 0.9996594 -0.023730305 -1.2774541 0.013063566 0.023587826 0.99963641 -1.168438
0.99985661 -0.011169263 -0.012728123 84.021868 0.01086221 0.99965431 -0.023942991 -1.2771399 0.012991148 0.023801302 0.9996323 -1.1680532
0.99985692 -0.01117003 -0.0127035 84.021682 0.010862604 0.99965254 -0.024016905 -1.2762704 0.012967356 0.023875475 0.99963084 -1.1664229
0.99985914 -0.011166583 -0.012530512 84.021719 0.010862354 0.99965078 -0.024089988 -1.2763328 0.012795139 0.023950484 0.99963126 -1.1612118
0.99985841 -0.011170055 -0.012585519 84.022424 0.010863248 0.9996484 -0.024187961 -1.276884 0.012851274 0.024047816 0.9996282 -1.1631284
0.99986113 -0.011163193 -0.012373212 84.020043 0.010862037 0.99964946 -0.024144983 -1.2766851 0.012638409 0.024007232 0.99963189 -1.1535425
0.99986246 -0.011159402 -0.012269091 84.019775 0.01086128 0.99965049 -0.024102439 -1.2761085 0.012533772 0.023965866 0.9996342 -1.1493706
0.99986506 -0.011151729 -0.012062331 84.018036 0.010859689 0.9996527 -0.024011252 -1.2769275 0.012325908 0.023877019 0.99963891 -1.1381729
0.99986597 -0.011149305 -0.011988551 84.017355 0.010859225 0.99965309 -0.023995198 -1.2763393 0.012251922 0.023861795 0.99964019 -1.1333304
0.99986561 -0.011149879 -0.012018797 84.017455 0.010859263 0.99965346 -0.023980093 -1.2757692 0.012282007 0.023846354 0.99964019 -1.1352314
0.99986435 -0.011149645 -0.012122654 84.018986 0.010858587 0.99965739 -0.023815877 -1.2775723 0.012384039 0.023681012 0.99964286 -1.1399838
0.99986446 -0.011152031 -0.012111551 84.019781 0.01085952 0.99965407 -0.0239544 -1.2775294 0.012374502 0.023819627 0.99963968 -1.1403971
0.99986487 -0.011150541 -0.012079503 84.020193 0.010859159 0.99965478 -0.023924841 -1.2748802 0.012342108 0.023790435 0.99964078 -1.1394795
0.99986359 -0.011155417 -0.012180291 84.02109 0.010860356 0.9996523 -0.024027663 -1.2743114 0.012444094 0.023892103 0.99963709 -1.1448111
0.9998635 -0.011154398 -0.012188246 84.020507 0.010859944 0.99965384 -0.023963678 -1.2751524 0.012451328 0.023828044 0.99963853 -1.1463428
0.99986353 -0.011155298 -0.01218549 84.020629 0.010860284 0.99965263 -0.024013923 -1.2744179 0.01244914 0.023878308 0.99963736 -1.1469818
0.99986389 -0.01115643 -0.012154873 84.020491 0.010860862 0.99965014 -0.024117336 -1.2751585 0.012419683 0.023982041 0.99963524 -1.1455291
0.99986417 -0.011154073 -0.012133413 84.021651 0.010860136 0.99965231 -0.024027351 -1.2756142 0.012397198 0.023892317 0.99963767 -1.1479606
0.99986334 -0.011156484 -0.012199445 84.022751 0.010860631 0.99965165 -0.024054483 -1.2756643 0.012463559 0.023918702 0.99963621 -1.1500033
0.99986219 -0.01116231 -0.012288271 84.023321 0.010862198 0.99964754 -0.024224246 -1.2740549 0.012554339 0.02408743 0.99963102 -1.1548475
0.99986304 -0.011161852 -0.012219258 84.020755 0.010862423 0.99964563 -0.024302732 -1.2734627 0.012486191 0.024166673 0.99962997 -1.1494442
0.99986375 -0.011161663 -0.012161471 84.020824 0.010862681 0.99964377 -0.02437916 -1.2727764 0.012429251 0.024243732 0.99962881 -1.1476096
0.99986491 -0.011161088 -0.012066195 84.019539 0.010863017 0.99964099 -0.02449257 -1.2724752 0.012335227 0.024358186 0.99962719 -1.1423747
0.99986475 -0.011162424 -0.012078173 84.019327 0.010863417 0.99963971 -0.024544602 -1.2721963 0.012347799 0.024410072 0.99962577 -1.1432985
0.99986548 -0.011161905 -0.012017703 84.020215 0.010863579 0.99963812 -0.024609372 -1.2714306 0.012288041 0.024475506 0.99962491 -1.1434701
0.99986707 -0.011161376 -0.011885374 84.019434 0.010864152 0.99963377 -0.024785199 -1.269064 0.012157658 0.02465278 0.99962214 -1.1367693
0.99986982 -0.011154977 -0.01165843 84.017202 0.010863203 0.99963347 -0.024797442 -1.2700975 0.011930772 0.024667565 0.99962451 -1.1281014
0.99987164 -0.01115171 -0.011503652 84.016831 0.010862944 0.99963176 -0.024866315 -1.2694191 0.011776718 0.02473816 0.9996246 -1.119405
0.9998714 -0.011152845 -0.011523459 84.018748 0.010863237 0.99963102 -0.024896164 -1.2686215 0.01179687 0.02476778 0.99962362 -1.1229447
0.99987193 -0.011156716 -0.011473761 84.017229 0.010864921 0.99962372 -0.025186894 -1.2681271 0.011750447 0.025059007 0.99961691 -1.1212256
0.99987294 -0.011158748 -0.01138326 84.015678 0.010866183 0.99961711 -0.025447286 -1.2663378 0.011662861 0.02532036 0.99961135 -1.1179859
0.99987385 -0.011156915 -0.01130493 84.014817 0.010866008 0.99961639 -0.025475401 -1.2652855 0.011584821 0.025349348 0.99961153 -1.1132695
0.9998748 -0.011155853 -0.011221674 84.013702 0.010866138 0.99961435 -0.025555287 -1.2650631 0.011502437 0.025430152 0.99961042 -1.1103031
0.99987375 -0.0111575 -0.011313247 84.014371 0.010866165 0.99961591 -0.025494133 -1.2655376 0.011593353 0.025367983 0.99961095 -1.1139527
0.99987119 -0.011169285 -0.01152587 84.015633 0.010868968 0.9996081 -0.025797641 -1.2635245 0.011809494 0.025669044 0.99960074 -1.1257416
0.99987152 -0.01117148 -0.011495431 84.015201 0.010869883 0.99960356 -0.025972518 -1.2634227 0.011781025 0.025844227 0.99959656 -1.1258782
0.99987289 -0.011171175 -0.011375858 84.01571 0.010870485 0.99959867 -0.026159644 -1.2621628 0.011663526 0.026032658 0.99959305 -1.1229002
0.99987055 -0.01118345 -0.0115682 84.016023 0.010873345 0.99958886 -0.026530938 -1.2587792 0.011860151 0.026401719 0.99958106 -1.1310296
0.99987135 -0.011183242 -0.011498627 84.015622 0.010873677 0.99958593 -0.02664082 -1.2572445 0.011791797 0.026512361 0.99957894 -1.1293366
0.99986942 -0.011188679 -0.011659863 84.016733 0.010874453 0.99958506 -0.026672997 -1.2576416 0.011953461 0.026542719 0.99957621 -1.1391525
0.99987218 -0.011180996 -0.011428765 84.01452 0.01087337 0.99958613 -0.026633523 -1.2594182 0.011721824 0.026505849 0.99957993 -1.1263234
0.99984989 -0.012404453 -0.012096803 83.97612 0.012090244 0.99959631 -0.0257106 -1.2815451 0.012410845 0.025560487 0.99959623 -1.1419514
0.9998277 -0.013625678 -0.012605829 83.936996 0.013307879 0.99959987 -0.024959882 -1.3030986 0.01294088 0.024787825 0.99960897 -1.1494403
0.99980233 -0.014847697 -0.013223146 83.8991 0.014526057 0.99960409 -0.02409662 -1.3248739 0.01357569 0.023899777 0.99962218 -1.1628458
0.99977772 -0.016063867 -0.013654852 83.860219 0.015743576 0.99960574 -0.023248698 -1.3474101 0.014022932 0.023028554 0.99963646 -1.1709683
0.99974833 -0.017281935 -0.014303942 83.823145 0.016962094 0.99960993 -0.022187466 -1.3712442 0.014681804 0.021939257 0.9996515 -1.1878844
0.99971769 -0.018500285 -0.014909124 83.785717 0.01818149 0.99960904 -0.021241706 -1.3934151 0.015296273 0.020964639 0.9996632 -1.2010194
0.99969048 -0.0197089 -0.015182114 83.744812 0.019398299 0.9996049 -0.020340919 -1.4150147 0.015577013 0.020040115 0.99967782 -1.1957969
0.9996597 -0.020920147 -0.015582951 83.706262 0.020616327 0.99959905 -0.019408854 -1.4384718 0.015982739 0.019080986 0.99969019 -1.2009669
0.99962701 -0.022135182 -0.015996093 83.667383 0.021835693 0.9995874 -0.018660821 -1.4602307 0.016402554 0.018304575 0.9996979 -1.2058593
0.99959228 -0.02334622 -0.016438356 83.627234 0.023054585 0.99957729 -0.017712617 -1.4801824 0.01684493 0.017326416 0.99970798 -1.2058545
0.99959518 -0.023342668 -0.016266261 83.626837 0.023052696 0.99957592 -0.01779175 -1.4798087 0.01667467 0.017409566 0.99970939 -1.1988805
0.99959387 -0.023348924 -0.016337968 83.627017 0.023054643 0.99957261 -0.017974404 -1.4792839 0.016750669 0.017590438 0.99970495 -1.2041142
0.99959583 -0.023343853 -0.016225006 83.626565 0.023052745 0.99957393 -0.017903239 -1.4803725 0.016636023 0.017521972 0.99970807 -1.1975491
0.99959483 -0.023347859 -0.01628063 83.627173 0.023054047 0.99957204 -0.01800675 -1.4805963 0.016694082 0.01762412 0.99970531 -1.2020756
0.99959384 -0.023351838 -0.016335664 83.627928 0.023055324 0.99957015 -0.01811008 -1.4809206 0.016751545 0.0177261 0.99970254 -1.2063708
0.99959526 -0.023350008 -0.016250755 83.627409 0.023054384 0.9995695 -0.018147033 -1.4805354 0.016667492 0.017765037 0.99970326 -1.2018275
0.99959524 -0.023350628 -0.016251133 83.627927 0.023054533 0.99956899 -0.018174814 -1.4802361 0.016668522 0.017792795 0.99970274 -1.2020002
0.9995962 -0.023345163 -0.016200187 83.627661 0.023052918 0.99957223 -0.017997763 -1.4822371 0.016613418 0.017617034 0.99970677 -1.2013354
0.99959748 -0.023344122 -0.016122459 83.626229 0.023052206 0.99957111 -0.018060676 -1.4827736 0.016537155 0.017681748 0.9997069 -1.1981786
0.99960024 -0.023339336 -0.01595737 83.626198 0.023050061 0.99957085 -0.018077751 -1.4801512 0.016372445 0.017702706 0.99970924 -1.1883743
0.99959873 -0.023345979 -0.016041913 83.628407 0.023052182 0.99956746 -0.01826151 -1.4780798 0.016461307 0.017884381 0.99970454 -1.1955783
0.99959735 -0.023348756 -0.016123543 83.626797 0.02305333 0.99956725 -0.018271645 -1.4790517 0.016543186 0.017892587 0.99970305 -1.1953766
0.99959594 -0.02335264 -0.016205012 83.627734 0.023054733 0.99956609 -0.018333161 -1.4789473 0.016626108 0.017952152 0.9997006 -1.1990334
0.99959662 -0.023354313 -0.016160601 83.627261 0.023054858 0.99956349 -0.018474585 -1.4780311 0.016585008 0.018094552 0.99969872 -1.2001483
0.99959821 -0.023352389 -0.016064808 83.625729 0.023053838 0.99956258 -0.018524905 -1.4791806 0.016490382 0.018147107 0.99969933 -1.1956917
0.99959761 -0.02335299 -0.016101443 83.626903 0.023054197 0.99956304 -0.018499304 -1.4797484 0.016526422 0.018120654 0.99969921 -1.1979886
0.99960112 -0.023347935 -0.015889207 83.624063 0.023051748 0.99956169 -0.018575382 -1.4800207 0.016315939 0.018201698 0.9997012 -1.1860023
0.99960149 -0.023348948 -0.015864911 83.625495 0.023051844 0.99956013 -0.018658784 -1.4782253 0.016293595 0.018285633 0.99970003 -1.1868709
0.9996015 -0.023350044 -0.01586255 83.62719 0.023052087 0.9995591 -0.018713761 -1.4795082 0.016292524 0.018340638 0.99969904 -1.1901466
0.99960065 -0.023352673 -0.015912068 83.626447 0.023052994 0.99955815 -0.018763555 -1.4761881 0.016343216 0.018389241 0.99969732 -1.1917305
0.99960016 -0.023353641 -0.015941232 83.624594 0.023053391 0.9995581 -0.018765631 -1.4770436 0.016372433 0.018390628 0.99969682 -1.1873953
0.99959913 -0.023358131 -0.015999527 83.624066 0.023054764 0.99955572 -0.018890006 -1.475963 0.016433654 0.018513569 0.99969354 -1.1893936
0.99960072 -0.023359031 -0.015898485 83.624644 0.023054356 0.99955204 -0.019084549 -1.4748493 0.01633716 0.0187104 0.99969146 -1.1886198
0.99960292 -0.023356046 -0.015763942 83.623566 0.023052878 0.99955088 -0.019147053 -1.4752012 0.016204061 0.018776046 0.9996924 -1.1830664
0.99960359 -0.023354306 -0.015723757 83.624107 0.023052243 0.99955131 -0.019125315 -1.4741362 0.016163361 0.018755266 0.99969345 -1.1805066
0.99960527 -0.023351366 -0.01562121 83.622299 0.023050961 0.99955102 -0.019141921 -1.4739325 0.016061187 0.018774281 0.99969474 -1.1760598
0.99960424 -0.023354911 -0.015681632 83.623324 0.023052128 0.99954951 -0.019219006 -1.4748342 0.016123426 0.018849904 0.99969231 -1.1799402
0.99960339 -0.023358293 -0.015730395 83.625079 0.023053177 0.99954781 -0.019306308 -1.4729484 0.016174245 0.018936015 0.99968986 -1.1831559
0.999603 -0.023360678 -0.015751569 83.624528 0.023053831 0.9995462 -0.019388419 -1.473089 0.016197348 0.019017588 0.99968794 -1.1849074
0.99960708 -0.02335409 -0.015500782 83.622553 0.02305086 0.99954486 -0.019460849 -1.47276 0.015948217 0.019095896 0.99969045 -1.1737321
0.99960789 -0.023353996 -0.015448281 83.621016 0.023050524 0.99954334 -0.019539122 -1.4700718 0.015897543 0.01917537 0.99968974 -1.1655366
0.99960845 -0.023351963 -0.015415575 83.620533 0.023049872 0.99954429 -0.019491637 -1.4697816 0.015863718 0.019128677 0.99969117 -1.1636789
0.99960724 -0.0233539 -0.015490498 83.621318 0.023050755 0.99954473 -0.019467764 -1.4700842 0.015938094 0.01910305 0.99969048 -1.170241
0.99960662 -0.0233558 -0.015527594 83.621601 0.023051402 0.99954405 -0.019501822 -1.4691289 0.015975995 0.019136218 0.99968924 -1.1720321
0.9996049 -0.023359931 -0.015632243 83.623581 0.023052944 0.9995433 -0.0195383 -1.4690214 0.016081517 0.019170211 0.99968689 -1.1770833
0.99960877 -0.023355354 -0.015389709 83.621104 0.023050474 0.99954021 -0.019698884 -1.4687761 0.015842708 0.019336437 0.99968751 -1.1662043
0.99960718 -0.02336082 -0.015484225 83.621212 0.023052236 0.99953784 -0.019816534 -1.4662974 0.015939999 0.019451803 0.99968372 -1.1717118
0.99960573 -0.023363328 -0.015573387 83.622248 0.023053316 0.9995382 -0.019797381 -1.4662144 0.016028728 0.019430557 0.99968272 -1.1758484
0.99960885 -0.023356781 -0.015381882 83.62021 0.02305074 0.99953857 -0.01978169 -1.4650056 0.015836821 0.019419389 0.99968599 -1.1667682
0.99960785 -0.023361209 -0.015440125 83.62022 0.02305205 0.99953606 -0.019906654 -1.4646906 0.015898005 0.019542921 0.99968261 -1.1718524
0.99961001 -0.023352461 -0.015313072 83.618212 0.023049372 0.99954062 -0.019679348 -1.4646462 0.015765598 0.019318717 0.99968907 -1.1642704
0.99961148 -0.023349089 -0.015222059 83.618296 0.02304807 0.99954104 -0.019659485 -1.4660163 0.015674104 0.019301008 0.99969085 -1.1619961
0.99961155 -0.023349534 -0.015216607 83.617505 0.023048138 0.99954043 -0.019690194 -1.4670994 0.015669371 0.019331831 0.99969033 -1.1611316
0.9996119 -0.023346822 -0.015197654 83.617156 0.023047408 0.99954248 -0.019587046 -1.4664715 0.015647996 0.019229177 0.99969264 -1.1602771
0.9996116 -0.02334714 -0.01521706 83.618004 0.023047596 0.99954278 -0.019571521 -1.466304 0.015667041 0.019213202 0.99969265 -1.1604589
