1 0 0 -0.5 0 1 0 0 0 0 1 0
0.9999951 -0.00020361765 -0.0031242151 -0.019983824 0.00021477096 0.9999936 0.0035700371 0.097040789 0.0031234682 -0.0035706905 0.99998875 -0.44039028
0.9999951 -0.00020361765 -0.0031242151 -0.019983824 0.00021477096 0.9999936 0.0035700371 0.097040789 0.0031234682 -0.0035706905 0.99998875 -0.44039028
0.9999951 -0.00020361765 -0.0031242151 -0.019983824 0.00021477096 0.9999936 0.0035700371 0.097040789 0.0031234682 -0.0035706905 0.99998875 -0.44039028
0.9999951 -0.00020361765 -0.0031242151 -0.019983824 0.00021477096 0.9999936 0.0035700371 0.097040789 0.0031234682 -0.0035706905 0.99998875 -0.44039028
0.9999951 -0.00020361765 -0.0031242151 -0.019983824 0.00021477096 0.9999936 0.0035700371 0.097040789 0.0031234682 -0.0035706905 0.99998875 -0.44039028
0.9999951 -0.00020361765 -0.0031242151 -0.019983824 0.00021477096 0.9999936 0.0035700371 0.097040789 0.0031234682 -0.0035706905 0.99998875 -0.44039028
0.9999951 -0.00020361765 -0.0031242151 -0.019983824 0.00021477096 0.9999936 0.0035700371 0.097040789 0.0031234682 -0.0035706905 0.99998875 -0.44039028
0.9999951 -0.00020361765 -0.0031242151 -0.019983824 0.00021477096 0.9999936 0.0035700371 0.097040789 0.0031234682 -0.0035706905 0.99998875 -0.44039028
0.9999951 -0.00020361765 -0.0031242151 -0.019983824 0.00021477096 0.9999936 0.0035700371 0.097040789 0.0031234682 -0.0035706905 0.99998875 -0.44039028
0.9999951 -0.00020361765 -0.0031242151 -0.019983824 0.00021477096 0.9999936 0.0035700371 0.097040789 0.0031234682 -0.0035706905 0.99998875 -0.44039028
0.9999951 -0.00020361765 -0.0031242151 -0.019983824 0.00021477096 0.9999936 0.0035700371 0.097040789 0.0031234682 -0.0035706905 0.99998875 -0.44039028
0.9999951 -0.00020361765 -0.0031242151 -0.019983824 0.00021477096 0.9999936 0.0035700371 0.097040789 0.0031234682 -0.0035706905 0.99998875 -0.44039028
0.9999951 -0.00020361765 -0.0031242151 -0.019983824 0.00021477096 0.9999936 0.0035700371 0.097040789 0.0031234682 -0.0035706905 0.99998875 -0.44039028
0.9999951 -0.00020361765 -0.0031242151 -0.019983824 0.00021477096 0.9999936 0.0035700371 0.097040789 0.0031234682 -0.0035706905 0.99998875 -0.44039028
0.9999951 -0.00020361765 -0.0031242151 -0.019983824 0.00021477096 0.9999936 0.0035700371 0.097040789 0.0031234682 -0.0035706905 0.99998875 -0.44039028
0.9999951 -0.00020361765 -0.0031242151 -0.019983824 0.00021477096 0.9999936 0.0035700371 0.097040789 0.0031234682 -0.0035706905 0.99998875 -0.44039028
0.9999951 -0.00020361765 -0.0031242151 -0.019983824 0.00021477096 0.9999936 0.0035700371 0.097040789 0.0031234682 -0.0035706905 0.99998875 -0.44039028
0.9999951 -0.00020361765 -0.0031242151 -0.019983824 0.00021477096 0.9999936 0.0035700371 0.097040789 0.0031234682 -0.0035706905 0.99998875 -0.44039028
0.9999951 -0.00020361765 -0.0031242151 -0.019983824 0.00021477096 0.9999936 0.0035700371 0.097040789 0.0031234682 -0.0035706905 0.99998875 -0.44039028
0.9999951 -0.00020361765 -0.0031242151 -0.019983824 0.00021477096 0.9999936 0.0035700371 0.097040789 0.0031234682 -0.0035706905 0.99998875 -0.44039028
0.9999951 -0.00020361765 -0.0031242151 -0.019983824 0.00021477096 0.9999936 0.0035700371 0.097040789 0.0031234682 -0.0035706905 0.99998875 -0.44039028
0.9999951 -0.00020361765 -0.0031242151 -0.019983824 0.00021477096 0.9999936 0.0035700371 0.097040789 0.0031234682 -0.0035706905 0.99998875 -0.44039028
0.9999951 -0.00020361765 -0.0031242151 -0.019983824 0.00021477096 0.9999936 0.0035700371 0.097040789 0.0031234682 -0.0035706905 0.99998875 -0.44039028
0.9999951 -0.00020361765 -0.0031242151 -0.019983824 0.00021477096 0.9999936 0.0035700371 0.097040789 0.0031234682 -0.0035706905 0.99998875 -0.44039028
0.9999951 -0.00020361765 -0.0031242151 -0.019983824 0.00021477096 0.9999936 0.0035700371 0.097040789 0.0031234682 -0.0035706905 0.99998875 -0.44039028
0.9999951 -0.00020361765 -0.0031242151 -0.019983824 0.00021477096 0.9999936 0.0035700371 0.097040789 0.0031234682 -0.0035706905 0.99998875 -0.44039028
0.99998145 -0.00026928951 -0.0060849292 0.051311044 0.00027222476 0.99999985 0.00048155743 0.050665528 0.0060847986 -0.00048320497 0.99998137 0.024496294
0.99998145 -0.00026928951 -0.0060849292 0.051311044 0.00027222476 0.99999985 0.00048155743 0.050665528 0.0060847986 -0.00048320497 0.99998137 0.024496294
0.99998145 -0.00026928951 -0.0060849292 0.051311044 0.00027222476 0.99999985 0.00048155743 0.050665528 0.0060847986 -0.00048320497 0.99998137 0.024496294
0.99997458 0.00064255014 0.007100565 -0.19208767 -0.00065437147 0.9999984 0.0016626455 0.067147182 -0.0070994853 -0.0016672496 0.99997341 0.11400561
0.99989668 -0.0014457356 0.01430184 0.089608474 0.0014056888 0.99999506 0.002809774 0.13578863 -0.014305831 -0.0027893798 0.99989378 0.91110531
0.99995944 -0.00064960978 0.0089831734 0.049886951 0.00064597167 0.99999971 0.00040788677 0.035193996 -0.0089834357 -0.00040206735 0.99995957 0.6617871
0.99994285 -0.00032556043 0.010686183 0.039169244 0.0001906078 0.99992025 0.012627294 -0.0082944604 -0.010689442 -0.012624535 0.99986317 0.49470782
0.99999422 -0.001107758 0.0032135148 0.033385342 0.0011242619 0.99998617 -0.0051385106 -0.0063452679 -0.0032077781 0.0051420938 0.99998163 0.20690243
0.99997769 -0.0011039228 -0.0065872049 0.0034104894 0.001108676 0.99999913 0.00071797285 -0.0029110435 0.0065864066 -0.00072525992 0.99997805 -0.42225055
0.99996053 -0.00092361603 -0.0088365492 -0.060841115 0.00089777667 0.99999531 -0.0029276664 0.0058755714 0.0088392118 0.0029196176 0.99995667 -0.57096414
0.99999155 -0.0013310496 -0.0038905183 -0.012169219 0.0013224245 0.99999666 -0.0022186702 0.025063021 0.0038934585 0.0022135066 0.99998997 -0.17824853
0.99999119 -0.0010859779 -0.0040538846 -0.055937576 0.0010733646 0.99999458 -0.0031122925 -0.031469698 0.0040572425 0.0031079138 0.99998694 -0.34189613
0.99999952 -0.00089226531 0.00040572763 0.06970896 0.00089352674 0.99999473 -0.00311958 -0.036474706 -0.000402942 0.003119941 0.99999505 0.15181357
0.99999344 -0.00082807858 0.0035255882 -0.024497303 0.00083051407 0.99999942 -0.00068939567 0.0044327579 -0.0035250153 0.0006923192 0.99999355 0.28583821
0.99999726 -0.0010657388 0.0020846456 -0.0044600457 0.001059472 0.99999492 0.0030049499 0.073409968 -0.0020878375 -0.003002733 0.99999331 0.19002718
0.99999908 0.00044665654 -0.0012798747 -0.0013569004 -0.00044815741 0.99999921 -0.0011726221 0.062122271 0.0012793499 0.0011731946 0.99999849 -0.12365963
0.9999956 0.00027375617 -0.0029526941 0.015465265 -0.00027677288 0.99999944 -0.0010213188 0.097744314 0.0029524129 0.0010221315 0.99999512 -0.25192118
0.99999854 0.00060784726 0.0015939305 -0.035387177 -0.00061112445 0.9999977 0.0020563615 0.10977356 -0.0015926769 -0.0020573326 0.99999662 0.11590078
0.99999933 0.00055204087 0.0010149817 0.026200582 -0.00055334839 0.99999902 0.0012883945 0.16602174 -0.0010142695 -0.0012889553 0.99999865 0.042267303
0.99999954 0.00046213287 0.00084033364 -0.002469495 -0.00046231952 0.99999987 0.00022192931 0.10927386 -0.00084023097 -0.00022231771 0.99999962 0.039280951
0.99999901 7.3697958e-05 -0.0014064593 -0.0095113504 -7.5358598e-05 0.9999993 -0.0011807075 0.093270733 0.0014063713 0.0011808123 0.99999831 -0.12308873
0.99999965 -0.00010876508 0.00083506787 -0.00087869113 0.00010725954 0.99999837 0.0018027214 0.046488814 -0.00083526258 -0.0018026312 0.99999803 0.055073582
0.9999986 -0.0010405158 0.0013074135 0.014581094 0.0010405065 0.99999946 7.8327365e-06 0.04614735 -0.0013074209 -6.4723534e-06 0.99999915 0.090840481
0.99999947 -0.00088515459 -0.00052867935 -0.0063304626 0.00088467644 0.9999992 -0.00090396544 0.0095118142 0.00052947908 0.00090349725 0.99999945 -0.0076989565
0.99999992 -0.00037758542 8.9356635e-05 -0.030892498 0.00037764395 0.99999971 -0.00065590171 0.059230591 -8.9108951e-05 0.00065593541 0.99999978 0.017961616
0.99999905 -5.7319724e-05 0.0013799498 0.029401743 5.6236561e-05 0.99999969 0.00078495507 0.093246001 -0.0013799943 -0.00078487671 0.99999874 0.084019955
0.99999998 -2.4652203e-05 0.00017810866 -0.018488156 2.4635509e-05 1 9.3736025e-05 0.064144242 -0.00017811097 -9.3731636e-05 0.99999998 -0.031792684
0.99999995 -0.00023419799 0.00022963023 0.01088542 0.00023421697 0.99999997 -8.2630766e-05 0.1017726 -0.00022961087 8.2684545e-05 0.99999997 0.027984308
0.99999938 0.00024986521 -0.0010855278 0.024819765 -0.00024982531 0.99999997 3.6891569e-05 0.057047509 0.001085537 -3.6620354e-05 0.99999941 -0.0296368
0.99999848 -6.420663e-05 -0.0017408073 -0.019250629 6.1783701e-05 0.99999903 -0.0013918603 0.088424189 0.0017408949 0.0013917507 0.99999752 -0.096541072
0.99999927 -4.1972363e-05 0.0012078962 -0.0033764858 4.1121196e-05 0.99999975 0.00070468548 0.089727822 -0.0012079255 -0.0007046353 0.99999902 0.086075664
0.99999995 0.00030490515 -1.0633728e-06 -0.023785257 -0.00030490593 0.9999996 -0.0008364568 0.097325691 8.0833237e-07 0.00083645709 0.99999965 -0.0085800363
0.99999995 7.7320364e-05 -0.0003080258 0.0024477202 -7.7605582e-05 0.99999957 -0.00092604928 0.11468823 0.00030795406 0.00092607314 0.99999952 -0.031428284
0.99999917 0.00087241926 -0.00095285729 0.011625532 -0.00087267995 0.99999958 -0.00027320624 0.12355737 0.00095261854 0.00027403756 0.99999951 -0.034303806
0.99999967 0.00071322307 0.00039070323 -0.026859691 -0.00071342689 0.99999961 0.00052177225 0.12987582 -0.00039033093 -0.00052205081 0.99999979 0.015249006
0.99999954 0.00093943101 0.00018318552 0.0056886102 -0.00093955887 0.99999931 0.00069914893 0.12294177 -0.0001825286 -0.00069932072 0.99999974 0.001049113
0.99999908 0.0013073346 -0.0003677863 -0.036977601 -0.0013070138 0.99999877 0.00087123267 0.15526141 0.00036892484 -0.00087075116 0.99999955 -0.044892124
0.99999967 0.00080489403 8.4715848e-05 0.006469307 -0.0008048739 0.99999965 -0.00023746479 0.12447144 -8.4906952e-05 0.00023739652 0.99999997 0.026058682
0.99998355 0.0006559793 -0.0056984072 -0.035343134 -0.00066605677 0.99999822 -0.0017667532 0.12702792 0.0056972381 0.0017705196 0.9999822 -0.30956924
0.99998791 0.00087421646 0.0048399922 0.029448321 -0.00087421159 0.99999962 -3.1208967e-06 0.12450389 -0.0048399931 -1.1103183e-06 0.99998829 0.26307817
0.99999902 0.00075047999 0.0011851224 -0.022657791 -0.00075186008 0.99999904 0.0011644987 0.091067554 -0.0011842473 -0.0011653886 0.99999862 0.07946244
0.99999767 -9.403951e-05 0.0021583727 0.040732266 9.1100879e-05 0.99999907 0.001361561 0.075400489 -0.0021584988 -0.0013613612 0.99999674 0.092902034
0.99999983 -0.00037445672 -0.00044159526 -0.015157486 0.00037437094 0.99999991 -0.0001943206 0.02974938 0.00044166799 0.00019415525 0.99999988 -0.033049721
0.99999987 -0.0001608343 -0.00047814286 -0.010347921 0.00016046912 0.9999997 -0.0007636841 0.075123862 0.00047826554 0.00076360728 0.99999959 -0.019476914
0.99999993 0.00013042587 0.00034510728 0.0044214622 -0.00013036675 0.99999998 -0.00017131408 0.072758675 -0.00034512961 0.00017126907 0.99999993 0.033730024
0.99999955 0.0005537951 -0.00077324792 0.017521165 -0.00055453318 0.99999939 -0.00095462202 0.056771893 0.00077271878 0.00095505038 0.99999925 -0.047232239
0.99999973 0.00044519204 0.00059040324 -0.015248778 -0.00044584564 0.99999929 0.0011073754 0.10235223 -0.00058990982 -0.0011076383 0.99999921 0.020948952
0.99999953 0.00068729191 0.00068620665 -0.026180725 -0.00068767537 0.99999961 0.00055872875 0.095678156 -0.00068582237 -0.00055920037 0.99999961 0.01337458
0.99999933 0.00062266678 -0.00097662742 -0.013422388 -0.00062206482 0.99999962 0.00061654672 0.080984308 0.00097701095 -0.00061593878 0.99999933 -0.05960064
0.99999968 0.00035330045 -0.00071156777 0.012296656 -0.0003535439 0.99999988 -0.00034202992 0.087526702 0.00071144685 0.00034228139 0.99999969 -0.030216683
0.99999988 -0.00013740636 -0.00047057508 0.027352986 0.00013715658 0.99999985 -0.00053077467 0.07430164 0.00047064794 0.00053071007 0.99999975 -0.0026783183
0.9999999 -5.2765946e-05 0.00043436832 -0.015827289 5.2816665e-05 0.99999999 -0.00011675377 0.063964711 -0.00043436216 0.0001167767 0.9999999 0.0089054825
0.99999995 0.00025561169 0.00016971131 -0.0073652724 -0.0002556471 0.99999995 0.00020867625 0.055928607 -0.00016965796 -0.00020871963 0.99999996 0.0087323213
0.9999997 0.00055666291 0.0005448993 0.00072738837 -0.00055722827 0.99999931 0.0010379424 0.1073198 -0.00054432114 -0.0010382457 0.99999931 0.0044532489
0.99999896 0.0013856402 0.00038910121 -0.045441796 -0.0013857074 0.99999903 0.00017262914 0.10460066 -0.00038886162 -0.00017316814 0.99999991 0.011482398
0.99999925 0.00072929765 0.00098369967 0.02726137 -0.0007300865 0.99999941 0.00080179968 0.11646222 -0.00098311434 -0.00080251727 0.99999919 0.040734346
0.99999943 0.0010564798 0.00017063032 -0.015010976 -0.0010565788 0.99999927 0.00058128162 0.10748224 -0.00017001609 -0.00058146157 0.99999982 -0.0020885858
0.99999945 0.0010294252 0.00022142538 -0.0033339217 -0.0010296078 0.99999913 0.0008260139 0.10201759 -0.00022057487 -0.00082624143 0.99999963 -0.012054176
0.99999971 0.00044836198 0.00062029114 -0.013586742 -0.00044870933 0.99999974 0.0005599597 0.067748239 -0.00062003992 -0.00056023787 0.99999965 0.019237955
0.99999994 -0.00016641537 0.00029450128 0.022644189 0.0001662725 0.99999987 0.0004850751 0.034886813 -0.00029458197 -0.0004850261 0.99999984 0.0021980357
0.99999996 -0.00025604648 -8.8896657e-05 0.011518291 0.0002561438 0.99999937 0.0010964517 0.036356366 8.8615858e-05 -0.0010964744 0.99999939 -0.0090524516
0.99999987 -0.00039908462 -0.00031525875 0.026642446 0.00039924941 0.99999978 0.00052281845 0.048117168 0.00031505003 -0.00052294425 0.99999981 -0.043286109
0.99999996 -0.00025949528 5.3278457e-05 0.0095584788 0.00025942626 0.99999913 0.0012913752 0.012351877 -5.3613517e-05 -0.0012913614 0.99999916 -0.0033572211
0.99999934 -0.00099887926 0.00057127187 0.046829525 0.00099868972 0.99999945 0.00033196529 -0.00088199951 -0.00057160315 -0.00033139454 0.99999978 -0.0027051783
0.99999877 -0.0014312182 0.00064872579 0.027620143 0.0014309313 0.99999888 0.00044255658 -0.01893981 -0.00064935845 -0.00044162775 0.99999969 0.029050892
0.99999879 -0.0014884131 0.0004584187 0.012950302 0.0014881989 0.99999878 0.00046726433 -0.064945595 -0.00045911362 -0.00046658155 0.99999979 0.016840759
0.99999847 -0.0015981559 -0.00071305173 0.065122965 0.001598579 0.99999855 0.00059322335 -0.041845499 0.00071210263 -0.00059436231 0.99999957 -0.023223287
0.99999904 -0.001371701 0.00021645381 0.05135521 0.0013717854 0.99999898 -0.0003903107 -0.025756917 -0.0002159182 0.00039060725 0.9999999 0.00026938528
0.99999827 -0.0018243323 0.00035841681 0.035592994 0.0018242618 0.99999832 0.00019698298 -0.072999076 -0.00035877557 -0.0001963288 0.99999992 0.028712953
0.99999853 -0.0015213618 -0.00079108114 0.044253352 0.001521599 0.9999988 0.00029928711 -0.062102595 0.00079062487 -0.00030049038 0.99999964 -0.039911534
0.99999792 -0.0020156831 -0.00029681335 0.052825705 0.0020157223 0.99999796 0.00013173221 -0.066713405 0.00029654721 -0.00013233023 0.99999995 -0.017861405
0.99999797 -0.0020103089 0.00010286366 0.067150031 0.0020101624 0.99999699 0.0014045121 -0.065282583 -0.00010568686 -0.0014043025 0.99999901 -0.012119031
0.99999271 -0.0018435196 -0.003344435 0.035857323 0.0018497678 0.99999655 0.0018661078 -0.066459757 0.0033409832 -0.0018722807 0.99999267 -0.17731064
0.99999731 -0.0020183101 -0.0011462549 0.052941233 0.0020193496 0.99999755 0.00090638004 -0.067444464 0.0011444227 -0.00090869229 0.99999893 -0.074712455
0.99999753 -0.0021223054 -0.00065915147 -9.8317732e-05 0.0021223024 0.99999775 -5.2031884e-06 -0.090443196 0.00065916102 3.8042568e-06 0.99999978 -0.053075531
0.9999988 -0.0013255624 0.00079589625 0.038999614 0.0013250152 0.99999889 0.000687664 -0.052863023 -0.0007968069 -0.0006866086 0.99999945 0.02809002
0.99999936 -0.0011307387 6.9962212e-05 0.032117827 0.0011306589 0.99999872 0.0011304868 -0.029231639 -7.1240408e-05 -0.001130407 0.99999936 0.0060146785
0.99999934 0.00097824271 -0.00060721179 -0.046121766 -0.00097774666 0.99999919 0.00081669839 0.063331746 0.00060801023 -0.00081610415 0.99999948 -0.055696906
0.99999795 0.0017722308 -0.00098439676 0.0060507066 -0.0017702787 0.99999647 0.0019804511 0.10135813 0.00098790311 -0.0019787043 0.99999755 -0.05582005
0.99999568 0.0024948687 -0.0015540179 -0.044454652 -0.0024938721 0.99999668 0.0006428937 0.13184376 0.0015556167 -0.0006390154 0.99999859 -0.052836447
0.99999708 0.0018488249 -0.001555497 -0.015303005 -0.0018522148 0.99999591 -0.0021806892 0.090287498 0.0015514589 0.0021835639 0.99999641 -0.032457544
0.99999929 0.00093786362 0.00073279621 -0.012509869 -0.00093645126 0.99999771 -0.0019253304 0.043232711 -0.00073460023 0.0019246428 0.99999788 0.05118404
0.99999522 0.00041743307 0.003065232 0.01996155 -0.00041652317 0.99999987 -0.00029747681 0.038675666 -0.0030653558 0.00029619865 0.99999526 0.10417695
0.99999847 0.00012415616 0.0017468945 0.020892827 -0.00012765031 0.99999799 0.0020002377 0.027782711 -0.0017466427 -0.0020004576 0.99999647 0.036644076
0.99999994 -0.00013326553 0.00032234944 -0.017315694 0.00013253133 0.9999974 0.0022766119 0.016265262 -0.000322652 -0.002276569 0.99999736 0.0063529235
0.99999997 -9.9844897e-05 -0.00021394322 0.007448793 9.9827339e-05 0.99999999 -8.2077778e-05 0.017183721 0.00021395141 8.2056418e-05 0.99999997 3.1575081e-05
0.99999993 0.00016202017 -0.0003298703 0.013490497 -0.00016253441 0.99999877 -0.0015594717 0.017938882 0.00032961723 0.0015595252 0.99999873 0.01941475
0.99999995 3.1648505e-05 -0.0003166683 -0.0067889371 -3.1978005e-05 0.99999946 -0.0010405699 0.0046062854 0.0003166352 0.00104058 0.99999941 -0.00080958228
0.99999986 0.0001535442 0.00051571233 0.017125637 -0.00015350383 0.99999999 -7.8327871e-05 0.013667113 -0.00051572435 7.8248696e-05 0.99999986 0.01279815
0.99999967 0.00016150412 0.00079782232 0.0061808775 -0.00016136796 0.99999997 -0.00017072616 0.024780199 -0.00079784988 0.00017059736 0.99999967 0.036920504
0.99999931 0.00051816999 0.0010520108 0.008448398 -0.0005182445 0.99999986 7.0554739e-05 0.041323686 -0.0010519741 -7.1099889e-05 0.99999944 0.05038159
0.99999963 0.00013297888 0.0008473895 0.029147439 -0.00013318162 0.99999996 0.00023919322 0.033160463 -0.00084735766 -0.00023930599 0.99999961 0.059230829
0.99999976 -0.0004128577 0.00056014365 0.0093993757 0.00041314085 0.99999979 -0.00050546228 -0.011921295 -0.00055993485 0.00050569357 0.99999972 0.017825967
0.99999931 -0.0010337364 0.00056598815 0.048537186 0.0010339548 0.99999939 -0.00038576705 -0.032131382 -0.00056558902 0.00038635199 0.99999977 0.034882101
0.99999984 -0.00057078603 -5.2196078e-05 0.032787904 0.00057078704 0.99999984 1.9269074e-05 -0.0087161715 5.2185071e-05 -1.9298864e-05 1 0.0096054066
0.99999949 -0.0005683564 -0.00083048619 0.025897754 0.00056796735 0.99999973 -0.00046861883 -0.03060385 0.00083075231 0.0004681469 0.99999955 -0.0017291898
0.99999934 -0.00059287696 -0.00098887832 0.022364738 0.00059161588 0.99999901 -0.0012750663 -0.029935879 0.00098963331 0.0012744804 0.9999987 -0.035251542
0.99999986 -0.00052784409 -8.4872259e-05 0.028135492 0.00052776483 0.99999943 -0.00093121494 -0.023266154 8.5363747e-05 0.00093117001 0.99999956 -0.0081568482
0.99999916 -0.00081972312 0.0010051748 0.018722126 0.00081991571 0.99999965 -0.00019120346 -0.034070838 -0.0010050177 0.00019202745 0.99999948 0.03251327
0.99999905 -0.001037818 0.00090862118 0.040850052 0.0010370653 0.99999912 0.00082840955 -0.022276502 -0.00090948012 -0.00082746646 0.99999924 0.032878241
0.99999886 -0.00078233912 0.0012909351 0.038829519 0.00078104332 0.99999919 0.001003971 -0.022422702 -0.0012917195 -0.0010029616 0.99999866 0.039666414
0.99999973 -0.00017949966 0.00070577155 0.031215055 0.00017923564 0.99999991 0.00037412491 0.030138956 -0.00070583864 -0.00037399831 0.99999968 0.018937019
0.99999962 0.00034296803 0.00080337785 0.025556844 -0.00034341013 0.99999979 0.00055021776 0.030692881 -0.00080318897 -0.00055049344 0.99999953 0.034495511
0.99999999 -7.8701915e-05 -7.8574249e-05 0.029661219 7.8731367e-05 0.99999993 0.00037489681 0.0030579151 7.8544738e-05 -0.000374903 0.99999993 -0.0051583907
0.99999953 -0.00087215963 -0.00041432557 0.01730861 0.00087222723 0.99999961 0.0001629989 -0.029077259 0.00041418325 -0.00016336021 0.9999999 -0.023525052
0.99999944 -0.000976772 -0.00039704545 0.011555687 0.00097674876 0.99999952 -5.8726824e-05 -0.055584382 0.00039710262 5.8338978e-05 0.99999992 -0.017953457
0.99999986 -0.00044917348 -0.00027399625 0.0048926244 0.00044919161 0.9999999 6.6111924e-05 -0.023284256 0.00027396652 -6.6234991e-05 0.99999996 -0.0074703146
0.99999977 0.00067701707 -3.87097e-05 -0.023189969 -0.00067702454 0.99999975 -0.00019345602 0.033520862 3.8578718e-05 0.00019348218 0.99999998 -0.0091829572
0.99999925 0.0012210039 5.0759422e-05 -0.0023134157 -0.0012210165 0.99999922 0.00024927409 0.06890579 -5.0455018e-05 -0.00024933589 0.99999997 -0.0021529065
0.99999917 0.0012739921 -0.00019799148 -0.016877135 -0.0012738948 0.99999907 0.00049076735 0.061804991 0.00019861653 -0.00049051472 0.99999986 -0.007455265
0.99999867 0.0016234018 -0.00017781746 -0.036401537 -0.0016233593 0.99999865 0.0002391448 0.076445936 0.00017820545 -0.00023885581 0.99999996 -0.0062674766
0.99999858 0.0016719525 -0.00020990517 -0.021155648 -0.0016719485 0.9999986 1.9248613e-05 0.06566793 0.00020993706 -1.8897635e-05 0.99999998 -0.0026062487
0.9999988 0.0014974261 -0.00039027954 -0.044237239 -0.0014975118 0.99999885 -0.00021939874 0.10258988 0.00038995056 0.00021998292 0.9999999 0.00026749607
0.99999824 0.0018759796 -3.008992e-05 -0.036446452 -0.0018759738 0.99999822 0.00019179839 0.076253954 3.0449676e-05 -0.00019174161 0.99999998 -0.0078241156
0.99999972 0.00065035558 0.00038230198 -0.022778977 -0.0006503689 0.99999979 3.4719955e-05 0.024097775 -0.00038227932 -3.4968583e-05 0.99999993 0.01632326
0.99999872 0.0015607791 -0.00034875496 -0.026314766 -0.001560764 0.99999878 4.358775e-05 0.051254029 0.00034882257 -4.304337e-05 0.99999994 -0.021059349
0.99999965 0.00082387775 -0.0001489894 0.00022943826 -0.00082384606 0.99999964 0.00021261832 0.0401447 0.00014916451 -0.0002124955 0.99999997 0.0012935827
0.9999997 0.00076772725 -0.00013142874 -0.020996496 -0.00076772055 0.9999997 5.1053099e-05 0.060538986 0.0001314679 -5.0952183e-05 0.99999999 0.0043448156
0.99999882 0.0015206974 -0.00023254139 -0.027065112 -0.0015207133 0.99999884 -6.839788e-05 0.069477235 0.0002324371 6.8751427e-05 0.99999997 -0.0077527362
0.99999796 0.0020146517 0.00016580385 -0.012599391 -0.0020147198 0.99999789 0.00041184805 0.074199512 -0.00016497377 -0.00041218126 0.9999999 0.011582529
0.99999967 0.00070870581 -0.00040036779 -0.019158473 -0.00070880478 0.99999972 -0.000247118 0.021467389 0.00040019254 0.0002474017 0.99999989 -0.013533877
0.99999989 0.00021658323 -0.00041633474 0.013879011 -0.00021652322 0.99999997 0.00014419469 0.032111059 0.00041636595 -0.00014410453 0.9999999 -0.0013235814
0.99999999 0.00013162434 -0.00010482427 -0.012233902 -0.00013166825 0.9999999 -0.00041892144 0.00037044124 0.00010476912 0.00041893523 0.99999991 0.00064724951
0.99999999 0.00013279554 0.00011119597 0.0090489682 -0.00013278569 0.99999999 -8.8524955e-05 0.017403206 -0.00011120772 8.8510188e-05 0.99999999 0.0059992057
1 -5.3152746e-05 -7.0919126e-05 0.0095108128 5.3161524e-05 0.99999999 0.0001237853 -0.014580076 7.0912545e-05 -0.00012378907 0.99999999 0.003456493
0.99999989 -0.00043571501 0.00016985259 -0.003631811 0.00043566647 0.99999986 0.00028568509 -0.022741628 -0.00016997705 -0.00028561106 0.99999994 0.0066540148
0.99999981 -0.00020852375 -0.00057257014 0.0089832491 0.00020859556 0.99999997 0.00012535567 -0.037772526 0.00057254398 -0.00012547508 0.99999983 -0.031551025
0.99999981 -0.00057231378 -0.00021904715 0.0041763787 0.00057232153 0.99999984 3.5354642e-05 -0.016999533 0.00021902688 -3.5480001e-05 0.99999998 -0.016403904
0.99999989 -0.00045887743 0.00013095747 -0.0057004168 0.00045890891 0.99999987 -0.00024045578 -0.0025435238 -0.00013084711 0.00024051585 0.99999996 0.0067028467
0.99999996 0.00014026065 -0.00026361444 0.012708587 -0.00014032599 0.99999996 -0.00024786095 -0.0090762446 0.00026357966 0.00024789793 0.99999993 0.00087892715
0.9999999 0.0003982429 -0.00018609353 -0.0050135482 -0.00039821213 0.99999991 0.00016535773 -0.0018601752 0.00018615936 -0.00016528361 0.99999997 0.0057215186
1 2.912927e-06 -3.5197824e-05 -0.0085531528 -2.9260901e-06 0.99999993 -0.00037398094 0.010204234 3.5196732e-05 0.00037398104 0.99999993 -0.010110002
0.99999999 -9.6189201e-05 -7.9703476e-05 0.007216075 9.619607e-05 0.99999999 8.6174529e-05 -0.02206471 7.9695186e-05 -8.6182196e-05 0.99999999 -0.0049226742
0.99999997 -0.00018166723 -0.00015253723 0.00067082619 0.00018167938 0.99999998 7.9658235e-05 -0.0071763625 0.00015252276 -7.9685945e-05 0.99999999 0.0015014807
1 4.6258757e-06 -6.0333845e-05 0.0069157399 -4.6533973e-06 0.9999999 -0.00045616206 -0.0018580615 6.0331729e-05 0.00045616234 0.99999989 0.0013214384
0.99999991 -0.00027374679 0.00033795749 -0.012614895 0.00027375179 0.99999996 -1.4748554e-05 0.0030225402 -0.00033795344 1.4841069e-05 0.99999994 0.0054444596
0.99999997 0.00024995035 5.9759212e-05 0.0029487882 -0.00024995587 0.99999996 9.2331181e-05 -0.014152857 -5.9736132e-05 -9.2346115e-05 0.99999999 0.0036528553
0.99999992 -0.00037247901 0.00014690737 0.0038736153 0.00037252015 0.99999989 -0.00028008695 -0.0096340882 -0.00014680303 0.00028014165 0.99999995 -0.0078034731
0.99999991 -0.00041414459 5.6897503e-06 0.010958119 0.00041414493 0.99999991 -5.9842869e-05 -0.013394455 -5.6649662e-06 5.984522e-05 1 0.0050601134
0.9999999 -0.00040651409 -0.00016629767 0.00836237 0.00040648715 0.9999999 -0.00016195937 -0.01873889 0.00016636349 0.00016189176 0.99999997 -0.010539673
0.99999997 0.00013126124 0.00022548633 -0.0067116819 -0.00013128975 0.99999998 0.00012642501 0.0053942802 -0.00022546973 -0.00012645461 0.99999997 0.010965078
0.99999998 0.0001738118 -0.00013093885 -0.0068123647 -0.00017385217 0.99999994 -0.00030834441 -0.0030789423 0.00013088525 0.00030836717 0.99999994 -0.013886951
0.99999997 0.00021235166 0.00013313057 -0.0034942012 -0.00021237328 0.99999996 0.0001623984 0.0096099072 -0.00013309608 -0.00016242667 0.99999998 0.0055013871
0.99999999 0.00010783415 -1.5049289e-05 -0.0097200246 -0.00010782941 0.99999994 0.00031512479 -0.0016779915 1.5083269e-05 -0.00031512317 0.99999995 -0.0047746436
0.99999995 0.00026920394 0.00019270937 0.0093401903 -0.00026918551 0.99999996 -9.5654756e-05 0.0036945527 -0.00019273511 9.5602876e-05 0.99999998 0.0063953014
0.99999995 -0.00032559247 5.9017687e-05 0.015757195 0.00032560604 0.99999992 -0.00023009755 -0.0063187871 -5.8942764e-05 0.00023011675 0.99999997 0.0015417238
0.99999992 -0.00036723228 0.00017227968 -0.00048437395 0.0003672402 0.99999993 -4.5968809e-05 -0.015998852 -0.00017226279 4.6032073e-05 0.99999998 0.013811647
0.99999982 -2.0967448e-05 -0.00060289326 0.0048968665 2.0952784e-05 1 -2.4328893e-05 -0.0080922153 0.00060289377 2.4316256e-05 0.99999982 -0.014778101
1 -5.7366338e-05 -4.6411278e-05 -0.020413087 5.7360909e-05 0.99999999 -0.00011696915 0.0097169439 4.6417988e-05 0.00011696649 0.99999999 0.0038928282
0.99999991 0.00036489479 0.00022363457 0.0029043252 -0.00036486412 0.99999992 -0.00013718239 0.012932579 -0.00022368461 0.00013710078 0.99999997 0.00123329
0.99999999 0.00015501431 -1.2341072e-05 0.0072060456 -0.00015501466 0.99999999 -2.8355177e-05 0.0064025146 1.2336676e-05 2.835709e-05 1 0.0013574568
0.99999998 0.00018129719 1.1181698e-05 -0.0024224845 -0.00018129563 0.99999997 -0.00013984671 0.0012328164 -1.1207051e-05 0.00013984468 0.99999999 -0.0048580279
0.99999998 -0.00015891061 -0.00011931256 -0.0074278235 0.00015889562 0.99999998 -0.00012568785 0.00043866382 0.00011933253 0.00012566889 0.99999998 0.0023732452
1 1.0573317e-05 -7.4112958e-05 -0.008412449 -1.0572843e-05 1 6.4001555e-06 -0.014644049 7.4113026e-05 -6.3993719e-06 1 0.00083140407
0.99999998 -0.00017216426 -5.7962322e-05 0.016788206 0.00017215757 0.99999998 -0.00011548236 0.0018193931 5.7982203e-05 0.00011547238 0.99999999 -0.014109759
0.99999998 -6.3649552e-05 0.00020096906 -0.001829588 6.3672229e-05 0.99999999 -0.00011283033 -0.0026354795 -0.00020096188 0.00011284312 0.99999997 0.0089836652
1 3.2397399e-06 -6.5346633e-05 -0.0003067282 -3.2375145e-06 1 3.4056236e-05 -0.0043667727 6.5346743e-05 -3.4056024e-05 1 0.0033631842
1 -2.7880607e-05 6.3939811e-06 -0.0016071474 2.7880958e-05 1 -5.4947249e-05 0.0062871135 -6.3924491e-06 5.4947428e-05 1 -0.0059522205
0.99999998 0.00021589917 -1.8167849e-06 -0.0027695444 -0.00021589883 0.99999996 0.00018486217 0.00038232284 1.8566964e-06 -0.00018486178 0.99999998 -0.00070184618
0.99999997 0.00019852087 0.00014139019 -0.0025753147 -0.00019849819 0.99999997 -0.00016039876 0.0045204005 -0.00014142203 0.00016037069 0.99999998 0.007150726
0.99999999 -0.00011374147 3.5233824e-05 0.0037501517 0.0001137433 0.99999999 -5.2105725e-05 0.00079007038 -3.5227897e-05 5.2109732e-05 1 -0.005499937
1 -8.5030407e-05 1.313392e-05 0.0033238312 8.5029911e-05 1 3.7742534e-05 0.0010070758 -1.3137129e-05 -3.7741418e-05 1 0.0084910702
1 -9.2054616e-05 2.0756069e-06 0.0026655668 9.2054807e-05 0.99999999 -9.2341924e-05 -0.0095816594 -2.0671063e-06 9.2342115e-05 1 0.0041082771
0.99999992 -0.00033738994 -0.00019090949 -0.015776353 0.00033735157 0.99999992 -0.0002009524 -0.029149288 0.00019097728 0.00020088798 0.99999996 -0.013373011
0.9999999 -0.00045714526 -1.0557239e-05 0.01922954 0.00045714492 0.99999989 -3.25242e-05 -0.0080702465 1.0572106e-05 3.251937e-05 1 0.0027270729
0.99999999 -0.00016209297 -9.8969135e-06 -0.0093441036 0.00016209448 0.99999998 0.00015343941 -0.012982057 9.8720418e-06 -0.00015344101 0.99999999 0.00068258883
0.99999998 -0.00014484431 -0.00011849175 0.004064127 0.00014487962 0.99999995 0.00029807137 -0.0013134848 0.00011844857 -0.00029808853 0.99999995 -0.0010837058
0.99999999 -0.0001041225 -0.00010708206 -5.9798053e-05 0.00010409292 0.99999996 -0.00027622447 -0.0069502107 0.00010711082 0.00027621332 0.99999996 -0.0028878179
0.99999997 0.0002193348 -7.3471404e-05 -0.0099824828 -0.00021931737 0.99999995 0.00023710917 0.015822748 7.3523406e-05 -0.00023709305 0.99999997 -0.0015837146
0.99999984 0.00050604427 -0.00024093894 0.00076659479 -0.00050607713 0.99999986 -0.00013631764 0.018835645 0.00024086992 0.00013643955 0.99999996 -0.0025663085
0.99999995 0.0003085679 -4.0945401e-05 -0.00020250768 -0.000308564 0.99999995 9.5299389e-05 0.015731981 4.0974805e-05 -9.528675e-05 0.99999999 0.0048626378
0.99999996 4.4786338e-05 -0.00026318265 -0.010405738 -4.4833275e-05 0.99999998 -0.00017834121 -0.0064175577 0.00026317465 0.00017835301 0.99999995 -0.003085433
0.99999996 -0.00027767021 6.9481783e-06 0.0042555801 0.00027766948 0.99999996 0.00010473827 -0.0042389843 -6.9772607e-06 -0.00010473634 0.99999999 0.0093558966
0.99999999 -0.00010614473 -1.8384252e-05 0.0026481337 0.00010614224 0.99999999 -0.00013540189 -0.010683726 1.8398624e-05 0.00013539993 0.99999999 -0.007218973
0.99999997 -0.00019369506 0.00017074866 -0.00081344371 0.00019373232 0.99999996 -0.00021821411 0.0042565774 -0.00017070639 0.00021824718 0.99999996 0.0019228546
0.99999999 0.00016238926 -5.4687442e-05 0.01363211 -0.00016238718 0.99999999 3.8079845e-05 0.0030345231 5.4693625e-05 -3.8070964e-05 1 -0.0026719942
1 5.0332741e-05 4.6470545e-05 -0.012076292 -5.0338372e-05 0.99999999 0.00012118862 -0.0080079287 -4.6464444e-05 -0.00012119095 0.99999999 0.0019444422
0.99999998 -0.00014563344 -0.00012115097 0.0019755331 0.0001456415 0.99999999 6.648599e-05 -0.0042556673 0.00012114129 -6.6503633e-05 0.99999999 -0.0081166917
0.99999998 0.00018346816 4.3825964e-05 -0.012046285 -0.00018346234 0.99999997 -0.00013278621 0.00411788 -4.3850325e-05 0.00013277817 0.99999999 -0.001600681
0.99999998 0.00012335446 0.00013520686 0.010211869 -0.0001233597 0.99999999 3.8784707e-05 0.014890148 -0.00013520208 -3.8801385e-05 0.99999999 0.0047784211
0.99999999 3.016505e-05 -0.00015758166 -0.0067057829 -3.0131018e-05 0.99999998 0.00021596543 -0.0011222732 0.00015758817 -0.00021596068 0.99999996 -0.0027970237
0.99999997 -0.00014498731 0.00019231345 0.0087321833 0.00014498204 0.99999999 2.7433226e-05 0.0013292745 -0.00019231742 -2.7405343e-05 0.99999998 0.0063847993
0.99999995 -0.00031857705 -5.9526469e-05 0.0010513279 0.00031857629 0.99999995 -1.276896e-05 -0.022140631 5.9530534e-05 1.2749996e-05 1 -0.0048184936
0.99999991 -0.00041882694 -4.3694858e-06 -0.0054607438 0.00041882725 0.99999991 7.1892107e-05 -0.020723292 4.3393751e-06 -7.1893931e-05 1 -0.0037908702
0.99999999 7.3159198e-05 -6.8461141e-05 0.0024660492 -7.3161908e-05 1 -3.9587144e-05 -0.0056096151 6.8458245e-05 3.9592153e-05 1 0.00069711738
0.99999999 0.00012594789 5.7085266e-05 -0.0091201149 -0.00012596029 0.99999997 0.00021741085 0.011621778 -5.7057881e-05 -0.00021741804 0.99999997 0.0078265442
0.99999992 0.00029892299 -0.00025969608 0.00017362789 -0.00029891 0.99999995 5.0060016e-05 0.01146993 0.00025971104 -4.9982386e-05 0.99999997 -0.0054277482
0.99999994 0.00028876174 0.0001970816 0.0030035709 -0.00028880118 0.99999994 0.00020009475 0.0073376533 -0.00019702381 -0.00020015166 0.99999996 0.011232705
0.99999996 -4.2981225e-05 -0.00027282817 -0.0070302856 4.2970744e-05 1 -3.8418654e-05 0.0069762293 0.00027282982 3.8406929e-05 0.99999996 -0.012008153
0.99999999 -2.231125e-05 -0.00013348076 -0.0014147661 2.2324911e-05 0.99999999 0.00010234775 0.00038792645 0.00013347847 -0.00010235073 0.99999999 -1.9337545e-05
0.99999996 7.218842e-05 -0.00025729127 -0.0012392807 -7.2186177e-05 1 8.729264e-06 -0.004164833 0.0002572919 -8.7106908e-06 0.99999997 -0.0020787454
0.99999998 -0.00012998907 -0.00014317133 0.0085039983 0.00013000885 0.99999998 0.00013816236 -8.4765892e-05 0.00014315337 -0.00013818097 0.99999998 0.0046541756
0.99999996 -0.00022890076 0.00017787317 -0.0063149859 0.00022889806 0.99999997 1.5189631e-05 -0.016039207 -0.00017787664 -1.5148915e-05 0.99999998 0.0026943295
0.99999998 2.3625068e-05 -0.000190208 0.0039819701 -2.3573365e-05 0.99999996 0.00027181893 0.0033018211 0.00019021442 -0.00027181444 0.99999994 -0.0015933723
0.99999998 -0.00018145305 -1.5152043e-05 0.01768129 0.00018145751 0.99999994 0.00029455916 8.4759122e-05 1.5098594e-05 -0.0002945619 0.99999996 0.0054770031
0.99999997 0.00016723138 -0.00017140805 -0.014450707 -0.00016724544 0.99999998 -8.2030574e-05 0.0075382359 0.00017139433 8.2059239e-05 0.99999998 -0.0050751005
0.99999998 0.00019462592 -9.2618698e-05 0.0012642971 -0.000194625 0.99999998 9.9971978e-06 -0.00065824511 9.2620642e-05 -9.9791717e-06 1 0.00055387615
0.99999999 -4.6691187e-05 0.0001322076 0.0091576211 4.6692093e-05 1 -6.8445602e-06 0.0029738933 -0.00013220728 6.8507331e-06 0.99999999 0.0014409788
0.99999997 -0.00011574292 0.00023196694 -0.0047042904 0.00011560423 0.99999981 0.00059783759 -0.0083446923 -0.00023203609 -0.00059781076 0.99999979 0.0046815396
0.99999999 6.8359831e-05 -0.00015674197 -0.0027760007 -6.834771e-05 0.99999999 7.7339048e-05 0.0038297908 0.00015674725 -7.7328333e-05 0.99999998 -0.0042810914
0.99999999 3.508117e-05 -0.00012376011 0.0048960159 -3.5083972e-05 1 -2.264014e-05 0.0030284345 0.00012375932 2.2644481e-05 0.99999999 -0.0057434074
0.99999994 0.00013723773 0.00030694382 -0.0027758262 -0.0001374072 0.99999984 0.0005521629 0.0036205731 -0.000306868 -0.00055220504 0.9999998 0.013297116
0.99999995 -0.00016736699 -0.00025228294 -0.0058723999 0.00016734111 0.99999998 -0.00010259527 -0.0060545828 0.0002523001 0.00010255305 0.99999996 -0.0097551321
0.99999998 1.6936165e-05 0.0001841766 0.0034241263 -1.6963848e-05 0.99999999 0.00015031023 -0.0035210454 -0.00018417405 -0.00015031335 0.99999997 -0.00092523369
0.99999995 -5.9833807e-05 -0.0003196302 0.0043040997 5.9819667e-05 1 -4.4248261e-05 0.0029850296 0.00031963284 4.4229138e-05 0.99999995 -0.0013446634
0.99999998 -0.00014908453 0.0001264509 -0.0078230948 0.00014908533 0.99999999 -6.30143e-06 -0.011525291 -0.00012644996 6.3202819e-06 0.99999999 -0.0022161467
0.99999998 0.00018561205 -1.1348317e-05 0.0021674148 -0.00018561003 0.99999997 0.00017809557 0.0079075365 1.1381373e-05 -0.00017809346 0.99999998 0.0036852926
1 7.8579646e-05 7.7773526e-06 0.005049639 -7.858128e-05 0.99999997 0.00021027847 0.0081627783 -7.7608288e-06 -0.00021027908 0.99999998 -0.00058217074
0.99999998 -8.0090758e-05 -0.00016433068 -0.012068381 8.0087494e-05 1 -1.9870326e-05 -0.0083312696 0.00016433228 1.9857165e-05 0.99999999 -0.0064426599
0.99999994 -0.00030948306 0.00016636985 0.01202709 0.00030947114 0.99999995 7.1658812e-05 -0.012886078 -0.00016639202 -7.1607321e-05 0.99999998 0.0020277834
0.99999998 0.0001524061 9.3318722e-05 -0.010799731 -0.00015240006 0.99999999 -6.4662389e-05 0.0012644327 -9.3328576e-05 6.4648167e-05 0.99999999 -0.00049652272
0.99999982 0.0005308404 -0.00026596046 0.0051958671 -0.00053083914 0.99999986 4.8018056e-06 0.028091466 0.00026596297 -4.6606225e-06 0.99999996 0.0013105562
0.99999998 0.00013873072 -0.00017119986 -0.0055856088 -0.00013869556 0.99999997 0.00020540142 0.017704863 0.00017122835 -0.00020537767 0.99999996 -0.0010232137
0.99999998 0.00012161938 -0.00014755484 -0.0022927225 -0.00012161568 0.99999999 2.5095033e-05 0.0044986705 0.00014755789 -2.5077088e-05 0.99999999 -0.0013545431
0.99999999 6.2635628e-05 -0.00012918861 0.0026397736 -6.262934e-05 1 4.86763e-05 -0.0067660299 0.00012919166 -4.8668209e-05 0.99999999 0.0035557293
0.99999992 -0.00029943892 -0.0002798183 -0.006611954 0.00029949536 0.99999993 0.00020170557 -0.01140241 0.00027975788 -0.00020178936 0.99999994 -0.0025325022
1 -8.8245426e-05 -1.1014779e-05 0.0060944829 8.8244973e-05 1 -4.1132478e-05 -0.0062821522 1.1018409e-05 4.1131506e-05 1 -0.0060667869
0.99999999 -0.00014976105 -5.6323455e-05 0.0019477595 0.00014975844 0.99999999 -4.6390925e-05 -0.006561962 5.6330402e-05 4.638249e-05 1 0.002697202
0.99999988 -0.00044735572 0.0001790914 0.0092984707 0.00044732433 0.99999988 0.00017528796 -0.010281213 -0.00017916979 -0.00017520783 0.99999997 0.0050227948
0.99999999 -0.00015576669 -3.539532e-05 -0.013987603 0.0001557683 0.99999999 4.5433163e-05 -0.010687321 3.5388242e-05 -4.5438676e-05 1 -0.0057462489
0.99999997 0.00018060628 -0.00014758303 0.0056220875 -0.00018061027 0.99999998 -2.7011565e-05 0.0018033307 0.00014757815 2.7038219e-05 0.99999999 -0.0010139726
0.99999999 0.00014332741 9.5847434e-05 -0.0023965644 -0.0001433339 0.99999999 6.7753261e-05 0.0080184005 -9.5837722e-05 -6.7766999e-05 0.99999999 0.0044340266
0.99999997 0.00024646107 -7.8232067e-05 0.0026009792 -0.00024647165 0.99999996 -0.00013526539 0.013444465 7.8198726e-05 0.00013528467 0.99999999 -0.0051146941
0.99999999 0.00014304138 -5.3812583e-05 -0.0044011999 -0.0001430372 0.99999999 7.7771003e-05 0.0091966149 5.3823707e-05 -7.7763305e-05 1 0.0034498314
0.99999996 0.00028357907 -9.5748746e-05 -0.0020114754 -0.00028358633 0.99999996 -7.5814154e-05 0.0086387121 9.5727242e-05 7.5841303e-05 0.99999999 0.0028184727
1 -1.5769767e-05 -4.5271914e-05 -0.0094954447 1.5781973e-05 0.99999996 0.0002696094 -0.0024597851 4.5267661e-05 -0.00026961011 0.99999996 -0.0050302084
0.99999994 -0.00029658827 0.00019994687 0.021695493 0.00029658377 0.99999996 2.2542291e-05 -0.0091154503 -0.00019995354 -2.2482989e-05 0.99999998 0.010257199
0.99999996 -0.00028057957 7.3502847e-05 -0.0076299838 0.00028057335 0.99999996 8.4566201e-05 -0.012329382 -7.3526572e-05 -8.4545575e-05 0.99999999 -0.0015371213
0.99999997 0.00011476858 -0.00021146224 -0.00025601716 -0.00011475149 0.99999999 8.0860318e-05 0.0041923924 0.00021147152 -8.083605e-05 0.99999997 -0.0081695697
0.99999999 0.00010852662 5.7520434e-05 -0.0016535649 -0.00010853572 0.99999998 0.00015815613 -0.0031719185 -5.7503268e-05 -0.00015816237 0.99999999 0.0082160732
1 -4.9989847e-05 -3.2306649e-05 0.0030715789 4.998755e-05 1 -7.1106626e-05 0.0081847964 3.2310203e-05 7.1105011e-05 1 -0.0049710019
0.99999994 0.00026759382 -0.00023127598 -0.0010853077 -0.00026759517 0.99999996 -5.8349304e-06 0.011077815 0.00023127441 5.8968184e-06 0.99999997 0.003365159
1 7.7129143e-05 -1.2154251e-06 -0.0063616079 -7.7129047e-05 0.99999999 7.8720769e-05 0.009083193 1.2214967e-06 -7.8720675e-05 1 -0.0022141172
