-0.9849908343703819 0.1684065087823756 0.03784579244878289 125.6993497668163 -0.168190591748957 -0.985714845662028 0.008841260578713117 22.12713087965836 0.03879408528990572 0.002343254407143545 0.9992444786463953 -9.924956678073151
-0.9714500300692671 0.23483147795645262 0.0337493116850554 123.36922686878717 -0.2350641919906057 -0.9719750781848946 -0.003045165230101736 25.1135193290968 0.03208838921216154 -0.01089148053583474 0.9994256905490859 -9.544459505296746
-0.9874788914788015 0.1513800242962474 0.04437935474824703 123.76086230427268 -0.15115523629054586 -0.9884743694634264 0.008397348143079622 20.95210718445492 0.04513904546789053 0.001584032182296518 0.9989794579551186 -10.080712100655525
-0.9758900595638624 0.21704467907204075 -0.02302604896530157 125.60745199371007 -0.21550006537757313 -0.9748930071182811 -0.056065555327078465 19.19699094521618 -0.03461666458079725 -0.04975170307021399 0.9981615373149353 -4.453311015984805
-0.9904612426379269 0.13257747420811183 0.03754650669143276 121.95357584616087 -0.13234108795879718 -0.9911658452788612 0.008723737187739947 19.837262477112233 0.03837138608408831 0.0036715780308191255 0.9992568019507084 -9.400407660771586
-0.9825042152427016 0.18153917265631728 0.04158119552860883 119.7081874306929 -0.1816279895298239 -0.9833659066639587 0.001663439307454989 21.593299233089038 0.04119150943680095 -0.005917972814732853 0.9991337433737734 -9.811475067997172
-0.9792737928126007 0.2007427805466177 0.026929069216111545 119.30302154444274 -0.20115586610391767 -0.9794648674381055 -0.01359746250046399 22.577387157994664 0.023646484779268506 -0.01873257891699562 0.9995448635477655 -8.717243998829877
-0.9787100156756933 0.20253779888785772 0.03324372478766414 117.58385899363066 -0.20286680014004882 -0.9791826884383131 -0.006806178344857636 21.911103047891523 0.031173171430482444 -0.013405322986996902 0.9994240995186127 -9.138501384777001
-0.9880099271715582 0.14949930574349837 0.03855309835370883 116.75948964644755 -0.14941739739008206 -0.9887615011468462 0.005013502469768221 19.652711306773334 0.03886933454064866 -0.0008071134073049701 0.9992439759139533 -9.173579709006694
-0.958687548065496 0.2842192861662384 0.01172955904214269 112.54896171195202 -0.2843922503739182 -0.9585478988136236 -0.017520662294674916 26.79242978650688 0.006263634043303899 -0.020132636467653994 0.999777697209455 -8.019996953725753
-0.9969155269440643 0.060198607327619856 0.05035434255015731 115.53344054394964 -0.058517698780012256 -0.9976998179705524 0.03421625565463917 10.686292548420468 0.052298289334693576 0.031164096286381775 0.9981451237346859 -10.702636674491014
-0.9905094345831141 0.13389133419810823 0.031051097057850224 113.86000735758566 -0.1335844518574124 -0.9909675981785969 0.011764930178343116 18.639108280419656 0.03234585327055404 0.0075053305588160596 0.9994485558493816 -8.85434746085299
-0.9967415507896698 0.06555554873102948 0.046997350563386234 113.29868954870439 -0.06433368679014503 -0.9975615578976446 0.027057622748710878 11.036014887377576 0.04865652755172188 0.02394594402812019 0.9985284843664808 -10.44697778100208
-0.991447167513582 0.1266830535902612 0.031367466622999614 111.82574032796364 -0.12631055510662517 -0.9918976133482961 0.013592950474792352 18.102445103554054 0.03283531175358356 0.009514650124945751 0.9994154860392405 -8.642972015517254
-0.991745016887688 0.12412016308362432 0.032187056319904095 110.70729742796217 -0.12376320140976152 -0.9922284110751739 0.012862745898316963 17.844466429902454 0.03353343786808788 0.0087729910140407 0.9993990910409206 -8.659881910175269
-0.9968816854823994 0.06667754775580928 0.0422020115047791 110.0195073863728 -0.06560478336037047 -0.997498632097716 0.026315230636027406 11.689291340125926 0.04385108379522785 0.02346451764815782 0.9987624837074802 -9.732544641377716
-0.9918084070700617 0.1233342251677755 0.03323781833117911 108.46716515390881 -0.12299959978130276 -0.9923349049787569 0.011938794513874836 17.631816353794143 0.03445550926617776 0.00775275841680433 0.9993761617219762 -8.63997356814869
-0.992549713701273 0.11844146467557476 0.02857770594419024 107.44202221930189 -0.11823252615456674 -0.9929460559113811 0.008899427462226033 17.111667145137922 0.029430181627678725 0.0054543098142537175 0.9995519570856848 -8.497219527146267
-0.9920329305184101 0.12298767846107206 0.027289113466976492 106.28454139796028 -0.12273493662740388 -0.9923811839759081 0.010757370573070113 17.471325347982244 0.028404226765138235 0.0073223382422878715 0.9995696990528256 -8.30851130526614
-0.9750535328882858 0.22144744833491845 0.015219580415889566 104.37200661864833 -0.22158820513659486 -0.9751053116039584 -0.008264298282217766 20.472424292276756 0.013010585937041522 -0.01143061274420782 0.9998500216261812 -7.917715117484059
-0.9928562335042486 0.11644498368627677 0.026020479743046908 104.21122143881072 -0.11627800150600347 -0.9931857163242187 0.007845970642310782 16.868310521653093 0.026756792736144494 0.004764311477360551 0.9996306194683273 -8.151316412460202
-0.9921359115768461 0.12267899206294364 0.024823333096310955 103.23031009649588 -0.12244736730819468 -0.9924178554040234 0.010650939610223724 16.889277615860603 0.025941765531325874 0.0075276278938816695 0.9996351132385367 -8.11810776119335
-0.966024489997837 0.2584501063661765 0.00047670088732866826 99.68724361926766 -0.2584494228568107 -0.9660132111343397 -0.004729877261096079 21.319810674174096 -0.0007619379263103489 -0.004692380338108176 0.9999887004448439 -7.292506578394401
-0.9745192178455381 0.22429767304155696 0.0016875775115591928 99.5790062315759 -0.22430197953550718 -0.9745148678341773 -0.0030650198339069582 19.739517864140677 0.0009570925590654243 -0.0033654477076824445 0.999993878849045 -7.346478948426447
-0.9845306786886556 0.1750936890911372 0.006445367430330914 99.4182675154501 -0.1750244752933212 -0.9845124970882523 0.010078498169661373 18.002120301698408 0.008110226208510655 0.00879449359057273 0.9999284379961096 -7.548895359358955
-0.9939289937828582 0.1083597767780791 0.019060799941400076 99.03002873357875 -0.10827978012050413 -0.9941069482957331 0.005183104012562391 15.915892002620748 0.019510113655639517 0.0030877381293021957 0.9998048916355611 -7.850998678169893
-0.9943936782084994 0.10391951912419564 0.019543446062087914 97.98607111100904 -0.10384804379530507 -0.9945823516714949 0.004639993911788735 15.65338412757454 0.019919752480248566 0.002584431970241702 0.9997982417330655 -7.8095646825869265
-0.9980789646543546 0.060314191816697206 0.014162576742909173 98.16250112670846 -0.060240748235196345 -0.9981684102521607 0.005556710064541879 11.12390909754695 0.014471785189246467 0.004692871208171108 0.9998842654993959 -7.878528645639847
-0.9967759382611359 0.07831708119196346 0.017440289481865608 96.41308213201447 -0.07821999623487827 -0.9969169549162457 0.006182005300413791 13.312897676659091 0.017870676894160966 0.004797894756048505 0.9998287949010388 -7.8566508152732295
-0.9978419073350847 0.06405509857943992 0.01443857028458926 95.99081129207804 -0.06397206820420641 -0.9979327922609939 0.006141385824996907 11.568379601808086 0.014802109834791286 0.005204466942278571 0.9998768979570897 -7.744111822619952
-0.9944798888626732 0.10358550261705057 0.0167270527968054 93.69584719194323 -0.10353445523370713 -0.9946182536764018 0.0038917904836236906 15.407288350788319 0.017040165115237902 0.002138481068648266 0.9998525189604587 -7.486678954544879
-0.9946034894814921 0.10229605156550499 0.017303656993552182 92.93070023893301 -0.10226123385221775 -0.9947533878083188 0.002887472059957091 15.25784988744027 0.017508248406548584 0.0011023964722974857 0.9998461111389857 -7.448964677417101
-0.9947202589406979 0.10144701923575469 0.01549544259247086 91.76405343370755 -0.1014062631371446 -0.9948393031734067 0.0033956822604750874 15.239317883748043 0.01575995715465411 0.0018064190084615774 0.9998741723841338 -7.339094100778861
-0.995218822750566 0.09688476062705816 0.012362766730105511 90.67763218052852 -0.09683951719958979 -0.9952911107150988 0.004208662502745188 15.106120716813631 0.012712307089456995 0.002991335779942048 0.9999147209431022 -7.254881121914817
-0.9958203493168676 0.09055635088094184 0.011890298632535334 89.49895877596893 -0.09053835589162702 -0.9958908712380224 0.0020441862004102022 14.897858895133801 0.012026553907266252 0.0009591141269109827 0.9999272184020256 -7.243858018707534
-0.995056701274099 0.09902290119109895 0.007525044133402769 88.90530965635004 -0.0989896375870941 -0.9950774957073928 0.004672171559611308 14.985634681868524 0.00795065405404926 0.003904174228301081 0.99996077149242 -7.103982460081524
-0.9946982525692258 0.10270995632941206 0.005104038258612292 88.1428058169698 -0.10266921157007132 -0.9946858248497809 0.00769043812128373 15.007782540031316 0.005866799068923719 0.007125637776897593 0.9999574020701907 -6.996420479215506
-0.9944726235598831 0.10497845749413913 0.0019298839566285456 87.30430118759301 -0.10495647738634342 -0.9944340164676246 0.00922630731797714 15.019432619907391 0.002887705764914658 0.00897275622242625 0.99995557441378 -6.912643786134086
-0.9941492146322883 0.10798494640684447 0.002567176566071296 86.7024064524677 -0.10795122248593995 -0.9940968880473783 0.010858671111693662 15.00351005596022 0.0037245952534455374 0.010518009508995932 0.9999377474953991 -6.825081966303486
-0.9940162491987504 0.10920166874081175 0.00258686549251764 85.79386911853383 -0.10917097622893254 -0.9939730040498627 0.009968207929175125 14.968716817697699 0.0036598194048919524 0.009626150025800802 0.9999469700727197 -6.822632825768194
-0.9939296836555347 0.11001667545452806 0.0003392201958898945 84.94146748867936 -0.11000781576954999 -0.9938804615514479 0.00999542975043877 14.88915194546154 0.0014368082757411607 0.009897437457039958 0.9999499869062267 -6.7827602488379055
-0.9941811844465596 0.10771941038597184 0.000548742692861116 84.15524610996998 -0.10770882081361183 -0.9941336474702449 0.009853978204428945 14.79877317519605 0.0016069882969140092 0.009737535294411622 0.9999512978115537 -6.707752745420244
-0.9939670372445492 0.10967906296667725 0.00017893588184632745 83.3597748125787 -0.10967174392267896 -0.9939170971438324 0.010045525876681227 14.746077559901083 0.0012796312974215575 0.009965297382995885 0.999949526422116 -6.680745506634814
-0.9940806994088008 0.10864399915621822 0.0002109745368745804 82.59217969139905 -0.10863663371092445 -0.9940324817048546 0.009874569947473762 14.680667080990224 0.0012825283115073028 0.00979319983626107 0.9999512229894519 -6.642901224991452
-0.9940899184141468 0.10855910710398219 -0.0003929022048682003 81.77774382841758 -0.10855804920637617 -0.994046549140843 0.009306346957182325 14.540170381400818 0.000619725635172556 0.009293998384288482 0.9999566178260789 -6.633162910885979
-0.994334095213887 0.1062938445401114 0.001151393965021119 80.98860062838023 -0.10628350991301119 -0.9943120175718195 0.006886743267290494 14.412617583626872 0.001876863274621211 0.006725349443756634 0.9999756232324434 -6.653521170814789
-0.9942575671877618 0.10698957229646892 0.002263075274728916 80.24314649506515 -0.10697987469819971 -0.9942529660406585 0.004043009883329828 14.333654417957698 0.0026826292024804232 0.003777689661392526 0.9999892662230859 -6.6546949208828545
-0.9941113992955183 0.10834573496388551 0.0019306749729195531 79.42887308942592 -0.10833512703718971 -0.9941021430400172 0.004942616016912056 14.2449417947591 0.0024547994930896834 0.004704351006294102 0.9999859214214288 -6.590274876715912
-0.9940480129671517 0.10893992976855975 0.0007997612687011898 78.64633918485985 -0.10893071165198889 -0.9940199863338436 0.007639818575301291 14.163159589082923 0.001627259984422594 0.007507227910056473 0.9999704963417957 -6.424182899077344
-0.9940280070904134 0.10912498227620146 0.0002436454049451669 77.89614239434864 -0.10912017659789869 -0.9940008151322861 0.007427420521201971 14.100734409067808 0.0010527008638527746 0.007356477388897922 0.9999723866494145 -6.411541118311826
-0.9941272466454316 0.10821725873337706 -0.0002058868743025481 77.16305481421827 -0.10821614271804844 -0.9941040282725389 0.006815234958415766 14.035984218485103 0.0005328530737109883 0.006797491047824863 0.9999767548213592 -6.398904513951497
-0.9942283132314815 0.10727389111452315 -0.001540601841908186 76.45316535755195 -0.10728203210840541 -0.9942046975835204 0.00689818016270934 13.96599733325545 -0.0007916789606681177 0.007023644923807222 0.9999750205162174 -6.350740792645197
-0.994201316096677 0.10753429500905785 0.000344192593293672 75.69823301550133 -0.1075275525249003 -0.9941660717280892 0.008464471202777622 13.885735189191308 0.0012524055418078521 0.00837837822270988 0.9999641164855426 -6.3539221598790725
-0.9941007521830724 0.10842914808959672 -0.002610431692610284 74.88572329211826 -0.10844487716750488 -0.9940783855035262 0.0069189660234152805 13.83797091700435 -0.0018447561308774802 0.007161237272465471 0.9999726564039391 -6.400928726705457
-0.9938035707803288 0.11115062365915473 3.9553162658870916e-05 73.88394427801416 -0.11114288212974929 -0.9937384292835988 0.011453991306991415 13.660133923237083 0.001312423774892383 0.011378621408079609 0.9999344001076762 -6.49985964015792
-0.9939330420405884 0.10998651893145572 0.00027128081685259115 73.33880901429825 -0.10997586244359427 -0.9938655631369105 0.011685550493739268 13.576304950948414 0.001554869682413634 0.011584820408363406 0.9999316848247093 -6.56421095429778
-0.9940947709818836 0.10850627314456755 0.0014053450673183303 72.61980522856095 -0.10848482721309803 -0.9940388582267456 0.010853137786749248 13.496497874676864 0.0025746011392963793 0.010636588905750453 0.9999401154096329 -6.715849416360471
-0.9944473114818216 0.10511658130716608 0.005004899686595738 71.68865119423877 -0.10505666452536992 -0.9944051754284434 0.011020177853997545 13.0424722891135 0.006135301572260097 0.010433188171601458 0.9999267506468646 -6.839622654080075
-0.9945127195208433 0.1044634366811552 0.005642792573091262 71.15885341908586 -0.10439481180534653 -0.9944713969245389 0.011329782305171244 12.953418831253215 0.006795143809165018 0.010678534343170414 0.9999198942539843 -6.831738041482164
-0.9945555789349642 0.10417467868106987 0.002614714330941086 70.56276073202962 -0.10415673236797919 -0.9945412291086165 0.006254494827264429 12.846081388762089 0.0032520011934047193 0.0059481026230891205 0.9999770220177192 -6.909739666917011
-0.9946703080601396 0.103078212883778 0.0024208040475465725 69.95117397154533 -0.10306176978555057 -0.9946559713539631 0.0061457512620871155 12.806533796798181 0.0030413602582942375 0.005863503951677025 0.9999781844866361 -6.907305705130214
-0.9945810636474781 0.10389630443035651 0.0037504345837959417 69.30624730303344 -0.10388104648234506 -0.9945814538296841 0.004057077736864977 12.685193559915067 0.0041516280644918755 0.003645493621503388 0.9999847370638554 -6.93200446594013
-0.994556279270661 0.10413722857910436 0.003639366313724593 68.71702054492769 -0.10412682081881798 -0.9945596779613078 0.0029414553658600124 12.623594695066162 0.0039258819987509725 0.002546487260267168 0.9999890513666481 -6.917436972747839
-0.9943033606272212 0.10655143622085718 0.002760160265847649 68.136856302823 -0.10655059916265153 -0.9943071800187175 0.00044897807338605195 12.699335325181792 0.002792286428885723 0.0001523236771047279 0.9999960899593545 -6.884769847525804
-0.9941746307282506 0.10777090792443447 0.0014949988260002244 67.56573074665667 -0.10776848421635614 -0.9941747026001626 0.001616947614698003 12.58984211838235 0.0016605499257286332 0.0014464145403660519 0.9999975752265216 -6.895007423154289
-0.9939139454716831 0.11013006551898583 0.002537255545393374 66.57002808517788 -0.1101328875906373 -0.9939163679076221 -0.0010003380800834721 12.924915503144566 0.0024116525178301492 -0.0012736852477508327 0.999996280822097 -6.881747839911904
-0.9936796656308581 0.11222817689968877 0.002357630488933695 65.89518445228597 -0.11223300674788367 -0.9936798498126925 -0.0020268874064902917 12.899111613194338 0.002115256031746181 -0.0022786807589261176 0.9999951666412796 -6.880410898899341
-0.993724616218238 0.11184233542995997 0.0016368040490178622 65.32687065429951 -0.111843337463521 -0.9937257081252991 -0.0005337376693559981 12.85152726598389 0.0015668397952249523 -0.0007134538882579652 0.9999985179972072 -6.869248568381842
-0.9936722811377894 0.11229603387984885 0.0022357265673447427 64.65726131002911 -0.1122972768651068 -0.9936745592730988 -0.0004380206636274544 12.725735628780635 0.0021723966281787487 -0.0006863149973399308 0.9999974048289403 -6.899567393377552
-0.993708812984374 0.11199222651344246 0.0007322552539837955 64.14376896275579 -0.11199173125925578 -0.9937089020140505 0.0006857022626031216 12.648298448255295 0.0008044418875444913 0.0005993818478147332 0.9999994968072015 -6.89370777788837
-0.9935995177874382 0.11295150553248408 0.001398445752086584 63.53534420322967 -0.11294973852906706 -0.9935998729529585 0.0012841472209484755 12.560777912721658 0.00153454188353637 0.0011179739774572844 0.9999981976560756 -6.891662741167087
-0.9936083656276173 0.11286149354369003 -0.0021677245922807177 62.763661941361086 -0.11287175806275776 -0.9935948412760823 0.0054090314644836095 12.466738878241733 -0.0015433686024909836 0.005619133798780461 0.9999830215302243 -6.826879473492697
-0.9934006017100232 0.11467309207496462 -0.00230791597109261 62.18453755348495 -0.11468543118441883 -0.993382419288326 0.006214573429910011 12.449051204270367 -0.0015799987997434663 0.006438245322925876 0.9999780260590522 -6.807341550908262
-0.9933864831193601 0.11481852423187977 -4.060747760055575e-05 61.42239462330888 -0.11481623774904709 -0.9933643412313569 0.006672115043132546 12.147597195514518 0.0007257443825221221 0.006632651295467729 0.9999777403681972 -6.855569142357353
-0.9932595499689989 0.11590143465038776 -0.0015244150902259301 60.9950533735038 -0.11591055000298542 -0.9932179493873163 0.009102165284192672 12.031583965325341 -0.0004591224150663147 0.009217508385461606 0.9999574124660362 -6.847489370375162
-0.9933678208024843 0.11497652518361169 -0.0008782088757189705 60.46913881744589 -0.11497982771267942 -0.9933311809595273 0.008532534952440971 11.938595497262096 0.000108688960192293 0.008576921956853164 0.9999632116215382 -6.865931525185856
-0.9931579748662298 0.11676596580129095 -0.0017164469415823704 60.07485247008764 -0.11677617184636067 -0.9931246131148718 0.008174870907027698 11.894385947529226 -0.0007500990080312124 0.008319378337831898 0.9999651120391924 -6.876832247162129
-0.9929914923528246 0.11815716621109608 -0.0026038793904615905 59.66274610115197 -0.11817854784045072 -0.9929340650317197 0.010759801573935563 11.897614969634054 -0.0013141328850533936 0.010992114107438933 0.9999387213635712 -6.8383257453195405
-0.9929581787545047 0.11842630353277143 -0.0030439901609698354 59.26182785875861 -0.11845230225173685 -0.9929027748641209 0.010636341400600642 11.839650842979776 -0.0017627636823003003 0.01092200982835009 0.9999387993099926 -6.821507824402807
-0.992876004842441 0.11913338978754105 -0.0021152885971423992 58.87352180359901 -0.11914975522885496 -0.9928123995739603 0.011263883926263178 11.75551786120318 -0.0007581800736112522 0.011435676190305008 0.9999343230797995 -6.83094820635036
-0.9928121989852685 0.11962265169549065 -0.003789293783742379 58.49900531523877 -0.11966138851797867 -0.9927349641113389 0.012587419465800226 11.709785795813001 -0.0022560239339083294 0.012950375755056262 0.999913595329025 -6.813544782330294
-0.992691089523039 0.1205830862430846 -0.004911221198216913 58.065686005873985 -0.12064485617532243 -0.9925786499520651 0.01524605974594132 11.685503441554776 -0.00303635636932997 0.015727141235235855 0.999871710555192 -6.7379965006090465
-0.9926355729654884 0.1210623704572982 -0.00430368943389128 57.39074882024362 -0.12111602317706328 -0.9925116209041248 0.015861629804169934 11.600833852591634 -0.002351215272490394 0.016266063738050698 0.9998649343572448 -6.752453300026555
-0.992620438536076 0.12115970317969303 -0.00499913251061952 56.92557622090702 -0.12122408076692963 -0.992501575170683 0.01566350937460624 11.559860680782995 -0.003063860744697198 0.01615393478766748 0.9998648224376223 -6.726901139396831
-0.9925842047596106 0.12145834562482345 -0.004946386540057249 56.44093960689217 -0.12152357309089387 -0.9924555483156587 0.016248255311902143 11.509945069098404 -0.002935582556320319 0.016728864143732057 0.9998557533262051 -6.7337774423618795
-0.9925789052340455 0.12149107303317241 -0.005199620912395866 55.95775089768432 -0.12155235677626497 -0.9924891388448241 0.013796152985242623 11.458102796107609 -0.003484457851756357 0.014325796602778391 0.9998913091457411 -6.705901530323669
-0.9925314439564765 0.12188418667910866 -0.005057449480421183 55.15963465341711 -0.12194213574855492 -0.9924464783681444 0.013420249764763602 11.415914298979867 -0.0033835316987600784 0.013936736068360288 0.9998971542618813 -6.762045972649949
-0.9923166143031358 0.1236746880920691 -0.0035083476583023057 54.397521150181895 -0.12370918665704286 -0.9922405469066954 0.012439220673087448 11.579785477199577 -0.001942708062360182 0.012777660178206413 0.9999164751546783 -6.756278979174697
-0.9923645786132056 0.12331520150596509 -0.002429854189819301 53.93172877905078 -0.12333379960018494 -0.9923123395655411 0.01024668835034175 11.564582095219395 -0.0011476018572114794 0.010468133716672542 0.9999445490558342 -6.758164270450457
-0.9922745478619849 0.12405891925721378 -0.0007786000424789389 53.5746814308169 -0.1240613622136566 -0.9922545776809123 0.006295353601328829 11.591353820897883 8.42530779056608e-06 0.0063433133302793765 0.999979880950116 -6.742355774731385
-0.992323151393644 0.12367185526216673 -0.00018821316304612007 53.23761794543894 -0.12367115234738349 -0.992309583424691 0.005209291754444436 11.49606324460987 0.000457477050456671 0.005192577349060098 0.9999864138353209 -6.8140939787302
-0.9923326796956465 0.12359382045192863 0.0006483472574428553 52.936283424591466 -0.12359104121468001 -0.9923277217466452 0.0033086529876853454 11.468272439308562 0.00105230202017671 0.0032031545728367387 0.9999943162144711 -6.82383440487399
-0.9925022650973521 0.12222111444820516 0.0011193568091909041 52.61299663159006 -0.12221868541717133 -0.9925011216560181 0.0020289027687471735 11.411712919451945 0.001358937646158587 0.0018768842759117911 0.9999973152933419 -6.830711742988307
-0.9925678235659214 0.12169174068603929 0.00048566491908026525 52.312290644696894 -0.12169233454930019 -0.9925667693976495 -0.001477836072531917 11.436997834203297 0.00030221441562629567 -0.0015259542319117868 0.9999987900643327 -6.83897523408478
-0.992566823933432 0.12170058247488354 0.0002612507948465751 51.996452091112126 -0.12170066645866542 -0.99256679180696 -0.000334044249686815 11.459955988439637 0.00021865548353862114 -0.0003633556358105689 0.9999999100812267 -6.887751399910983
-0.9926473510227423 0.12104216989784665 0.00017208706927505636 51.677711420495164 -0.12104224593050678 -0.992647211612262 -0.0005366362850489639 11.400281097860812 0.00010586612908217784 -0.0005535203921772164 0.9999998412037575 -6.871521914207883
-0.9926477589507663 0.12098415428101318 0.003641574237828729 51.359505363515645 -0.12098400630426427 -0.9926544221067407 0.0002617068928022903 11.323026676711969 0.003646487157705867 -0.00018078947990476864 0.999993335201079 -6.901686986284521
-0.9929891292149147 0.11819245477013722 0.0017699989876930606 51.04104323910471 -0.11819255447195129 -0.9929906936683326 4.853323318003444e-05 11.313840764336877 0.0017633287845490717 -0.00016100772881475872 0.9999984323728278 -6.90215695099188
-0.9932049508052788 0.11606230117051645 0.008571344287205858 49.819995007523815 -0.11605100854058754 -0.9932416148254964 0.0018049918418542481 11.329725664894625 0.008722907347809243 0.0007980136844139413 0.9999616362948979 -6.94679814253329
-0.9936381499410603 0.11236598114985344 0.007557331667998431 49.42190364124111 -0.11237824031284913 -0.9936647583264108 -0.0012162089894790062 11.283416133687464 0.007372793629088139 -0.002057751284557815 0.9999707033577317 -6.978349737760636
-0.9934610669317531 0.11373099199651963 0.010018480439089395 49.13956099197327 -0.11375894602978183 -0.9935058005292157 -0.0022641804242639614 11.333723803483112 0.00969591094301312 -0.0033890668755860403 0.999947250377089 -6.94863561915545
-0.9936304621454082 0.1120987672004587 0.01150526352761374 48.77343418611034 -0.11213092644961507 -0.9936910342119816 -0.0021872037566951046 11.426759394584524 0.011187494368894203 -0.003463368137969439 0.9999314201738523 -6.938980612532304
-0.9934910893347156 0.11338457322559209 0.010926754640697483 48.59677057071156 -0.11342159501280988 -0.9935429245037846 -0.0028282420721456435 11.529742102400721 0.010535520740725036 -0.004049163236819747 0.9999363015111564 -6.9136326623580615
-0.9928820898522196 0.11868946491390456 0.009897806279503152 48.51744573393748 -0.11871073746254196 -0.9929276100805394 -0.0015880651287308153 11.920941277649083 0.009639318533769736 -0.002751737306536862 0.9999497544776963 -6.857749009554023
-0.9927183563961905 0.11957044649100791 0.01460045204755423 48.26599095146562 -0.11966494444389214 -0.9927975272295169 -0.005776763644248423 12.107857647270496 0.013804562481029152 -0.007481861593333805 0.9998767203019633 -6.8412474121942175
-0.9931147067661158 0.11582787035245022 0.017523802511502075 47.94316169547633 -0.11597445044218369 -0.9932231972976925 -0.007589940340780107 12.172061149834816 0.01652592053351274 -0.009569994741834911 0.9998176379476202 -6.83719731325781
-0.9926938931300451 0.11918746065328867 0.01879318401287143 47.66493597738986 -0.11936994349514594 -0.9928099260086877 -0.008903224617983587 12.30929850179365 0.01759690689544317 -0.011081518021147655 0.9997837510312256 -6.843949947598853
-0.9924109465359319 0.12068217930042097 0.023586538426843745 47.39693340665363 -0.12101350608183775 -0.992563630168594 -0.01315946094361636 12.367609765968021 0.021823027778964655 -0.015913882802323184 0.9996351853514938 -6.833066237123275
-0.9923938775080203 0.11942699154762229 0.029859430243923794 47.03151569034305 -0.1199910065887888 -0.9926142441299474 -0.01786394939961345 12.498225267823765 0.02750545804776824 -0.021310937103425322 0.9993944635314777 -6.8130693226878565
-0.9921661326733826 0.12123522473694993 0.030139433619931388 46.96970240027377 -0.12189124030168412 -0.9923219418094004 -0.0209687706206803 12.63742556599571 0.027365867676109917 -0.024478236999559158 0.9993257352834134 -6.829958844323862
-0.9914927874182027 0.1266660079280241 0.029962892605079682 46.9161795104638 -0.1273868990136196 -0.9915744436272208 -0.023509587513675333 12.844569999441314 0.026732572965952238 -0.027126466429425324 0.9992744990049928 -6.822965133305946
-0.9920623562899072 0.12130970086752121 0.033109480635481865 46.66519814068362 -0.12201451265003424 -0.9923235231546752 -0.020161450758025376 12.7226556126476 0.030409536913511476 -0.024041253489063538 0.9992483566138064 -6.8179835449389445
-0.9922599625846398 0.11827028553996424 0.037845821563641815 46.44623680354796 -0.11923113275384124 -0.9925710769891661 -0.024219704928112998 12.568974244950565 0.03470019645142206 -0.028544643680813064 0.9989900398319185 -6.838847401296834
-0.992657212271536 0.11495335770886693 0.03764816697748502 46.22515002679115 -0.11587475662286084 -0.9929911010861107 -0.023274749008154606 12.469628826750302 0.034708784232527906 -0.027466319652567177 0.9990199705620747 -6.828226017812235
-0.9917949780682742 0.11865240992338909 0.047584946127209087 46.12931711171677 -0.12015512086231055 -0.9922998817598245 -0.03006146353736359 12.427252679519096 0.04365167132104469 -0.03553238352288099 0.9984147341220823 -6.980309832188659
-0.991954087338759 0.11758483213488016 0.04691370656581729 46.06900120466022 -0.11902388125746163 -0.9924633632197927 -0.029151129598487324 12.253246273567303 0.043132404319036984 -0.034500433595398575 0.9984734927775488 -6.986108599748701
-0.9918543065824083 0.12058347827605727 0.041044601116041884 46.54170760745425 -0.12162317772019872 -0.9922898875599162 -0.02384495098692075 11.661746644277036 0.03785283549705381 -0.028642692142615042 0.998872744162966 -6.967742238503748
-0.9917897174362914 0.12479420507695102 0.027920651261280263 46.87289722487049 -0.12526147531823884 -0.9920002051899737 -0.015657448839026946 11.346601912954172 0.02574333289882835 -0.019026278728665854 0.9994875094412122 -6.781633143999829
-0.9918506275683528 0.12450813508549718 0.027019564944644605 46.784309351121664 -0.12496242481640954 -0.9920352531763255 -0.015825575483651943 11.269900847609067 0.02483394806045036 -0.01907303732805775 0.9995096269025209 -6.739323162055356
-0.9920035563310438 0.1236281363063378 0.02539740419779731 46.5517772801973 -0.12402538240808358 -0.9921700712960305 -0.014705582034133646 11.092466924621744 0.023380520633482792 -0.017737912443582967 0.999569266092679 -6.723701453175114
-0.992001527370188 0.12371837023357253 0.0250346672030442 46.31710436415827 -0.12406908892150287 -0.9921887887027309 -0.012971844386868133 10.986247273509212 0.023234260681297487 -0.015974117795916287 0.9996024193104194 -6.720148012481325
-0.9921128371649985 0.12341341834963701 0.02193733127978639 46.295905521279614 -0.1236938864527158 -0.9922488394594878 -0.011919020325741388 10.994550876766656 0.020296324461427748 -0.014538526835996098 0.9996882966459094 -6.683502416561936
-0.9920415760657215 0.12466409724313189 0.017674111451365968 46.23231694906417 -0.12481566599524853 -0.99214972113027 -0.007744700335721491 11.008365250250053 0.01656987867192674 -0.009889070718882422 0.9998138053663375 -6.649204913580948
-0.9919968889832329 0.12562607334915785 0.012659460591518325 46.22851383955028 -0.12566556940442974 -0.9920698274296214 -0.0023711115593586206 11.071500067110359 0.012261195449704658 -0.003942993613902074 0.9999170545037748 -6.63632873990485
-0.9921207625131692 0.12464824162949999 0.012617783044541975 46.13143733014668 -0.12468632634057936 -0.9921936023086656 -0.0022749860308715233 11.007360090999217 0.012235710603633525 -0.003830325890041507 0.999917804616758 -6.57796969947842
-0.9921025025716576 0.12472492273898281 0.013278480290077232 45.99785296130151 -0.12475369078882304 -0.9921868140196791 -0.0013574682498793977 10.953005325965087 0.013005422931447954 -0.003003287072120695 0.9999109156525612 -6.5992088925440955
-0.9918802613028929 0.12687891161308357 0.008676924892125985 45.97296893048009 -0.1268729128503447 -0.9919182047857558 0.0012405641738704274 11.062999949784777 0.008764201194225253 0.00012962438129387818 0.9999615852496297 -6.6618622313810825
-0.9918784604922606 0.1271498412839119 0.0031681971181112076 45.850240599429924 -0.1271347689035312 -0.9918748977513034 0.004575778260225493 11.066998898928896 0.003724264672120486 0.004135827887854475 0.9999845122702361 -6.6602578314113465
-0.9921419888091411 0.12511608094016508 -0.0004902366932889176 45.718661052010546 -0.12511650352936407 -0.9921186191786958 0.006819532501903432 11.095003363557062 0.0003668602292656609 0.006827281240153151 0.9999766265490624 -6.679768810500814
-0.9921620978910146 0.1249571222365452 -0.00029851442254286647 45.59525297775324 -0.12495638332289746 -0.9921405655109061 0.006557479283951227 11.070229065429068 0.0005232354724533839 0.0065433836858525855 0.9999784549451973 -6.711620483181602
-0.9920652974808057 0.12571476309920113 -0.0014979563535044602 45.41601465421998 -0.12572185752948112 -0.9920447219418242 0.00642527872604057 10.955449966938444 -0.0006782873013027735 0.006562621906007152 0.9999782357231926 -6.742000401606571
-0.9920668791533168 0.12569510060460728 -0.002012205505571032 45.307957951364635 -0.12570769745030053 -0.9920316843505763 0.008409045505042113 10.856979461009855 -0.0009391957962061148 0.008595285251747473 0.9999626187926746 -6.7868376234231995
-0.9921549506589742 0.12500974471624635 -0.0010571702168196149 45.23310810867144 -0.12501404307368477 -0.9921321263101021 0.006732976887275543 10.836682824997744 -0.00020716481322621884 0.006812317474404567 0.999976774436972 -6.727731072654937
-0.9920246760440711 0.1259747862445751 -0.004170773344800493 45.1540977690341 -0.12601233301375456 -0.9919732887822362 0.010482665261616174 10.888886657906916 -0.0028167442360014817 0.01092463148988309 0.9999363571641557 -6.738542281797682
-0.9922402531193744 0.12433496799009534 0.0003095553442280478 45.09132755947993 -0.12433094460411914 -0.992222960703455 0.00595083748102333 10.89722875438428 0.001047045107868858 0.005866173180087664 0.9999822456967785 -6.745362196439406
-0.992195560244566 0.12465380060883292 0.003065978595307535 44.989415614760084 -0.12464062402871591 -0.9921931978672165 0.004168086822037795 10.8530942335032 0.003561610970705268 0.0037534117541619576 0.9999866133241506 -6.732782667349008
-0.992227660460862 0.12436642473760721 0.004154782107276321 44.83180785523392 -0.12435548054804509 -0.9922337883935225 0.002797074884611173 10.956819663261971 0.004470377393374857 0.0022586651433687674 0.999987457000206 -6.644949950149903
-0.9922584581471654 0.12392397206945482 0.008124123456551145 44.7742011969941 -0.12391875978472144 -0.9922917074677747 0.0011437937327759176 10.979093169332739 0.008203243798973857 0.00012820770264886737 0.9999663446106419 -6.592042017503901
-0.9924372659942086 0.12244410418942374 0.00870140305918169 44.71847020216407 -0.12243667007424189 -0.9924753631153342 0.0013839906888910424 10.955117283266874 0.008805389660881948 0.0003081531199044052 0.9999611843239627 -6.624646682042285
-0.9925059653910323 0.12185325705305364 0.009148355523419435 44.67462221262154 -0.12185651612666873 -0.9925477059135771 0.00020239360125606844 10.914152004937158 0.00910484160717154 -0.0009139098757684063 0.9999581324375817 -6.5719670610614775
-0.9924428925719501 0.12231872656784448 0.009758796762088866 44.60694712195368 -0.1223423258487339 -0.9924862253190768 -0.0018568408155929359 10.861747808383003 0.009458344958059056 -0.0030367223634317157 0.9999506577966476 -6.575242808000108
-0.9922555940922151 0.12350163152434905 0.01327339457444958 44.46360873264643 -0.12354591292597907 -0.992335538437809 -0.0025664279907845703 10.772253208979752 0.012854703107882262 -0.004186426181017963 0.9999086110459506 -6.51610926299259
-0.9921263683790043 0.1247717861139707 0.010829153107296065 44.38969139581728 -0.12480803400978803 -0.9921771359843699 -0.0027359598804460937 10.693383943798185 0.010403067514113818 -0.004065983249530241 0.999937620037628 -6.584336401360386
-0.9921240633228329 0.12470777919816774 0.011739368946408982 44.32996328040253 -0.12473979257995794 -0.992187408005446 -0.0020326196269300693 10.71815846809346 0.011394170566928114 -0.003480977290854233 0.999929025318394 -6.603015686544485
-0.992149264419751 0.12469378775160547 0.009554915358464072 44.29289244793409 -0.12472258168156714 -0.9921885617026276 -0.0024770234473597947 10.756494186550887 0.009171408290704005 -0.003649290702504989 0.9999512827869834 -6.576742328983998
-0.9919889476989977 0.1259563131223991 0.009640271139979128 44.293506469066386 -0.12598923819204605 -0.9920274119479452 -0.002885446871834583 10.743953749950759 0.009199972979783167 -0.00407690182292321 0.9999493684025695 -6.59122382154645
-0.9919036501048974 0.12665288652983678 0.009284139284132785 44.264951388228326 -0.12669414781589416 -0.9919337751258764 -0.003997333328093341 10.740274651235893 0.00870297752447934 -0.005141215633628977 0.9999489117370062 -6.6223339951391225
-0.9919989877927803 0.12589049748650627 0.009465244883360042 44.27291880454021 -0.1259319226875325 -0.9920311662988572 -0.003913558476748656 10.777515056590747 0.008897138097363573 -0.005074222534472348 0.9999475452239213 -6.588705473154871
-0.9919084982028139 0.12673270361319194 0.007506865386611212 44.26163025447913 -0.12675840321261353 -0.9919289286154065 -0.003050867234519093 10.765423980834926 0.007059632287205879 -0.0039777394063468625 0.9999671690516556 -6.631990946847095
-0.9920384229515578 0.12546647162666888 0.010859644807429594 43.783268998418706 -0.12550118791151432 -0.9920901302461176 -0.0025739660144384717 10.668772977862613 0.010450799997510807 -0.003916371509323994 0.999937719467378 -6.636394585827723
-0.9920463165113299 0.1254781540525336 0.009966882756355887 43.7984420892938 -0.12552188892692737 -0.9920832302817332 -0.003888392210865913 10.694912894973594 0.009400068963913124 -0.005108527120231799 0.9999427691893874 -6.651575651921983
-0.9920341459758857 0.12556983883654574 0.010023412216711361 43.804539251699545 -0.12562135833390975 -0.9920671983324533 -0.004684903749894982 10.685779654710405 0.009355615866725078 -0.005906739148310239 0.9999387895688363 -6.640885856273947
-0.9919743128234386 0.12601602182559765 0.010340451717447598 43.80209072718353 -0.12605775691399707 -0.9920167782762852 -0.003486192788153256 10.666107995492299 0.009818585452183635 -0.004761707844377261 0.9999404589864999 -6.647094298644659
-0.9919358908979504 0.1263403184808977 0.010065399874681538 43.81524050172866 -0.12639069119482832 -0.9919701799575175 -0.004533790284669348 10.67097566347797 0.009411776016541489 -0.005769402152481288 0.9999390643789363 -6.650134943806013
-0.9919985481900334 0.12573762931489418 0.011354689037688853 43.834922042998464 -0.12577915918594929 -0.9920536760338196 -0.003017777703191063 10.693182151041402 0.010885012785861499 -0.004421814340304135 0.9999309796453936 -6.653117612692316
-0.9920343565105807 0.12545780475343143 0.011321427873342586 43.81235422091934 -0.1255078502239061 -0.9920852681232758 -0.0038210345389288578 10.695186298303465 0.01075244320212229 -0.005211525613879228 0.9999286099347117 -6.630452370987092
-0.9920491840231952 0.12526615869566748 0.012116351123602362 43.82772985469119 -0.12532241512644055 -0.992108012824144 -0.00399789407171648 10.731283990805474 0.011519928202680638 -0.00548455793698732 0.9999186021264164 -6.603995342658678
-0.9920010739269525 0.125665255023634 0.011921116039159732 43.84060373602758 -0.1257055982144532 -0.9920639304888423 -0.002694513049881762 10.709412770456208 0.011487902564044541 -0.004171510862279382 0.9999253105066414 -6.652513661873936
-0.992022638841758 0.1252755311523996 0.014040132475321432 43.78358181350417 -0.12533756664423623 -0.992107528612372 -0.0036257493508266183 10.719920177248062 0.013475103455731214 -0.005356581478605251 0.9998948587835234 -6.619467820904607
-0.9920245015016594 0.12525257702149464 0.014113127572197452 43.73438729313981 -0.12530014055217142 -0.9921156442623378 -0.0025344008243875396 10.707742994111634 0.01368441441938728 -0.004282564582845461 0.999897192936653 -6.601560314789667
-0.9921133123423338 0.1244455734954941 0.014982480118706148 43.67101605558155 -0.12448151187661045 -0.9922208133444639 -0.0014868648107874461 10.691459736138704 0.01468089486521116 -0.0033401801492733843 0.9998866508372501 -6.619745955058558
-0.9921056795311473 0.12455119316107854 0.014605510063030909 43.664784386563916 -0.12457837815775566 -0.9922093027548775 -0.0009629238133236431 10.667760079031456 0.014371789646146575 -0.0027748529399733296 0.9998928701883697 -6.6089117395421075
-0.9921549479779744 0.1241428040839305 0.01473510763490989 43.672473169973365 -0.12416867930215753 -0.9922607596993217 -0.0008507886273112148 10.656283586214977 0.014515449810189852 -0.002673753000672058 0.9998910704480278 -6.615954790024859
-0.9920790673862883 0.12473080366515214 0.014877858414500246 43.64699766005284 -0.12476196978191767 -0.9921859978815794 -0.0011817376499400711 10.671424451570582 0.014614203710533425 -0.0030285681075773244 0.9998886202098363 -6.6055185570966914
-0.9920466907588437 0.12491834546454614 0.015452194693028835 43.694876191330934 -0.12496586683714374 -0.9921587222211422 -0.0021452380177818947 10.704698799839669 0.015063050158338857 -0.004059173180781176 0.9998783064118445 -6.589890849072411
