-0.9929847675929209 0.10137919102239952 -0.06085647834118513 130.61741942895688 -0.1039579500092861 -0.9937439764092622 0.040812424335982554 9.165662597299711 -0.05633822821418853 0.046852630427303185 0.9973118043339005 -1.0422030071474013
-0.993319840305416 0.09871201618826175 -0.05976313843569189 129.51426058056535 -0.1013515767093693 -0.9939265743127293 0.0428698352398018 8.424009342795003 -0.055168403585385405 0.04864054620387688 0.9972916045524673 -1.176967794630273
-0.9938632036569777 0.09893142331641279 -0.04948237966471135 132.34412640701225 -0.1040323933877484 -0.9879980279428514 0.1141803744391279 10.294199149880942 -0.037592466568590215 0.11862744312186553 0.9922269580069218 -2.0184778578310567
-0.996036568617693 0.07759778267505772 -0.04347111800041243 127.41876629300099 -0.08070115487145549 -0.9939215506314611 0.0748817387135571 8.499172954696302 -0.037396224123628016 0.07809311950656438 0.996244441443483 -2.626287168535687
-0.9940637337169967 0.09332379876939169 -0.055928185129522634 125.5135407264296 -0.09592557612548358 -0.9943346516965875 0.04579174904309521 7.958294263084875 -0.05133787250778955 0.050884860407412864 0.99738415559287 -1.6701387288383382
-0.9784520767626868 0.20260335897265028 -0.03979211494498218 122.14239432924009 -0.20389666274477686 -0.9784804578985086 0.03165666489491085 19.221788629230318 -0.03252206021053582 0.03908800895064429 0.9987063848579039 -2.7793511786777674
-0.9955489982871403 0.08387902238667169 -0.042970939167423325 124.29166190681269 -0.08732590970117586 -0.9924725769130275 0.08586250386796378 9.128729527805977 -0.03544541584374899 0.08923280606968607 0.9953798917079872 -2.9732865989579733
-0.9946665561244229 0.09330097192160887 -0.043970112190770884 122.37319079577647 -0.09665658872324102 -0.9919635580692924 0.08164437101780722 8.553583171574898 -0.03599924976957335 0.08545892639736481 0.9956911297762238 -3.037822416022951
-0.9964035624859444 0.07463755912361139 -0.04011452895640302 120.49001574000151 -0.07776679129461588 -0.9934997585172795 0.08312975398647954 8.049502438450475 -0.033649172903123595 0.08595036122194234 0.995731022198647 -3.014196364482079
-0.9976193259765705 0.05448183748352615 -0.042277769838114675 118.65179699215115 -0.05796949019607761 -0.994589790233131 0.08620143485133167 7.5506121834322855 -0.03735262567039788 0.08844703809874074 0.9953802804994156 -2.825310984933297
-0.9903154668543753 0.13551950012072947 -0.03016191631900904 115.30047452380907 -0.1368552334569282 -0.989436927972653 0.04780387682495421 19.031687309274705 -0.023364956333297774 0.05146873469469965 0.9984012460751849 -3.7728743458676988
-0.990190777178575 0.1367900440222818 -0.028472945876348108 114.00453834050742 -0.1383556095539795 -0.9883621085095537 0.06323027571898691 18.861562222223974 -0.019492308622684546 0.06654942763791871 0.9975927142805479 -4.20984663875189
-0.9946763589574771 0.08812143338711438 -0.05341866629658987 117.57921282768842 -0.09165107214759934 -0.9934883424089735 0.06768304419621483 6.841990640277039 -0.047106495362123295 0.07221860200302606 0.9962757909431682 -2.701531236105409
-0.9947917995924364 0.08747897943052865 -0.05231351279971199 116.61794077675478 -0.09082040487282304 -0.993722179347401 0.06532904661633031 6.650540842167267 -0.046270179623481435 0.0697399342619064 0.9964915514176549 -2.699801607875898
-0.9962511509002403 0.0811020813390074 -0.03010144070370525 111.86732662409771 -0.08193679887528411 -0.9962548384457052 0.02761626085476066 10.415510121939164 -0.027748969711130573 0.029979147352912176 0.9991652743185027 -3.7995079432784378
-0.9998365526830991 -0.010557223679976585 -0.014676952918023444 109.48429584818531 0.01020664650439126 -0.9996656025051651 0.0237593673133491 6.284217220757456 -0.014922877936957428 0.023605681438314402 0.999609963694797 -4.233183659721739
-0.9998479828771591 -0.00805220908593537 -0.015465221153360768 108.87335810340144 0.007809690150906905 -0.9998465855829283 0.01567845776579295 6.11380229473902 -0.01558909478554767 0.015555295786429777 0.99975747703969 -4.286775889649127
-0.9915000369673949 0.12810457755893714 -0.022735300792151174 107.47605501300207 -0.1289624020161979 -0.9907827392175312 0.041451930411254355 17.782335116013606 -0.017215561561446005 0.04403158953584502 0.9988817965921086 -4.435082459335824
