-9.935740301370090677e-01 1.106454220921699316e-01 2.383772655577824293e-02 1.303142866432428946e+02 -1.112988319097200640e-01 -9.933899404800821120e-01 -2.808907560799012507e-02 1.023255066633682553e+01 2.057223013760007060e-02 -3.056168717569532692e-02 9.993211528953745981e-01 -7.835167573337123770e+00
-9.878780465693375312e-01 1.406142936374480679e-01 -6.576158096633065442e-02 1.286404350861245973e+02 -1.383076890263676140e-01 -9.896436127010570516e-01 -3.842529110085857180e-02 1.259496117213094379e+01 -7.048367373041310169e-02 -2.886416922140075739e-02 9.970952369120128500e-01 5.102178242323334167e-01
-9.840622407464463262e-01 1.697025368424760483e-01 5.312772653061054867e-02 1.264898128214415891e+02 -1.673015699896629460e-01 -9.847939264380343172e-01 4.680926329001057484e-02 1.552651156779074171e+01 6.026351314084826133e-02 3.717487646230556442e-02 9.974900187690777242e-01 -1.215759532036251755e+01
-9.965861689285309133e-01 8.197451806524569395e-02 9.807460850015384951e-03 1.258140351547588267e+02 -8.206696342119301768e-02 -9.965822345840054108e-01 -9.426729357273530216e-03 7.523895798952365155e+00 9.001189653509478888e-03 -1.019941662652433349e-02 9.999074709618386292e-01 -6.347087947713236922e+00
-9.897274938912630216e-01 1.428340680973151644e-01 -6.157664045031350369e-03 1.247563416240431167e+02 -1.426947682639588544e-01 -9.895834331571256026e-01 -1.904814770658609310e-02 1.252437468431531720e+01 -8.814246752560553344e-03 -1.797380904895700196e-02 9.997996055422589956e-01 -5.766296961399493881e+00
-9.947223513171117304e-01 1.008458778088407032e-01 -1.890906446974267852e-02 1.239895119982431879e+02 -1.016380924974570193e-01 -9.937060769458219145e-01 4.709491261721063249e-02 8.803794720670477858e+00 -1.404072446973037014e-02 4.876824345728175691e-02 9.987114280343728501e-01 -3.836778919113179587e+00
-9.948926571796592455e-01 9.853122197725792952e-02 2.191344303540844127e-02 1.221777131435504629e+02 -9.884210763814400835e-02 -9.950103927492486289e-01 -1.358514183349148613e-02 8.489832635427735141e+00 2.046554293556175283e-02 -1.568172875211306522e-02 9.996675672120696188e-01 -7.424079822615325952e+00
-9.938436502397645089e-01 1.106356849909678475e-01 5.877421601407572041e-03 1.215499186446351558e+02 -1.103520800838728444e-01 -9.932273970133014274e-01 3.635596571877688921e-02 8.945326660378267292e+00 9.859883329120815512e-03 3.548355997869574729e-02 9.993216197360960118e-01 -6.513076230262927702e+00
-9.796708029586549404e-01 1.988441381337189562e-01 -2.657304198248442578e-02 1.191052278417774062e+02 -1.995809099202501546e-01 -9.794597239120779175e-01 2.874212291187521959e-02 1.846703772635936147e+01 -2.031202170512300120e-02 3.346129053002639547e-02 9.992335882116432089e-01 -3.312481026584590982e+00
-9.710398500383334852e-01 2.383554963963311069e-01 -1.637885756669293230e-02 1.190386933455467755e+02 -2.381174354415035721e-01 -9.711168782596661941e-01 -1.523468732736465645e-02 2.111335580645723198e+01 -1.953705648998344674e-02 -1.089339693850248370e-02 9.997497873602411156e-01 -4.313722545951499399e+00
-9.915464985125941322e-01 1.267011689742729152e-01 2.797061079003650835e-02 1.178434680335621039e+02 -1.268549868219704391e-01 -9.919140407460764752e-01 -3.787887166960167244e-03 1.120517458320395221e+01 2.726451183888440460e-02 -7.304077720332687561e-03 9.996015690478095017e-01 -8.029318865529033289e+00
-9.845453863554687324e-01 1.620535650528395211e-01 6.640048388247950240e-02 1.153861965768458475e+02 -1.618056708704525559e-01 -9.867804024969457632e-01 9.130285982907777875e-03 1.567784375784376216e+01 6.700229160502722825e-02 -1.754793900149411758e-03 9.977512784346822539e-01 -1.286813694463227797e+01
-9.890927778876505982e-01 1.311483080183091787e-01 6.704922098299294364e-02 1.149979373496289838e+02 -1.309957672605232548e-01 -9.913603838367019971e-01 6.685680143004147855e-03 1.144965867621516686e+01 6.734675708835831387e-02 -2.170406202175260198e-03 9.977272691705881824e-01 -1.280160420959212075e+01
-9.924912520209274724e-01 1.156348808083032531e-01 3.987090420823769660e-02 1.143454348201235291e+02 -1.145996043778105544e-01 -9.930352427794928438e-01 2.734844189938599041e-02 9.389740398809612643e+00 4.275564685959350880e-02 2.257389949309356048e-02 9.988305030000302898e-01 -9.957646418603070870e+00
-9.936022674575453184e-01 1.100431676524008806e-01 2.539754626436993915e-02 1.134830991690897406e+02 -1.100048132115566124e-01 -9.939268043354620996e-01 2.906663686620753612e-03 9.689791664843260932e+00 2.556316047588321275e-02 9.421529691900601584e-05 9.996732045773568665e-01 -7.543541363257897814e+00
-9.925846285863575424e-01 1.214518091530281674e-01 -5.021269514754910651e-03 1.125177536802985543e+02 -1.215390299278623076e-01 -9.922838061687613287e-01 2.451759000046552575e-02 1.127861847250309602e+01 -2.004818764271439763e-03 2.494606319027431809e-02 9.996867882657194393e-01 -4.705321413075314929e+00
-9.927680545398234191e-01 1.189873821514776941e-01 1.592459650832240073e-02 1.112454052357974774e+02 -1.190428215723194072e-01 -9.928857778720663330e-01 -2.576573593602924164e-03 1.001357721425195457e+01 1.550472564464103545e-02 -4.453648854651260508e-03 9.998698757811257387e-01 -6.371603114082357244e+00
-9.928370294937327589e-01 1.162227292119901445e-01 2.769314139958995932e-02 1.103089429221860058e+02 -1.164710248038073326e-01 -9.931655994712760283e-01 -7.522792567406580422e-03 9.922125828775717693e+00 2.662955589588690206e-02 -1.069435558496846517e-02 9.995881639512395056e-01 -7.442679955317958118e+00
-9.864077863158378090e-01 1.605092290693231338e-01 3.516342530328966931e-02 1.088457752763961253e+02 -1.607610171778902086e-01 -9.869833938125158745e-01 -4.435729281453318351e-03 1.406535267937901423e+01 3.399374135658743412e-02 -1.002834592043031978e-02 9.993717315527198553e-01 -8.256350860012245718e+00
-9.846427482284916266e-01 1.669255149144098782e-01 5.113248313550283752e-02 1.073911007767189858e+02 -1.677877231675740100e-01 -9.857370207936229090e-01 -1.303095511289384736e-02 1.502176264452339538e+01 4.822798269972436436e-02 -2.141023837961230844e-02 9.986068612708622894e-01 -9.941906826480945369e+00
-9.813230332037861103e-01 1.899931566013986217e-01 3.012814213253177734e-02 1.055812947741586783e+02 -1.904835864139923507e-01 -9.815859921716196812e-01 -1.431584015421249502e-02 1.623574945130194180e+01 2.685345062714888584e-02 -1.978738024838751913e-02 9.994435210517506052e-01 -8.986402234008675549e+00
-9.924781652605674243e-01 1.159540145701127012e-01 3.926522616887430372e-02 1.062410036206238573e+02 -1.177578363412651041e-01 -9.919176426414257897e-01 -4.724915022412075338e-02 1.129711542376889533e+01 3.346914192569906688e-02 -5.151753800165333186e-02 9.981110959292084361e-01 -9.602079092832585872e+00
-9.899164475335755498e-01 1.292968945500397038e-01 5.785965746719926722e-02 1.042299986695881557e+02 -1.305785491742053883e-01 -9.912572002551098826e-01 -1.893159892773524713e-02 1.272877466824496118e+01 5.490600511843258397e-02 -2.629593128445748343e-02 9.981452071716908625e-01 -9.938873485914252015e+00
-9.920118952450627248e-01 1.232565602305638608e-01 2.683691585164620086e-02 1.041670688038845043e+02 -1.242183958620231288e-01 -9.915371531901786550e-01 -3.773412213079657684e-02 1.164856821702557355e+01 2.195882104678367058e-02 -4.076633664735576645e-02 9.989273827333945421e-01 -8.286281720185396438e+00
-9.904896991117415617e-01 1.134076679259782700e-01 7.790286778497450271e-02 1.030553462038314620e+02 -1.145053354366729198e-01 -9.933747241619830248e-01 -9.756308350991954245e-03 1.101512251205932280e+01 7.628029961967371098e-02 -1.858381693021267378e-02 9.969132146973662678e-01 -1.236685930454728322e+01
-9.924235178980951311e-01 1.222110642850318396e-01 -1.264977822297575633e-02 1.025275584663397410e+02 -1.227913743549955139e-01 -9.901054276559013712e-01 6.792290122143809783e-02 1.135888514311466047e+01 -4.223684029612675278e-03 6.896156822930946118e-02 9.976103761492119970e-01 -4.905640437153790501e+00
-9.915279337624278710e-01 1.256299552148798793e-01 3.300713440331166232e-02 1.007718759293267681e+02 -1.272231246469553712e-01 -9.905275893993756853e-01 -5.166595778389874993e-02 1.200933761920166987e+01 2.620368531096841508e-02 -5.542751114175727134e-02 9.981188095035350427e-01 -8.212736649760618235e+00
-9.911335202141597911e-01 1.263990920240830595e-01 -4.095869435633757438e-02 1.002810638085804129e+02 -1.268270574125000549e-01 -9.918924712021466306e-01 8.013930408122420246e-03 1.168584659673468451e+01 -3.961366703519020316e-02 1.313754573682593407e-02 9.991287015575309738e-01 -2.208841369119894260e+00
-9.910722013872326208e-01 1.310320821478382636e-01 2.462691790433324188e-02 9.865083790288785792e+01 -1.317040754634902500e-01 -9.908937589303994375e-01 -2.799276726390012918e-02 1.244788243062761168e+01 2.073470867342644061e-02 -3.098631892925944945e-02 9.993047182393578476e-01 -8.234272442600110153e+00
-9.930100066784171009e-01 1.173924757208970049e-01 1.225288866548247639e-02 9.855571504034814723e+01 -1.177222175058095788e-01 -9.925621396541346453e-01 -3.101416500118757413e-02 1.099220664673234538e+01 8.520923778849375310e-03 -3.223981341950719892e-02 9.994438394870571729e-01 -6.434589451349947531e+00
-9.908132083449872063e-01 1.320579233311110212e-01 -2.915289101594300408e-02 9.720100792377962762e+01 -1.319004405676756642e-01 -9.912363170153870584e-01 -7.268948192441785500e-03 1.179577153765064068e+01 -2.985732652408960158e-02 -3.356890711022425793e-03 9.995485337579101959e-01 -2.965967646891311205e+00
-9.913571086083159400e-01 1.308560610644696476e-01 -9.368804323513625285e-03 9.612790186637846546e+01 -1.307860077167380120e-01 -9.913804210143355444e-01 -7.738282429405769595e-03 1.143068783967744118e+01 -1.030065033276229315e-02 -6.446092780258574385e-03 9.999261695198253808e-01 -4.772605924727607807e+00
-9.923854670613843076e-01 1.230226981087473442e-01 -6.041565641700123203e-03 9.548609767708023810e+01 -1.229418895198573919e-01 -9.923376469919107379e-01 -1.229984405777885537e-02 1.088190700974207559e+01 -7.508433035336670343e-03 -1.146342499441219479e-02 9.999061022519821762e-01 -5.058341420400089383e+00
-9.899287045168778665e-01 1.341275268163718004e-01 -4.528759790119468720e-02 9.448916058783743210e+01 -1.347480379664489636e-01 -9.908196679857717015e-01 1.092482479302823647e-02 1.162050285593923604e+01 -4.340652298594377401e-02 1.691721261583575830e-02 9.989142514147955065e-01 -1.862134833046316107e+00
-9.912909423592388691e-01 1.238807434792551787e-01 -4.467470191908772675e-02 9.356902938444980578e+01 -1.246800092060292853e-01 -9.920749738626883918e-01 1.556089778035716492e-02 1.069700848236307600e+01 -4.239295815246701266e-02 2.099541927119451257e-02 9.988803879688047394e-01 -1.845448048574273470e+00
-9.900451038665483150e-01 1.353357135498728936e-01 -3.866441448958075899e-02 9.239041920677689745e+01 -1.359756446203311264e-01 -9.906072540878965160e-01 1.441846796725965163e-02 1.128646781275742761e+01 -3.634991581779481451e-02 1.953235230033049941e-02 9.991482226545043144e-01 -2.481232787274822549e+00
-9.910084469579272248e-01 1.285103076036480663e-01 -3.724726698232598554e-02 9.112045781037079450e+01 -1.288331261356360224e-01 -9.916456974066547581e-01 6.390338409554640817e-03 1.119157296274579494e+01 -3.611486768847724238e-02 1.113156118813004962e-02 9.992856471887098246e-01 -2.696267688019885256e+00
-9.901229727744953468e-01 1.366432691138356748e-01 -3.138655428810834674e-02 9.037146373399667709e+01 -1.371132993364163055e-01 -9.904655948390299613e-01 1.333598834917056747e-02 1.187620115998289805e+01 -2.926502911802403989e-02 1.750778244241087481e-02 9.994183486531905691e-01 -3.192276016711059317e+00
-9.936617913626488718e-01 1.115935429034199816e-01 -1.353238959808442284e-02 8.854772753223909376e+01 -1.118292312784455594e-01 -9.935620648170051528e-01 1.812860690294515811e-02 1.160980717929315809e+01 -1.142223347877787364e-02 1.952702073620398229e-02 9.997440812745650440e-01 -4.927654582343119039e+00
-9.892931365327917170e-01 1.458940772268897679e-01 3.742758237745546449e-03 8.791885806722568475e+01 -1.456216491495887777e-01 -9.884948838745217792e-01 4.089254030810972329e-02 1.209277268701781693e+01 9.665676803305755030e-03 3.990968283525475613e-02 9.991565402417798003e-01 -6.888056312849503371e+00
-9.910267794802321006e-01 1.325602780702333783e-01 1.713753281492779237e-02 8.696489807787916959e+01 -1.319790140527170863e-01 -9.907522155921066886e-01 3.148947679790075477e-02 1.136043023312235611e+01 2.115330240678801529e-02 2.894512009433080485e-02 9.993571522834124865e-01 -8.079966773667873525e+00
-9.868138096512717450e-01 1.594894107255975524e-01 2.759769823635977934e-02 8.550802105731173697e+01 -1.590892398295695453e-01 -9.871321281164162631e-01 1.614854206437934050e-02 1.295999116247689642e+01 2.981809604909787734e-02 1.154510748139566181e-02 9.994886650889293067e-01 -8.444618199135021541e+00
-9.879677738448005009e-01 1.523773959268223122e-01 2.647276061745038739e-02 8.504273168147329898e+01 -1.520042978367393549e-01 -9.882568991309175210e-01 1.558828917177917245e-02 1.239094529341165085e+01 2.853719123018658849e-02 1.137675396163605190e-02 9.995279876951861375e-01 -8.460567162025117938e+00
-9.875771682360479087e-01 1.538988086853388393e-01 3.172528115088707468e-02 8.369010212064110021e+01 -1.532647796624579950e-01 -9.879502309089203127e-01 2.154642805733112190e-02 1.234009225395355358e+01 3.465896844811691691e-02 1.641639218114055235e-02 9.992643584026538184e-01 -8.740027326291235354e+00
-9.911862290202626546e-01 1.324757979061553792e-01 -1.495650999279165769e-04 8.355628939288496326e+01 -1.323223109667999720e-01 -9.899822289150419508e-01 4.925436480973997833e-02 1.161406546900535375e+01 6.376944487536625496e-03 4.884003891821693533e-02 9.987862560014879598e-01 -6.564072730608688566e+00
-9.888744773454714032e-01 1.487027991872923172e-01 -3.839995909514547570e-03 8.291652119261294729e+01 -1.487495574368863094e-01 -9.883674391491108491e-01 3.167608549299236881e-02 1.279436689244701419e+01 9.149956566739919205e-04 3.189487017833302768e-02 9.994908103825945744e-01 -6.271198823670565581e+00
-9.903043798785882146e-01 1.386138520525077023e-01 -9.134287736382105949e-03 8.189161467033815711e+01 -1.388996351847153199e-01 -9.890170686881123441e-01 5.051860240670901642e-02 1.141864991038874244e+01 -2.031388401687379830e-03 5.129754246296460568e-02 9.986813483781610268e-01 -5.818202344453012209e+00
-9.882786058520003358e-01 1.525457306403687763e-01 -5.932729441254494182e-03 8.104074342267172426e+01 -1.526588826324878634e-01 -9.877252441361608071e-01 3.307729809948657673e-02 1.217192069826663037e+01 -8.141060295614225249e-04 3.359526989857437862e-02 9.994351880296263868e-01 -5.678370530472014011e+00
-9.899462341253306708e-01 1.362749034402835346e-01 3.788936834281864813e-02 8.006030936285566213e+01 -1.357679843009724219e-01 -9.906169399402218190e-01 1.565671556624567001e-02 1.163520043147820004e+01 3.966746752601302967e-02 1.035514344723477767e-02 9.991592781054779993e-01 -8.358069523652375210e+00
-9.917086727578408034e-01 1.284302637595460816e-01 4.424446579606475943e-03 7.927501985469032775e+01 -1.284335989882454121e-01 -9.917179957905497556e-01 -4.769445486435530397e-04 1.046868409571042768e+01 4.326549180228716346e-03 -1.041237643064477298e-03 9.999900983491595285e-01 -7.150036169755876081e+00
-9.947325023249946607e-01 1.010619185750221000e-01 -1.713876985639256612e-02 7.855993346889592033e+01 -1.014687561826080192e-01 -9.945292855774998664e-01 2.481111943186860985e-02 1.421454807161854994e+01 -1.453754920917663118e-02 2.641947657777508895e-02 9.995452320532308699e-01 -5.688509644010855126e+00
-9.899007299206439292e-01 1.394305507083872242e-01 2.560598429533546272e-02 7.766707116337715888e+01 -1.388955587230761290e-01 -9.900712134113838214e-01 2.161055624261029248e-02 1.180912547752879682e+01 2.836491969989734380e-02 1.783574790319611761e-02 9.994385010730535424e-01 -7.382022642034719695e+00
-9.914256265628618170e-01 1.305222979521698246e-01 -6.257533996842229440e-03 7.748959831084056304e+01 -1.306653487210570896e-01 -9.907269972732126728e-01 3.723685697810877326e-02 1.155857443567407472e+01 -1.339267725727499251e-03 3.773521712258443017e-02 9.992868756021316967e-01 -5.848486145444953266e+00
-9.950669053609786374e-01 9.900056179267370526e-02 -6.382994599786829051e-03 7.618749748180927384e+01 -9.906343818379502453e-02 -9.950264649691538121e-01 1.042924859208661618e-02 1.381925560641308337e+01 -5.318747082851058017e-03 1.101012151273144703e-02 9.999252412824388703e-01 -6.862785764462333127e+00
-9.866872920533851232e-01 1.625079457729107224e-01 -6.273377162878124302e-03 7.509465155367638545e+01 -1.625689083890807241e-01 -9.866371167260004071e-01 1.088806336262479642e-02 1.360204859023903445e+01 -4.420149945611360001e-03 1.176296983225601396e-02 9.999210442905898111e-01 -6.646737655580741588e+00
-9.896687206775851564e-01 1.424040098863253445e-01 -1.664095191650590347e-02 7.518023700757089500e+01 -1.428714656489307178e-01 -9.892411489572552341e-01 3.145939467085309693e-02 1.245057142475564760e+01 -1.198197044390076141e-02 3.351189606729899906e-02 9.993664919368949739e-01 -5.747422095792803276e+00
-9.904125742360028184e-01 1.380665842373360319e-01 -4.533333458928821662e-03 7.407336486915917817e+01 -1.381150514219836034e-01 -9.890573603399688274e-01 5.186299767692619661e-02 1.166795405513676442e+01 2.676820113133092632e-03 5.199188662059323757e-02 9.986439197029706172e-01 -6.040049601613721286e+00
-9.877179418844161951e-01 1.550620012266369363e-01 -1.921049336177371725e-02 7.308272408023807998e+01 -1.557114462676522093e-01 -9.870367276732108230e-01 3.889014946481405416e-02 1.239736605590824681e+01 -1.293107810077598167e-02 4.140379209384039555e-02 9.990588136938693964e-01 -5.633300575280012268e+00
-9.908660977919834245e-01 1.348403359020279857e-01 -1.568457941860019762e-03 7.308203191588054892e+01 -1.347279227861933326e-01 -9.894123957941187708e-01 5.395829751446363370e-02 1.162239529433315077e+01 5.723903231593803834e-03 5.367676278213977942e-02 9.985419580914089988e-01 -5.947255573306451382e+00
-9.939594327123322248e-01 1.073651517769195624e-01 -2.274577556598845335e-02 7.166115000717208261e+01 -1.082277756552887521e-01 -9.932853547024729224e-01 4.087728844103584447e-02 1.382004933493270116e+01 -1.820424947334494531e-02 4.309209112473169623e-02 9.989052392412455239e-01 -5.157943629701681409e+00
-9.941789197342074669e-01 1.066815619131111503e-01 -1.507713181953870309e-02 7.095926294507651733e+01 -1.071259457284231553e-01 -9.937102470700664991e-01 3.261865447468430962e-02 1.375714056687855624e+01 -1.150249137863834821e-02 3.404393067386519284e-02 9.993541431726580271e-01 -5.697483628031604574e+00
-9.936958884393309877e-01 1.118749778423546865e-01 -7.243661473449529778e-03 7.099198841964070539e+01 -1.120594097092851432e-01 -9.931049513921668126e-01 3.442737596694264712e-02 1.021737740864791633e+01 -3.342154152019282103e-03 3.502206237695458524e-02 9.993809509653908130e-01 -6.288576090937384677e+00
-9.945538761976178144e-01 1.035223938658649812e-01 -1.207067970640827471e-02 6.950158141498934583e+01 -1.038621496609454797e-01 -9.940729682158111480e-01 3.211833947163129227e-02 1.329096050578397481e+01 -8.674169015031854904e-03 3.319710576071815272e-02 9.994111821272615437e-01 -5.891762723187578210e+00
-9.938555106661817184e-01 1.099886715106860174e-01 -1.239822800961416609e-02 6.878955596193965505e+01 -1.102472668570174813e-01 -9.936478608804570900e-01 2.257141374061402694e-02 1.349233893570342602e+01 -9.836872929013097330e-03 2.379959468156570002e-02 9.996683526169924949e-01 -6.054011688473324604e+00
-9.937949443088358592e-01 1.110885573413735172e-01 -5.562471933479004420e-03 6.806274041506513583e+01 -1.111549881348658786e-01 -9.937106883758832776e-01 1.355125161254554407e-02 1.345109037779653427e+01 -4.022098822281304671e-03 1.408546184337110090e-02 9.998927054868050890e-01 -6.447053221139707802e+00
-9.920629882804430366e-01 1.255485777289916394e-01 -6.970072761838101184e-03 6.830854333855853611e+01 -1.256599914564964782e-01 -9.918929159604197299e-01 1.892114728787169797e-02 1.117575566445045609e+01 -4.538042665202830263e-03 1.964682920380412395e-02 9.997966834666963676e-01 -6.223771006555726792e+00
-9.931516635215145161e-01 1.157999679910544782e-01 -1.549647242823455097e-02 6.671579068444111726e+01 -1.161549707263844072e-01 -9.929314065353911367e-01 2.439763700038281857e-02 1.341102559735615252e+01 -1.256168858080214563e-02 2.603054607418806010e-02 9.995822200554982384e-01 -6.024988962421863548e+00
-9.936374756923787022e-01 1.117033787290214741e-01 -1.438478641474484621e-02 6.617492735704441031e+01 -1.121197738942135980e-01 -9.931654211248808206e-01 3.242842246777018905e-02 1.311966628358226217e+01 -1.066410810088948974e-02 3.383491484189894011e-02 9.993705395578028616e-01 -5.970327821825456738e+00
-9.933016609634306437e-01 1.146392187730492923e-01 -1.447963557534987303e-02 6.558415478801079246e+01 -1.149378029584887800e-01 -9.931330686765806881e-01 2.181763855493005014e-02 1.316813770386765192e+01 -1.187904787285586766e-02 2.333575411558208926e-02 9.996571066128082661e-01 -5.993200580214954165e+00
-9.931797149047196793e-01 1.160116777886694706e-01 -1.163376630493634899e-02 6.488989735304068063e+01 -1.161962975228891803e-01 -9.930859239671920857e-01 1.669634870863940385e-02 1.312883614137707156e+01 -9.616358133522158805e-03 1.793427542127641605e-02 9.997929222700877583e-01 -5.972815156440444362e+00
-9.930986058135384820e-01 1.152102290427013120e-01 -2.194908324132903085e-02 6.435252591209777506e+01 -1.160950610646134806e-01 -9.922385310471428799e-01 4.454923458166391848e-02 1.300834822782636024e+01 -1.664619859337724758e-02 4.678996291232508098e-02 9.987660403933711351e-01 -5.186555875715083808e+00
-9.926389895408138653e-01 1.202698368579290661e-01 -1.424790460240830600e-02 6.373357048983827156e+01 -1.205728548447316389e-01 -9.924435094786394629e-01 2.276108890877010307e-02 1.305957055295451319e+01 -1.140276799656435996e-02 2.431145482871794120e-02 9.996394000068863361e-01 -6.193368252892813786e+00
-9.924567872371503618e-01 1.191711462394432625e-01 -2.877087713107889799e-02 6.304282351837445475e+01 -1.202243807114164870e-01 -9.920126273945202300e-01 3.817126369899270788e-02 1.296184040595579390e+01 -2.399216016682947233e-02 4.134229062109257002e-02 9.988569423379557444e-01 -5.080969350232123816e+00
-9.922286500813399801e-01 1.222093773283948331e-01 -2.339175176785253732e-02 6.255338632909541730e+01 -1.230547056063480554e-01 -9.916348719768612874e-01 3.895921081811139913e-02 1.303030808688601283e+01 -1.843489587434190072e-02 4.153491028569885474e-02 9.989669693446631138e-01 -5.266910774138302109e+00
-9.924227064756403482e-01 1.208054812902084468e-01 -2.243228391863229601e-02 6.190318061613530176e+01 -1.215956336454149661e-01 -9.918506008496614790e-01 3.803797408558195342e-02 1.279330510957414546e+01 -1.765427851641243953e-02 4.047741696806345796e-02 9.990244767600333642e-01 -5.304852260039465861e+00
-9.924914904538515437e-01 1.209067399543698046e-01 -1.849869212399918653e-02 6.135410488486781588e+01 -1.213861084282634312e-01 -9.922255317272854480e-01 2.745736457032279046e-02 1.273109428620006511e+01 -1.503509419105809528e-02 2.949668493427927071e-02 9.994517954961879003e-01 -5.601062764716148834e+00
-9.919449913795206353e-01 1.243499072754498808e-01 -2.412953869575572285e-02 6.075850253110165511e+01 -1.252885404388723589e-01 -9.912164361605149132e-01 4.234097684211969581e-02 1.281157263045765049e+01 -1.865249880793467402e-02 4.502307459331142403e-02 9.988117976087312888e-01 -5.263434734009401872e+00
-9.923129061166446885e-01 1.223444575881413726e-01 -1.862605840760131470e-02 6.020630817891962749e+01 -1.230001703945126507e-01 -9.916211519776974015e-01 3.947719637140072874e-02 1.256367889568372753e+01 -1.364017731778992097e-02 4.146473981455520846e-02 9.990468562158886234e-01 -5.599844297988168407e+00
-9.918411868027945388e-01 1.257314400910881924e-01 -2.103960869990090937e-02 5.968247893720517538e+01 -1.264594528661354411e-01 -9.912491014739881479e-01 3.785796623973509273e-02 1.258161212933493545e+01 -1.609555660489938450e-02 4.020974756986604032e-02 9.990616143451545028e-01 -5.433411071139089721e+00
-9.919483083296636305e-01 1.249675671027335039e-01 -2.053438030091700103e-02 5.919860359968699726e+01 -1.257639163826627104e-01 -9.911003505985473971e-01 4.362948979224105100e-02 1.250938458595615543e+01 -1.489936032229283516e-02 4.586068267983415409e-02 9.988367268208183658e-01 -5.563286305309545376e+00
-9.915245187007115657e-01 1.281790279952053357e-01 -2.119588633503077801e-02 5.865670714401154129e+01 -1.288920492307255306e-01 -9.909815908986923105e-01 3.663776937808490425e-02 1.246981137418860186e+01 -1.630853949400122571e-02 3.905922787385694012e-02 9.991038025437951609e-01 -5.786940416717309965e+00
-9.914366666977816323e-01 1.290652881722364198e-01 -1.988686290517079069e-02 5.808048943320407886e+01 -1.295755979730257301e-01 -9.912030464407857178e-01 2.695709807153313931e-02 1.240011305185327473e+01 -1.623269346486588133e-02 2.930310760863110570e-02 9.994387562764177613e-01 -5.744104492121659966e+00
-9.916019678076755106e-01 1.271082445614896972e-01 -2.385438333812563844e-02 5.768086484018666482e+01 -1.280112983486143829e-01 -9.909170544631000777e-01 4.118857449919479524e-02 1.228700523050228632e+01 -1.840230787286632058e-02 4.389630210701361140e-02 9.988665925569250037e-01 -5.300473011663440204e+00
-9.916426175610391081e-01 1.274536029046524077e-01 -2.001244970795898123e-02 5.713782394231444783e+01 -1.280974649925895048e-01 -9.911401063075906404e-01 3.510454573199951744e-02 1.216820806581005243e+01 -1.536094069914730083e-02 3.737470769385244085e-02 9.991832528248441037e-01 -5.599004832707305646e+00
-9.915546728550677091e-01 1.284811829382673520e-01 -1.766115426757525544e-02 5.661640939270102280e+01 -1.290394554422992501e-01 -9.910110299345742391e-01 3.529812299782188190e-02 1.217714987140743688e+01 -1.296725408228253940e-02 3.727900453067356512e-02 9.992207594634768819e-01 -5.403129435761826471e+00
-9.914362291390519388e-01 1.295629384964862574e-01 -1.635996695268903886e-02 5.618828142390042046e+01 -1.299175658523981092e-01 -9.912607681099137036e-01 2.288046522979404404e-02 1.208390340808278296e+01 -1.325253309843654401e-02 2.480996925229323261e-02 9.996043396225203770e-01 -5.849112647583344149e+00
-9.916991175158740290e-01 1.276443684670116596e-01 -1.548468652876284005e-02 5.561459414237214816e+01 -1.279968288427082435e-01 -9.914735958224984991e-01 2.443195843592924077e-02 1.196912900954031578e+01 -1.223405592789023055e-02 2.621114239140059227e-02 9.995815644008702039e-01 -5.773913963536511318e+00
-9.912726982785242669e-01 1.305719987051459363e-01 -1.814912674918382762e-02 5.525472767616351177e+01 -1.310940758284882268e-01 -9.908727892438613516e-01 3.139201839266464455e-02 1.203655119158486997e+01 -1.388455725938522560e-02 3.349729377478408154e-02 9.993423589438589216e-01 -5.699555152724040674e+00
-9.919504648126455937e-01 1.260328511522223749e-01 -1.224727677562796949e-02 5.480968103813184200e+01 -1.262831272400833649e-01 -9.917406204680125903e-01 2.243019144338594117e-02 1.191403482883217890e+01 -9.319180889004647500e-03 2.379626323950444905e-02 9.996733920253125794e-01 -5.882265660616261549e+00
-9.911137196606212285e-01 1.315815281714361462e-01 -1.949092467170453896e-02 5.435178742128346840e+01 -1.320461088619094836e-01 -9.909320236287737504e-01 2.485054690370013669e-02 1.205665917824795663e+01 -1.604430848984334662e-02 2.720341873834613428e-02 9.995011526626814691e-01 -5.588599862719521028e+00
-9.913240395738622812e-01 1.304231104406039232e-01 -1.632362784302618386e-02 5.394502770191774488e+01 -1.307343132306190980e-01 -9.912212965268385467e-01 1.972005719494823381e-02 1.191506633456114805e+01 -1.360837635715425424e-02 2.168302503461392791e-02 9.996722755574800612e-01 -5.773252442592087696e+00
-9.913787789869583644e-01 1.293048352096213827e-01 -2.117489470436610677e-02 5.350834166675051762e+01 -1.298866003660123503e-01 -9.911078262082424484e-01 2.889200363652096731e-02 1.181533762248007946e+01 -1.725072809153658376e-02 3.139325437391930068e-02 9.993582320470103530e-01 -5.610022070934779670e+00
-9.915994409295214584e-01 1.273800560300164531e-01 -2.246931405385278399e-02 5.313189303045445655e+01 -1.280013321300780826e-01 -9.913557751572281695e-01 2.879906309825119165e-02 1.172239100679218460e+01 -1.860665798004121005e-02 3.143323699846212876e-02 9.993326492668055394e-01 -5.522125457219575040e+00
-9.917718090164653333e-01 1.267752956835454248e-01 -1.779615814037404514e-02 5.270175489556775261e+01 -1.272184786985876837e-01 -9.915210656224917596e-01 2.648462014934716002e-02 1.173023395861111950e+01 -1.428767013283018666e-02 2.853069980192983468e-02 9.994908011837765338e-01 -5.648408205737357690e+00
-9.916525998425169686e-01 1.269399562974066475e-01 -2.261346326395315479e-02 5.234509837613494909e+01 -1.276155717969088277e-01 -9.913243150450563590e-01 3.147011654567599681e-02 1.165182027852870483e+01 -1.842246076195249230e-02 3.409325293460437056e-02 9.992488494083000550e-01 -5.569624922364733166e+00
-9.921454789915025163e-01 1.233250043663651208e-01 -2.093542009988058963e-02 5.193677482023835523e+01 -1.239596544974781167e-01 -9.917598491032422192e-01 3.234819567735819357e-02 1.149673542809236260e+01 -1.677356770601632144e-02 3.468926353716414446e-02 9.992573754652306350e-01 -5.609734239130822253e+00
-9.920619668536583280e-01 1.243176251463136012e-01 -1.892569682816270388e-02 5.155659048141329492e+01 -1.248634321165973532e-01 -9.916872853148437361e-01 3.107171486962925430e-02 1.153015820874672492e+01 -1.490561110839671438e-02 3.318819402824305792e-02 9.993379641215622833e-01 -5.745142723841405896e+00
-9.924735293659774360e-01 1.212891901896194224e-01 -1.688863082037771191e-02 5.119494901545527910e+01 -1.217705845637171436e-01 -9.920676413037841090e-01 3.120448385980896869e-02 1.145094555801042269e+01 -1.296989756518122927e-02 3.302616267586648557e-02 9.993703289251967270e-01 -5.624094550971396878e+00
-9.923280519139685563e-01 1.230573617073949799e-01 -1.191314879635154388e-02 5.096542232609458978e+01 -1.230902374613673522e-01 -9.923933358069731980e-01 2.064094865246042174e-03 1.145611933388084580e+01 -1.156852740554517416e-02 3.514651550850744072e-03 9.999269055276707174e-01 -6.385271192633202197e+00
-9.921160994833508884e-01 1.248166074766520334e-01 -1.124542769137374353e-02 5.065760146657783025e+01 -1.249110005914818994e-01 -9.921347131852233936e-01 8.121134410284973001e-03 1.155124322576999596e+01 -1.014332673127258354e-02 9.461785819520599286e-03 9.999037891376990617e-01 -6.229789145476559931e+00
-9.925268347525504353e-01 1.214084493156084854e-01 -1.226665116744257537e-02 5.040064729513685648e+01 -1.217521728815275095e-01 -9.920162922135371542e-01 3.286463724938209346e-02 1.140790056537212216e+01 -8.178673163235771273e-03 3.411252581803581735e-02 9.993845330440144226e-01 -5.621102556387626237e+00
-9.927020264581685183e-01 1.201708237933967471e-01 -1.008264720510500603e-02 5.010096635480019245e+01 -1.204325158943073126e-01 -9.922220899652205439e-01 3.148544585070060797e-02 1.134596648122362339e+01 -6.220593316850199679e-03 3.246994446971492032e-02 9.994533540515635472e-01 -5.784134632237694085e+00
-9.924631070547054179e-01 1.220580165064868577e-01 -1.090053860244166381e-02 4.979871534711608660e+01 -1.222484767258169708e-01 -9.923183842887459694e-01 1.896138551876316858e-02 1.139467104990128732e+01 -8.502415747216957725e-03 2.015104982565324443e-02 9.997607934488056403e-01 -5.838916494565244086e+00
-9.923012412318155118e-01 1.224462403898169266e-01 -1.857861308596078093e-02 4.959568579351601869e+01 -1.229280980555317732e-01 -9.920346768235501766e-01 2.749332078968416346e-02 1.135946623023415825e+01 -1.506417466203285871e-02 2.956548991635484305e-02 9.994493246021819433e-01 -5.413807847756161529e+00
-9.924501005244052987e-01 1.213389128467589756e-01 -1.787921134348623500e-02 4.934561122818832501e+01 -1.218016995685254206e-01 -9.921711506795996005e-01 2.758176465236675604e-02 1.129662730168712592e+01 -1.439249635459713579e-02 2.955124343046334687e-02 9.994596440379153179e-01 -5.528560916507328393e+00
-9.924938053051415299e-01 1.218017911262860575e-01 -1.097133124775554781e-02 4.904885470927533930e+01 -1.220812637737054285e-01 -9.920655014405976857e-01 3.003674228058055701e-02 1.128977825124877477e+01 -7.225750226402149166e-03 3.115067462902917916e-02 9.994885812273305303e-01 -5.511986325397660202e+00
-9.924754021181474428e-01 1.218591841290200400e-01 -1.195472433103940413e-02 4.879928944039601646e+01 -1.222123960685859573e-01 -9.918685458637228614e-01 3.550940682916500779e-02 1.119820483622495289e+01 -7.530367693322218697e-03 3.670322832658817758e-02 9.992978367798109884e-01 -5.522873809985651583e+00
-9.922067197174175845e-01 1.239910131860169767e-01 -1.233101766715479115e-02 4.861642562145544133e+01 -1.243258701921846204e-01 -9.917355082365761909e-01 3.168216696656107889e-02 1.130892419319651410e+01 -8.300804091097483892e-03 3.296832346125530555e-02 9.994219260650605285e-01 -5.474896581847371380e+00
-9.921739674745830850e-01 1.243162851456406093e-01 -1.167388167377887177e-02 4.838375090796399292e+01 -1.246110191305567771e-01 -9.917720936325700176e-01 2.932930621261990722e-02 1.131555008147454267e+01 -7.931719674170693499e-03 3.055446840083113347e-02 9.995016319565230845e-01 -5.583235258019622727e+00
-9.926037482485978725e-01 1.213133019367492599e-01 -4.569653820288707528e-03 4.815673421084780159e+01 -1.213850454542378249e-01 -9.923610890943417306e-01 2.202588458075617137e-02 1.120503709054033514e+01 -1.862713855316557379e-03 2.241766323003544989e-02 9.997469573209002425e-01 -5.872358114693421172e+00
-9.923572391676129811e-01 1.222502495651978660e-01 -1.679244928175665369e-02 4.799069086522955274e+01 -1.226806378459287250e-01 -9.920630161473149577e-01 2.757595130559681654e-02 1.110828873072077627e+01 -1.328800095385336208e-02 2.942530329392389551e-02 9.994786543777265386e-01 -5.521358752724514041e+00
-9.921352135912024917e-01 1.244749879963514827e-01 -1.317935186749542159e-02 4.782607828288394103e+01 -1.247961982503176248e-01 -9.918073826023428019e-01 2.727681648868973338e-02 1.116903487974239262e+01 -9.676097075087593952e-03 2.870702316156087050e-02 9.995410346587052519e-01 -5.539928177504512163e+00
-9.924633265003790505e-01 1.210547213565871943e-01 -1.903417949589151711e-02 4.759738079721638826e+01 -1.215250751410414803e-01 -9.922510521833611818e-01 2.587480537081118456e-02 1.101383836589970500e+01 -1.575441727792583832e-02 2.799292550435142010e-02 9.994839640824363380e-01 -5.436685794175190267e+00
-9.925964806862592749e-01 1.209759102607210618e-01 -1.081922667490796235e-02 4.737283107309432495e+01 -1.212225607716841819e-01 -9.922805429630210394e-01 2.616132292082524666e-02 1.097957450006613556e+01 -7.570818265446172847e-03 2.727917142440955747e-02 9.995991844320348818e-01 -5.682106083439381727e+00
-9.922351254770123141e-01 1.233527419878911319e-01 -1.592346738896310496e-02 4.725039668717695918e+01 -1.236500013715617213e-01 -9.921387850783329743e-01 1.926936179801999258e-02 1.101372842418965270e+01 -1.342136097537781868e-02 2.108867438600561459e-02 9.996875186187980100e-01 -5.549898904555091050e+00
-9.924277111760233527e-01 1.214649001707630571e-01 -1.826242361863231189e-02 4.712360455599460352e+01 -1.219464743864680512e-01 -9.921391244578467994e-01 2.808941268036557748e-02 1.094499974018553523e+01 -1.470698727239218989e-02 3.010374970869834910e-02 9.994385767914133467e-01 -5.560444814766666077e+00
-9.923103178012464554e-01 1.233184850880557626e-01 -1.062000097817837260e-02 4.687621261401879025e+01 -1.235978626063123087e-01 -9.918244512418947778e-01 3.174627974843233919e-02 1.096312787136865197e+01 -6.618273516611847956e-03 3.281477036795395902e-02 9.994395375916232949e-01 -5.780239163343325437e+00
-9.924194885320267723e-01 1.221228047275765560e-01 -1.376878162008231092e-02 4.671278845917300515e+01 -1.223962775828709992e-01 -9.922556150745120984e-01 2.116472506222036309e-02 1.098533351797643576e+01 -1.107745528937502215e-02 2.268953323831921637e-02 9.996811867119131945e-01 -5.885803162851080295e+00
-9.920059417680102687e-01 1.246989211106561274e-01 -1.934917493855448090e-02 4.659353548078647123e+01 -1.252316019055843554e-01 -9.916942386959142208e-01 2.931864289992939729e-02 1.095364976753113417e+01 -1.553246217203404361e-02 3.150739613441098930e-02 9.993828228500345467e-01 -5.551041300933592382e+00
-9.918745444629224473e-01 1.255226959306015577e-01 -2.071088730073322032e-02 4.650654702278436048e+01 -1.260911116127043652e-01 -9.915975870011661808e-01 2.890081358261661557e-02 1.104905894414248912e+01 -1.690915783658237387e-02 3.127744010910059325e-02 9.993677011598279813e-01 -5.590218593097056043e+00
-9.919441254873133662e-01 1.260482387124445269e-01 -1.259735800478458019e-02 4.628249541238587028e+01 -1.262950326369388643e-01 -9.917657896722471556e-01 2.121752028441498475e-02 1.099387492864798688e+01 -9.819197647703102952e-03 2.263757834388681681e-02 9.996955153466877686e-01 -5.985141699798634640e+00
-9.920474281333364619e-01 1.247199014497108044e-01 -1.693654381530568589e-02 4.621900820299762813e+01 -1.251078816644244918e-01 -9.918481227778830345e-01 2.419337279980225686e-02 1.094013136309114387e+01 -1.378108411822885626e-02 2.611986838336444183e-02 9.995638219724451989e-01 -5.873275498527712024e+00
-9.918947912129605360e-01 1.264212301269956873e-01 -1.274345862686914257e-02 4.605765888451852419e+01 -1.266718865338641309e-01 -9.917163927522631983e-01 2.127979107958387697e-02 1.097183084867888248e+01 -9.947679455499913032e-03 2.272155187517102895e-02 9.996923400495947298e-01 -5.814562462399631926e+00
-9.919018840678870408e-01 1.249206174969937910e-01 -2.292360588445351358e-02 4.596625264720145765e+01 -1.256720595794648121e-01 -9.914562536262840897e-01 3.494324808012273798e-02 1.088924425390073480e+01 -1.836262028228614548e-02 3.754113037061253266e-02 9.991263572275856930e-01 -5.545580816737622598e+00
-9.920093581459670240e-01 1.248438250303062491e-01 -1.820584254106274308e-02 4.578832555590096121e+01 -1.254190044124481040e-01 -9.914896657710365879e-01 3.490438369932533785e-02 1.082959052986798909e+01 -1.369330796476916218e-02 3.690883391603814317e-02 9.992248151922270560e-01 -5.359770647311703051e+00
-9.920949143839561390e-01 1.244943547825393265e-01 -1.577455168208365816e-02 4.565709663611589519e+01 -1.249281172875072038e-01 -9.917000673175728753e-01 3.039641415234802316e-02 1.085945478758627480e+01 -1.185944199742747403e-02 3.212681293875016553e-02 9.994134387358958316e-01 -5.605227425565631805e+00
-9.915743279360929030e-01 1.284960632221655019e-01 -1.640469184382677831e-02 4.547386242115515387e+01 -1.289078118023264663e-01 -9.912846612215555631e-01 2.715688647842028416e-02 1.096743193269815286e+01 -1.277216639500357992e-02 2.904276438755554537e-02 9.994965680793042040e-01 -5.684915234622501146e+00
-9.916593109976901133e-01 1.274109193434252996e-01 -1.944912706653926376e-02 4.540130413249594454e+01 -1.279127787214752732e-01 -9.914121592674960404e-01 2.720756321894151827e-02 1.095109068365841054e+01 -1.581556041808588470e-02 2.946842528240972356e-02 9.994405835066119126e-01 -5.559527484128705233e+00
-9.917115611729043767e-01 1.273827264733872477e-01 -1.678750821912901314e-02 4.529070804461482425e+01 -1.278071360653673383e-01 -9.914246514852609327e-01 2.724878709406910321e-02 1.092637646393354167e+01 -1.317252469232056168e-02 2.916850053628804867e-02 9.994877103645121164e-01 -5.646648426252301789e+00
-9.915503789160324821e-01 1.279563794476931970e-01 -2.133098755592011814e-02 4.519993535786080230e+01 -1.285302612834821334e-01 -9.913062422247977956e-01 2.814082551296119561e-02 1.090632137729147999e+01 -1.754474296969529834e-02 3.064472360438374315e-02 9.993763469831263846e-01 -5.656124882031266843e+00
