-9.942970871560290469e-01 1.038602740387225137e-01 -2.421458134344134025e-02 1.307036824744114938e+02 -1.042470175431190332e-01 -9.944338371035366109e-01 1.529388625896600101e-02 9.066010046564134228e+00 -2.249137182124081105e-02 1.773096444469451916e-02 9.995897914111866456e-01 -5.732025514004913447e+00
-9.946428072402100362e-01 1.031791323694550844e-01 -6.304970166585969864e-03 1.285744898935325580e+02 -1.030451243157411989e-01 -9.944991864175289908e-01 -1.879017215532766127e-02 8.548801909703154678e+00 -8.209041361115939489e-03 -1.803981314647903900e-02 9.998035690982362000e-01 -5.986461621360440688e+00
-9.863216970957680019e-01 1.628866634614558884e-01 -2.524766730846253471e-02 1.281659523300717183e+02 -1.622663669024466404e-01 -9.864317082022839855e-01 -2.494215759321677384e-02 1.233232272306775990e+01 -2.896784442109855140e-02 -2.050414395966577291e-02 9.993700235999057879e-01 -4.769647388063266824e+00
-9.932115195709312339e-01 1.162739770637464254e-01 -3.352558632020855196e-03 1.255725048865117088e+02 -1.162096357625540255e-01 -9.931055346278678808e-01 -1.538563120028885872e-02 1.053396046455737611e+01 -5.118393061917993030e-03 -1.489158652649707690e-02 9.998760136652882213e-01 -5.507575561558889277e+00
-9.810238881380091147e-01 1.934740287999349162e-01 -1.264638614406774983e-02 1.250343606198867548e+02 -1.932664357388662046e-01 -9.810160959691336391e-01 -1.598450081405041606e-02 1.778751008719732596e+01 -1.549889413402166100e-02 -1.323705516350355549e-02 9.997922607478119117e-01 -5.380138097959774157e+00
-9.904331352795443522e-01 1.366050324554301809e-01 -1.952612732170170423e-02 1.235075896022568571e+02 -1.372842838837120272e-01 -9.897560924451327402e-01 3.919059665632189382e-02 1.248450810209922857e+01 -1.397247075032909819e-02 4.149629592617891383e-02 9.990409538580178328e-01 -4.383664570728329934e+00
-9.848466396368020792e-01 1.717089324027584740e-01 -2.435444372604253158e-02 1.229916919210354678e+02 -1.720157155139344085e-01 -9.850316515935439998e-01 1.110130510909413531e-02 1.541709762206173018e+01 -2.208370467854584365e-02 1.512243009575326910e-02 9.996417468751841451e-01 -5.179400176606421269e+00
-9.914983953315315013e-01 1.269506842614396558e-01 -2.853867236840271562e-02 1.223846920742159057e+02 -1.284467249218423646e-01 -9.899743710227904003e-01 5.875528550593146770e-02 1.023985206881228649e+01 -2.079353052878071470e-02 6.192147029571583305e-02 9.978643999084071403e-01 -4.468959204663594420e+00
-9.828885669295690519e-01 1.805658525180392215e-01 -3.641480335759931380e-02 1.199497631416207781e+02 -1.810147557882063329e-01 -9.834354093531676444e-01 9.404988958233523322e-03 1.575970569538946009e+01 -3.411338719732958519e-02 1.583567285599795857e-02 9.992925038641703450e-01 -2.345879142419899033e+00
-9.941874973442033081e-01 1.076613709708225258e-01 -4.993246967743758188e-04 1.187192875783644155e+02 -1.075759775462472451e-01 -9.931916424415900835e-01 4.469642535087439000e-02 9.193342141624611941e+00 4.316153315069172665e-03 4.449034260218629605e-02 9.990004906083383984e-01 -6.178893538719915313e+00
-9.831615501271362412e-01 1.628418456651659352e-01 -8.292104468691244290e-02 1.176835723252152093e+02 -1.584211281086989886e-01 -9.857016056720671049e-01 -5.740288097540244272e-02 1.360639544403091250e+01 -9.108299797642718798e-02 -4.329985999828765697e-02 9.949015074889346888e-01 1.624987496938133269e+00
-9.934971400920409312e-01 1.078565271219444621e-01 -3.647467869809348229e-02 1.171925452575654845e+02 -1.079346303731043011e-01 -9.941579781637710500e-01 1.732614920263307774e-04 9.712588285056574122e+00 -3.624290544585585805e-02 4.109015760072701542e-03 9.993345624936256222e-01 -2.846999093480235388e+00
-9.791809931720061311e-01 1.732913341300666432e-01 -1.057104352753559240e-01 1.156735666555336479e+02 -1.614160106372319325e-01 -9.804932888318835804e-01 -1.121507113914023968e-01 1.411985166399639446e+01 -1.230831187476358612e-01 -9.275248822030715545e-02 9.880523881901693839e-01 3.687243085551934030e+00
-9.934584569609139493e-01 1.089507907392180674e-01 -3.420554765151648247e-02 1.146570321271654649e+02 -1.082235876239529548e-01 -9.938732398193470541e-01 -2.244188612386562379e-02 1.025483486277419765e+01 -3.644103970308236462e-02 -1.859323447641888713e-02 9.991628206939363599e-01 -2.745950121087285645e+00
-9.851516733054950237e-01 1.580540188465718032e-01 -6.704556443070205929e-02 1.132954789694511391e+02 -1.560066044059892632e-01 -9.871435078089718651e-01 -3.477979833627439787e-02 1.310558073009491764e+01 -7.168068055687712437e-02 -2.380382568089157991e-02 9.971435493036379105e-01 6.087382944016206388e-01
-9.898284550735705345e-01 1.403899479546815432e-01 -2.302807069536696657e-02 1.121753587261858343e+02 -1.409200657661305589e-01 -9.897471862463256276e-01 2.328180366619735792e-02 1.241281983406437028e+01 -1.952343697043235418e-02 2.629010899109653077e-02 9.994636889742907204e-01 -3.061287216024042301e+00
-9.797252489977850143e-01 1.704590901812347292e-01 -1.052717200905067402e-01 1.113912825095257801e+02 -1.657903400037675778e-01 -9.848060784872751938e-01 -5.167737353958667956e-02 1.499438684298208990e+01 -1.124811079144557996e-01 -3.317659339203653246e-02 9.930998509783576234e-01 3.405935982416883778e+00
-9.944156639814476506e-01 9.474738495144910400e-02 -4.648032135429985834e-02 1.106486303203034680e+02 -9.095154998056034779e-02 -9.928022065335861956e-01 -7.792043543369352177e-02 8.889771662416098508e+00 -5.352852309255975993e-02 -7.325784426875174560e-02 9.958754869302811619e-01 -2.237983817490361904e+00
-9.855462646319739228e-01 1.687418670342079596e-01 1.499141687010187643e-02 1.096783852284598453e+02 -1.681648117750993432e-01 -9.851791283032231838e-01 3.380356839665192570e-02 1.375432718625114248e+01 2.047330824778679018e-02 3.079395176834901285e-02 9.993160542010118830e-01 -6.361324370940287132e+00
-9.845765865723814514e-01 1.651709941373836477e-01 5.768438150095071826e-02 1.079361270364831427e+02 -1.636086662966567407e-01 -9.860424161771548235e-01 3.086353531513539444e-02 1.461200135305441350e+01 6.197700772147735071e-02 2.094984952661405747e-02 9.978576823969960152e-01 -1.094838757200290935e+01
-9.948814288968825803e-01 1.003507450451661259e-01 -1.186045551309145192e-02 1.079274601912922407e+02 -1.007150484066959700e-01 -9.942749710381799666e-01 3.568978833593818012e-02 8.383998732422043076e+00 -8.211057211762946492e-03 3.670163396781192522e-02 9.992925340477420981e-01 -4.438445250476104498e+00
-9.861296725612622716e-01 1.659278337898036637e-01 -4.027762162878556831e-03 1.057615314920727059e+02 -1.658358317406572746e-01 -9.860021277776935822e-01 -1.727081146748061027e-02 1.408774172897980570e+01 -6.837090397371899803e-03 -1.636331236895943383e-02 9.998427357355825773e-01 -6.168933619380463362e+00
-9.931649196360856635e-01 1.153819669464894448e-01 1.761942416220433488e-02 1.051101482698555714e+02 -1.163409702073785745e-01 -9.907474314265667381e-01 -6.988780847091378978e-02 9.968535036610088440e+00 9.392606424965567469e-03 -7.145998058508339079e-02 9.973992430914138119e-01 -6.331106582366038182e+00
-9.913120768236816094e-01 1.271142717399308952e-01 3.379834705346772966e-02 1.035658825611846936e+02 -1.292089420762934093e-01 -9.891826623628754422e-01 -6.944573254145278152e-02 1.231551468522984472e+01 2.460519520436085794e-02 -7.320944201891543823e-02 9.970130199592351916e-01 -7.732338322935458308e+00
-9.935910823072493514e-01 1.121866771713252997e-01 1.381704110026212538e-02 1.032693051515825573e+02 -1.125509411465394072e-01 -9.932155317416506701e-01 -2.924368571467702085e-02 1.053276496435692700e+01 1.044254789492091683e-02 -3.061138631959389386e-02 9.994768112472919297e-01 -7.326374960763994970e+00
-9.930953409008720367e-01 1.119439451035095789e-01 3.507416478896006190e-02 1.017483158001273864e+02 -1.124922612224950325e-01 -9.935530628562434519e-01 -1.406422603727454021e-02 9.697972570728063957e+00 3.327363890575586042e-02 -1.791268945859461267e-02 9.992857451751873121e-01 -9.767350195168873483e+00
-9.968520831776161994e-01 7.854821619662739896e-02 -1.077506365529401315e-02 1.016885860560112746e+02 -7.856095538143183232e-02 -9.969090195939089849e-01 7.635062990838526863e-04 5.942287031405087738e+00 -1.068178608681318552e-02 1.607602139816610839e-03 9.999416558286566836e-01 -6.719628678083093831e+00
-9.928476868397244637e-01 1.139018451761286271e-01 -3.577485712734443379e-02 1.003929002897967706e+02 -1.143653798387097159e-01 -9.933758119358699901e-01 1.118285093787431753e-02 1.070239107623683239e+01 -3.426413038961204083e-02 1.519427280998627769e-02 9.992973048309593542e-01 -3.402612791667832148e+00
-9.905119934411212856e-01 1.372244708881550368e-01 -7.445497885454263436e-03 9.976687985766707811e+01 -1.368182018858510873e-01 -9.897717800787222409e-01 -4.040548220873438345e-02 1.176649632535206891e+01 -1.291396461273276383e-02 -3.900343509569048628e-02 9.991556242991965764e-01 -4.303633826192708511e+00
-9.914329135613151323e-01 1.306077117483937511e-01 1.550335180017414728e-03 9.835296054803143306e+01 -1.305249088951054293e-01 -9.911101964358677296e-01 2.576483415006042624e-02 1.238081448433872112e+01 4.901639036724759688e-03 2.534174723068982962e-02 9.996668293896969759e-01 -5.320063447469036255e+00
-9.909588837617413493e-01 1.248201820310129995e-01 4.919769152540617169e-02 9.694949787277579389e+01 -1.247556035804871510e-01 -9.921777758442624773e-01 4.393232978278993790e-03 1.140405088424195235e+01 4.936122029440303399e-02 -1.784174452758042345e-03 9.987793983921422480e-01 -1.032596139162608750e+01
-9.915891232174474101e-01 1.291291279964367211e-01 -8.756655739160342650e-03 9.617772879528766339e+01 -1.293144869428490273e-01 -9.912710480611262032e-01 2.568020137196189850e-02 1.127422696784294232e+01 -5.364157302133609403e-03 2.659657080671586071e-02 9.996318563540086410e-01 -4.854088015106460929e+00
-9.893147235405004292e-01 1.455594805568562466e-01 -8.295505168560203882e-03 9.501520316583568615e+01 -1.456793457606562758e-01 -9.891963954874207765e-01 1.637129724369271871e-02 1.219693768389432442e+01 -5.822886288653218723e-03 1.740484917235320811e-02 9.998315684256808833e-01 -5.323562913312713363e+00
-9.932437687429127582e-01 1.151600310722763337e-01 1.431723076602661737e-02 9.449959922457358630e+01 -1.150973407388877351e-01 -9.933409667106798402e-01 5.130887752481081560e-03 9.808810544667814213e+00 1.481276504274884817e-02 3.448347100356510472e-03 9.998843387582704301e-01 -8.040796407998108464e+00
-9.924207843654939687e-01 1.205123704151900010e-01 -2.403654168739538174e-02 9.344258489010758240e+01 -1.210922584922265177e-01 -9.923429822864586747e-01 2.433249761263456268e-02 1.093050972480771499e+01 -2.092012649650218034e-02 2.705871548557155920e-02 9.994149159501479751e-01 -4.441428266263978131e+00
-9.924224173949347527e-01 1.226575665837605772e-01 -7.270956728295856208e-03 9.348056682063641176e+01 -1.227455778006087544e-01 -9.923499030894540329e-01 1.323604807886876074e-02 1.053643769484615689e+01 -5.591831756152304198e-03 1.402822861596441338e-02 9.998859636076051771e-01 -6.394803667640386102e+00
-9.919051611425195869e-01 1.265123374670567569e-01 -1.089861309773366115e-02 9.083739658259067085e+01 -1.266382245870599776e-01 -9.918792864424847977e-01 1.175760178713652557e-02 1.181116670059547324e+01 -9.322626897495295620e-03 1.304260690847749982e-02 9.998714812578469724e-01 -5.128643544646426022e+00
-9.880575480325612947e-01 1.537706241650610151e-01 9.842607366504619801e-03 9.169310760956344097e+01 -1.536658207959919198e-01 -9.880655291238218396e-01 1.064545331851659594e-02 1.218428350374183466e+01 1.136209905685172696e-02 9.005848163841987178e-03 9.998948931782141170e-01 -6.991194624064808849e+00
-9.928621902713552494e-01 1.191686177829486409e-01 -4.848882888747250812e-03 8.927740776789651989e+01 -1.192670628296309959e-01 -9.919727637933188902e-01 4.201670639444966826e-02 1.537564197250139841e+01 1.971130643578043046e-04 4.229511115892749251e-02 9.991051419738034012e-01 -6.431232993635052964e+00
-9.932983319622497032e-01 1.153100069521462157e-01 -7.875659826911320799e-03 8.865224359863046288e+01 -1.154950330909238765e-01 -9.928641543827891880e-01 2.969289937133041610e-02 1.050367127172366111e+01 -4.395571901315321883e-03 3.040350700898740779e-02 9.995280414821861026e-01 -7.536532642112156566e+00
-9.945206786026097312e-01 1.036153950536691515e-01 -1.387334637631541107e-02 8.671206739683805154e+01 -1.040453293777001409e-01 -9.939549143398738185e-01 3.504565157477075588e-02 1.269537141688136828e+01 -1.015821177624486732e-02 3.629708207950628485e-02 9.992894138166492635e-01 -5.888561927785650241e+00
-9.896856502142534762e-01 1.418451989985936301e-01 2.005625291623732570e-02 8.519782181730202808e+01 -1.417626974053543820e-01 -9.898854780554049437e-01 5.484337642812981382e-03 1.336499707244040458e+01 2.063132047030998006e-02 2.584541752772061794e-03 9.997838110109502630e-01 -7.079550656442758161e+00
-9.956786478922110550e-01 9.251136744708594872e-02 8.104136265477592665e-03 8.461425276232054671e+01 -9.217239388426053115e-02 -9.951187513853012589e-01 3.525507689687253782e-02 1.005201982836301333e+01 1.132607333474024494e-02 3.435574965606064818e-02 9.993454870706056647e-01 -6.630492040989692804e+00
-9.965505346608232173e-01 8.183074280107428822e-02 -1.381164001312738462e-02 8.405444675552439548e+01 -8.222971325749404981e-02 -9.961207203792001863e-01 3.133344361562865471e-02 1.344189013227710916e+01 -1.119402183391216346e-02 3.236108718581468674e-02 9.994135549967960719e-01 -5.946244899533016159e+00
-9.914448383331917469e-01 1.304661038987352806e-01 3.965889049851721061e-03 8.467013373429242051e+01 -1.304198251526331453e-01 -9.914055838663220488e-01 1.027800981872837617e-02 1.084350313592514503e+01 5.272736445899736495e-03 9.672849226659707353e-03 9.999393152777874549e-01 -7.581418020468841945e+00
-9.913720308781508450e-01 1.307595210175410416e-01 -9.134771797616899475e-03 8.294826059687819964e+01 -1.309752964539429299e-01 -9.909462695071784566e-01 2.951207665700204819e-02 1.350198888562261779e+01 -5.193083027745304565e-03 3.045387681511577127e-02 9.995226827219063637e-01 -5.851805354557657601e+00
-9.903353935916476836e-01 1.386799893319565213e-01 -1.915400366521757217e-03 8.313280856528437823e+01 -1.386917889962615558e-01 -9.901681083693922858e-01 1.821276566574945438e-02 1.195537420561746167e+01 6.291777905426689486e-04 1.830239675745943401e-02 9.998322991423314043e-01 -6.828586229266840668e+00
-9.939863281820700003e-01 1.091179883868146072e-01 -9.189341518377485210e-03 8.104802857875321820e+01 -1.091095486601679765e-01 -9.940287221549379826e-01 -1.416305827071819750e-03 1.388637681403985624e+01 -9.289013849748688559e-03 -4.051437230796779004e-04 9.999567741058924542e-01 -6.732036403615501818e+00
-9.887330351318850408e-01 1.494419352588665095e-01 -8.607742153215311789e-03 8.065074253750445621e+01 -1.493676872426661362e-01 -9.887433759699923996e-01 -8.708070006632907811e-03 1.183698876258472765e+01 -9.812198870210226201e-03 -7.324237949992106617e-03 9.999250353360412680e-01 -7.023286873223375970e+00
-9.919844418116436913e-01 1.254593204038025600e-01 -1.506074790501237687e-02 7.908888859176417441e+01 -1.258876348550496960e-01 -9.915277717486383757e-01 3.201532823168651287e-02 1.348396043262623323e+01 -1.091652848867282616e-02 3.365466943823625101e-02 9.993739003149717526e-01 -5.439462017866100396e+00
-9.910064254153450047e-01 1.337100187878986768e-01 -5.281634334249428811e-03 7.908448629126834817e+01 -1.336988453771413843e-01 -9.910190612831453194e-01 -2.416385377631303458e-03 1.163601557081706694e+01 -5.557295234210583509e-03 -1.688505023318890522e-03 9.999831325679778837e-01 -5.468016798902933573e+00
-9.942332432854077418e-01 1.063523714207629950e-01 -1.376339490678222914e-02 7.777977702311177666e+01 -1.066784966963399001e-01 -9.939626858159076317e-01 2.564912373233937601e-02 1.327069986435998139e+01 -1.095245583369138138e-02 2.696946975392608067e-02 9.995762559266817560e-01 -5.267592419524285141e+00
-9.923061367060879157e-01 1.236634352674516879e-01 -5.990478552794079210e-03 7.780799771577781598e+01 -1.236197432568943155e-01 -9.923036433644387699e-01 -7.185989337599743565e-03 1.093011445023691053e+01 -6.833017820716959061e-03 -6.390159897322405039e-03 9.999562369043699661e-01 -6.262803089309230131e+00
-9.935336962088625601e-01 1.117762937650236127e-01 -1.992121105031597825e-02 7.618893433255436776e+01 -1.121814328781541442e-01 -9.934756080792153110e-01 2.053149456416084734e-02 1.283634318433156984e+01 -1.749630289404841346e-02 2.263352168331545650e-02 9.995907177846593550e-01 -5.665190875573248519e+00
-9.898239171437051009e-01 1.422915712785688125e-01 1.312171241655020427e-03 7.600079401438843263e+01 -1.422153160531238469e-01 -9.895229286622482245e-01 2.488327815214874672e-02 1.148426011081567033e+01 4.839104276779781708e-03 2.444345300408846261e-02 9.996895021330549636e-01 -7.417144391951930871e+00
-9.924167476022351941e-01 1.224080953420983997e-01 -1.119183958612926001e-02 7.457241736858716763e+01 -1.227602940969669543e-01 -9.916416667518441752e-01 3.970787018779979582e-02 1.343326293954767614e+01 -6.237729701428622667e-03 4.078066890506731879e-02 9.991486514887698567e-01 -6.199843281245716931e+00
-9.899488448899469439e-01 1.388111356997033530e-01 2.706941275349039611e-02 7.300970514516002652e+01 -1.392047368785667427e-01 -9.901751933290072749e-01 -1.323358403580870632e-02 1.181367259680328452e+01 2.496649217710196489e-02 -1.686876170980981804e-02 9.995459564956222787e-01 -7.540090740389482349e+00
-9.933429498563586257e-01 1.151148040060937516e-01 4.285541891833177103e-03 7.221606410375966334e+01 -1.150959769134993482e-01 -9.933445951119010964e-01 4.408113009059188257e-03 1.311002112926816032e+01 4.764458940452678468e-03 3.885519349074777369e-03 9.999811011566132057e-01 -6.297720580930785239e+00
-9.939805691259018250e-01 1.085555353473433432e-01 1.477578917012899347e-02 7.277678375470649996e+01 -1.085924582321003834e-01 -9.940848696259676487e-01 -1.717555190501711144e-03 1.104723035293418754e+01 1.450193832761494279e-02 -3.311755754063591076e-03 9.998893569083369126e-01 -7.437018103704502892e+00
-9.943836543755306678e-01 1.040161604661672540e-01 -1.953935189925751562e-02 7.199455360960784844e+01 -1.047285188933631955e-01 -9.937005476768649981e-01 3.988933287361685898e-02 1.271402490321504075e+01 -1.526712943447268260e-02 4.171162797801455935e-02 9.990130403804821091e-01 -5.417905519270759918e+00
-9.936644224020709792e-01 1.119753627345951852e-01 9.619448675193641510e-03 7.143177719444214802e+01 -1.119846406791834004e-01 -9.937098448011991714e-01 -4.296476826502113305e-04 1.113801575474469985e+01 9.510830894986938358e-03 -1.504156119840417303e-03 9.999536397303897539e-01 -6.607783032109618482e+00
-9.923900344763842973e-01 1.230635047393368181e-01 4.170524335450970926e-03 7.101688115101184451e+01 -1.231285922369670521e-01 -9.920977356230686883e-01 -2.411291656609213310e-02 1.017587776080402939e+01 1.170147727451297838e-03 -2.444292889266443461e-02 9.997005421532210168e-01 -7.544607143098798652e+00
-9.932603192649980262e-01 1.154165538302133198e-01 -1.062813603379108435e-02 6.926379541730304368e+01 -1.154373346332279726e-01 -9.933138323638592837e-01 1.360958265456858104e-03 1.302131725891762493e+01 -1.039999742170366615e-02 2.578669537114225505e-03 9.999425936107766422e-01 -6.926675011929962267e+00
-9.913736049172430231e-01 1.310619145559003551e-01 -1.072392806768220509e-03 6.935530117050792853e+01 -1.310651718319249814e-01 -9.912978974453341419e-01 1.226373732300430584e-02 1.079546194507730128e+01 5.442481585787591709e-04 1.229849882715531618e-02 9.999242224891545794e-01 -6.949008723399963117e+00
-9.925266744445031541e-01 1.208654804229271212e-01 -1.680286160960171860e-02 6.820998150072071553e+01 -1.214447024281497672e-01 -9.918199999597603345e-01 3.929722549952099214e-02 1.234659104365730897e+01 -1.191573616167132185e-02 4.104416306805474396e-02 9.990862785114048572e-01 -5.466075961962851615e+00
-9.929933496541329951e-01 1.181628981801321615e-01 -1.317966743514784305e-03 6.797607274405808653e+01 -1.181637619805764178e-01 -9.929939416035276079e-01 5.977401511915084566e-04 1.167191715216149461e+01 -1.238102282921691756e-03 7.492879035334200225e-04 9.999989528346390211e-01 -6.504807785320474878e+00
-9.934039469501654285e-01 1.145254478037459889e-01 -5.702630023525718898e-03 6.667729824927542381e+01 -1.145330357034936020e-01 -9.934189150858723227e-01 1.021216016063182823e-03 1.307263795098751480e+01 -5.548145309563047058e-03 1.667619549134174506e-03 9.999832184235210031e-01 -6.733703214065200449e+00
-9.936011036622449666e-01 1.125426049585438598e-01 -9.539856933640959019e-03 6.546459250104324212e+01 -1.127009014585333008e-01 -9.934640112046946303e-01 1.810428820784831111e-02 1.387824425871430378e+01 -7.440000779782366715e-03 1.906359122054421956e-02 9.997905910130244767e-01 -6.651616349483372659e+00
-9.934223557599592969e-01 1.139045747047905260e-01 -1.173758653446723907e-02 6.495906022721881357e+01 -1.140766533720714154e-01 -9.933554629987639828e-01 1.521319446861062706e-02 1.356609294626069939e+01 -9.926743260585395301e-03 1.645211207815866147e-02 9.998153768453484913e-01 -6.796030008633143993e+00
-9.927650821299189854e-01 1.191849895016763583e-01 -1.457497790945503670e-02 6.472321469502904279e+01 -1.194350686666345585e-01 -9.926843278950336913e-01 1.769433593504324623e-02 1.302946998596711126e+01 -1.235945290747506899e-02 1.930708235521802138e-02 9.997372057169607862e-01 -6.253421959460970569e+00
-9.923834344371607052e-01 1.222174593002552101e-01 -1.542762771447332357e-02 6.420821266218716517e+01 -1.225317742147539191e-01 -9.922337578045570261e-01 2.140406925873007682e-02 1.282495082373364603e+01 -1.269186205765290842e-02 2.313141835768852544e-02 9.996518664626556916e-01 -5.985817072888888646e+00
-9.924612008777264904e-01 1.217690354590781066e-01 -1.389484637222537962e-02 6.342832970566666972e+01 -1.220554892431544580e-01 -9.922779522958395937e-01 2.206633030638441295e-02 1.289104403176710356e+01 -1.110055394816721573e-02 2.359591894675927559e-02 9.996599473376442946e-01 -6.155273180521107612e+00
-9.928516928913093675e-01 1.187119245351532376e-01 -1.236911055904081104e-02 6.272450760037737894e+01 -1.188200809719696521e-01 -9.928802015175435258e-01 8.407960055634466565e-03 1.302744327421535431e+01 -1.128291986483415284e-02 9.817556093175658014e-03 9.998881494005622539e-01 -6.607911696744396934e+00
-9.926004134763148912e-01 1.204603912126517434e-01 -1.528768509433905444e-02 6.223224974167951018e+01 -1.207436404180487338e-01 -9.924980816994279920e-01 1.919716441437100199e-02 1.299248811005628568e+01 -1.286050019422772285e-02 2.090100408713269423e-02 9.996988324304995066e-01 -6.186102208574180139e+00
-9.922850798561932972e-01 1.226633374886738903e-01 -1.800072028914936201e-02 6.172282345841755813e+01 -1.231483306343706952e-01 -9.919673757255924595e-01 2.890007193848076125e-02 1.277793047613451982e+01 -1.431114798876109706e-02 3.089386884515009715e-02 9.994202118783782618e-01 -5.875667944183673441e+00
-9.924065867258569096e-01 1.216097657170282093e-01 -1.844536541748887856e-02 6.111438058929880413e+01 -1.221562353743978618e-01 -9.919901294279702686e-01 3.214711925871486381e-02 1.254456474507902719e+01 -1.438821678631131348e-02 3.415622929611581565e-02 9.993129295761069564e-01 -5.785303253875669682e+00
-9.921751278942299024e-01 1.235756673858409427e-01 -1.782049433133786609e-02 6.046220766991979900e+01 -1.240777411514315809e-01 -9.918024858724698856e-01 3.053756977803036982e-02 1.257321722451604629e+01 -1.390071001163536123e-02 3.250974388293053491e-02 9.993747479368481068e-01 -5.886135355528557156e+00
-9.920615786093291977e-01 1.246269903829175935e-01 -1.679099506467661776e-02 5.993255842508801123e+01 -1.250544342843779855e-01 -9.917711822941543964e-01 2.741004262436318173e-02 1.264418816003011514e+01 -1.323679390864777004e-02 2.929223854455965254e-02 9.994832425048799651e-01 -5.948140363986404111e+00
-9.915712413151434035e-01 1.277267239179788183e-01 -2.173378462041439946e-02 5.950557244534336832e+01 -1.283516590314907890e-01 -9.912654712569861637e-01 3.030869706090637966e-02 1.267324185885100007e+01 -1.767271967214086720e-02 3.284279968039085368e-02 9.993042707246595491e-01 -5.573278838945238789e+00
-9.917892452413010762e-01 1.262585464072630004e-01 -2.031926383548642023e-02 5.894956500316758508e+01 -1.268619440748456617e-01 -9.914102994253408685e-01 3.180668701558661549e-02 1.245413613268763520e+01 -1.612886137462335445e-02 3.412327142115444134e-02 9.992874772447998266e-01 -5.824179957652569684e+00
-9.919315378938078354e-01 1.252427200103668758e-01 -1.964905127557871334e-02 5.840826741268516997e+01 -1.258790637450483973e-01 -9.914126656529427262e-01 3.543145062789088834e-02 1.227603270550208947e+01 -1.504278705212276634e-02 3.761897748918063139e-02 9.991789264643109458e-01 -5.876356418642379786e+00
-9.917951182941497912e-01 1.261087479746835216e-01 -2.095297143965579520e-02 5.793321471602991579e+01 -1.267290300174669371e-01 -9.914364808864815082e-01 3.151915795609450122e-02 1.224230299322652904e+01 -1.679869872118793309e-02 3.391589674012800149e-02 9.992835011494924924e-01 -5.722482735445408863e+00
-9.912870605487422715e-01 1.299532325104698349e-01 -2.149699859782194106e-02 5.742314119189810384e+01 -1.305690239801067520e-01 -9.909770170252767407e-01 3.027014543354064613e-02 1.231600351426050644e+01 -1.736932829781549087e-02 3.281324561461676503e-02 9.993105610102984704e-01 -5.670718477475005237e+00
-9.910863281138493353e-01 1.314634538927417773e-01 -2.156966658060474606e-02 5.689994725952132626e+01 -1.320825052175035319e-01 -9.907740624542447083e-01 3.034747079050593987e-02 1.226935192881101422e+01 -1.738108285682031517e-02 3.292593899197736318e-02 9.993066498829180633e-01 -5.620779423180550793e+00
-9.911571005028185777e-01 1.309092037679522869e-01 -2.168830310758186608e-02 5.638469198144786532e+01 -1.315754206263692327e-01 -9.907624390314266893e-01 3.282831234609195903e-02 1.216969102410677372e+01 -1.719042785504814458e-02 3.539166248340566701e-02 9.992256599071208667e-01 -5.551292586362821524e+00
-9.916785437883759435e-01 1.280858837046151000e-01 -1.294882949822217730e-02 5.585052596405520831e+01 -1.283405868651526505e-01 -9.915025147277642947e-01 2.124751871696847066e-02 1.200270066842313277e+01 -1.011728979887508567e-02 2.273256879737818592e-02 9.996903874515339350e-01 -6.187721009392081584e+00
-9.915440154746981705e-01 1.281741325256350317e-01 -2.029426341636221889e-02 5.545170114686217033e+01 -1.287017429439300531e-01 -9.913084416628257234e-01 2.726600174603387855e-02 1.193711167318418198e+01 -1.662307852072858125e-02 2.964734793065161578e-02 9.994221870766991644e-01 -5.786474794356745832e+00
-9.914229302675616751e-01 1.297029245658121721e-01 -1.605380636352091162e-02 5.503879513555263969e+01 -1.301084221347698078e-01 -9.911182271447342984e-01 2.750378721339957408e-02 1.190006639617256567e+01 -1.234389846372398007e-02 2.935662072777892387e-02 9.994927798589455792e-01 -6.106614651839711527e+00
-9.912859005942464830e-01 1.314651199189384168e-01 -8.317783824640790150e-03 5.464838168181851330e+01 -1.315971331819291434e-01 -9.911387907168600631e-01 1.805801967599512947e-02 1.194250745047373208e+01 -5.870078479195480099e-03 1.899525680321719617e-02 9.998023416644051808e-01 -6.535357311593205765e+00
-9.912071895334666483e-01 1.309842852839862570e-01 -1.874631766002947397e-02 5.416001394051860984e+01 -1.314649345198325436e-01 -9.909466382674372298e-01 2.723474064796745434e-02 1.194491604001116514e+01 -1.500927742643094233e-02 2.945975415900842567e-02 9.994532727826885843e-01 -5.774950189111267562e+00
-9.914356119720446614e-01 1.293499990455385107e-01 -1.800014056993218606e-02 5.370944005832610912e+01 -1.297255882013497175e-01 -9.913157597573372115e-01 2.154846218521651660e-02 1.186581744102239711e+01 -1.505652946173060940e-02 2.369899161679802149e-02 9.996057516425738143e-01 -5.706426980083759481e+00
-9.917710869957843123e-01 1.261825822709199130e-01 -2.163485453252923102e-02 5.330114548307111733e+01 -1.267780954500781487e-01 -9.915127524811526705e-01 2.880583588962805364e-02 1.179864901001168676e+01 -1.781643941005178061e-02 3.131162082505212912e-02 9.993508677576941057e-01 -5.672491138318221715e+00
-9.920339364708945507e-01 1.255938696501487928e-01 -9.739034673100450956e-03 5.289194030921996870e+01 -1.257463443439418294e-01 -9.919158235731919682e-01 1.705449586625883487e-02 1.167584130091693773e+01 -7.518362467800388492e-03 1.814328667631261507e-02 9.998071290875975015e-01 -6.165276741110213621e+00
-9.918452350272479734e-01 1.263076185620619907e-01 -1.701220876090304285e-02 5.252958705228926561e+01 -1.266905977057736499e-01 -9.916588171886662195e-01 2.371250186989663084e-02 1.160593542834165248e+01 -1.387523717626868575e-02 2.567441888644587944e-02 9.995740602917552176e-01 -5.785423693419983415e+00
-9.917068401870043903e-01 1.267576681651591264e-01 -2.121406815394280901e-02 5.216790717697000446e+01 -1.274548850952477996e-01 -9.912057218197443120e-01 3.558748792986320131e-02 1.162497585847581405e+01 -1.651651875141691220e-02 3.799619182408130180e-02 9.991413783920680691e-01 -5.439253471120625960e+00
-9.920029905975931150e-01 1.250717693295476385e-01 -1.694459094249344683e-02 5.180078651876544171e+01 -1.255654329742677822e-01 -9.915647244227809853e-01 3.213595062169247868e-02 1.160765648395939742e+01 -1.278235844500820451e-02 3.400661402068156508e-02 9.993398628671987804e-01 -5.710291914888251164e+00
-9.923051418012662772e-01 1.220438211552224705e-01 -2.087609332709632406e-02 5.144718072466724834e+01 -1.226264181589752644e-01 -9.920182293663666329e-01 2.936995359750503923e-02 1.151954424157727530e+01 -1.712504377424202071e-02 3.170391651912314590e-02 9.993505864075323819e-01 -5.613111600416097247e+00
-9.924965031261441251e-01 1.211787965754652502e-01 -1.632147489958401740e-02 5.108586555468152568e+01 -1.214903235228221162e-01 -9.923975292169426865e-01 1.967854909355248871e-02 1.141432678478035001e+01 -1.381276846601562323e-02 2.151379242786707890e-02 9.996731286589006782e-01 -5.952249286098044045e+00
-9.922624537483288876e-01 1.225729690075453848e-01 -1.977599934315696362e-02 5.080698287817165237e+01 -1.230087629149058392e-01 -9.921489047766800518e-01 2.256978060546292048e-02 1.146354548699023290e+01 -1.685429107051702319e-02 2.482776709874581073e-02 9.995496560218510851e-01 -5.790577910307126430e+00
-9.921617574351686564e-01 1.244568617692988211e-01 -1.120431353077926649e-02 5.060875591133464013e+01 -1.243921820982455684e-01 -9.922131408684187193e-01 -6.298263321346310797e-03 1.157539715196654662e+01 -1.190092920722045887e-02 -4.855166996689884440e-03 9.999173942068609877e-01 -6.637549216540505448e+00
-9.923683781492538269e-01 1.220215140302837037e-01 -1.776941651200301606e-02 5.038687487279882049e+01 -1.222689747324037096e-01 -9.924041719585479093e-01 1.357414075203985243e-02 1.144119469855436044e+01 -1.597810587355682002e-02 1.564319638138713525e-02 9.997499640108354901e-01 -5.986833287000321135e+00
-9.925222306918577431e-01 1.216607949686396295e-01 -9.913251235477055917e-03 5.004460612981799272e+01 -1.217962124358548670e-01 -9.924500214701361678e-01 1.444429022855600424e-02 1.142390871762792770e+01 -8.081102569524181017e-03 1.554367561181317116e-02 9.998465331888367613e-01 -6.122430377984568572e+00
-9.926563516726345515e-01 1.204417409906145681e-01 -1.127628090843296044e-02 4.973433720813216041e+01 -1.206645515030787402e-01 -9.924546280842851953e-01 2.176872078568753768e-02 1.130508427521213477e+01 -8.569334544585967967e-03 2.296950633413961593e-02 9.996994389736492126e-01 -5.841066232741521702e+00
-9.927481720775561680e-01 1.191056994099351091e-01 -1.627572439990240469e-02 4.950868600632354344e+01 -1.194850167333019603e-01 -9.925274087045528049e-01 2.475224730137674453e-02 1.127841968698095876e+01 -1.320596883662643849e-02 2.651745346552232888e-02 9.995611172153455737e-01 -5.738321816656142715e+00
-9.928260553753331941e-01 1.188667466837601411e-01 -1.292750171821814044e-02 4.923929804751371364e+01 -1.191265971108864258e-01 -9.926432883898266279e-01 2.163691002458551990e-02 1.127864711652582486e+01 -1.026048871332547151e-02 2.302169731905670882e-02 9.996823114489490347e-01 -5.793522356181703969e+00
-9.927621993777417941e-01 1.199244071620742952e-01 -6.430556235179014750e-03 4.897698692673291987e+01 -1.200188004397755720e-01 -9.926232286133911398e-01 1.716431059275890653e-02 1.126206100107381936e+01 -4.324699719761042858e-03 1.781186638037671188e-02 9.998320030827086979e-01 -5.922271242625298804e+00
-9.923150782164504857e-01 1.230618893478604980e-01 -1.290569387577551741e-02 4.878749248247316928e+01 -1.234094603910425025e-01 -9.918735521302020075e-01 3.093479708366471403e-02 1.122804622116478512e+01 -8.993921851561989533e-03 3.228975030486820608e-02 9.994380828220311708e-01 -5.675793485951821538e+00
-9.923149012428411631e-01 1.231573423003941986e-01 -1.197521644541981768e-02 4.852698608475512287e+01 -1.234975692342877157e-01 -9.917687670032200309e-01 3.380921753214072983e-02 1.116636725342510950e+01 -7.712792272156347370e-03 3.502830047856776013e-02 9.993565584919877898e-01 -5.845243157859344230e+00
-9.922371102371283502e-01 1.239865285577264470e-01 -9.636275446318225135e-03 4.829954116731030922e+01 -1.241987020009002601e-01 -9.919178461393522994e-01 2.595513304839681262e-02 1.124395304657689287e+01 -6.340306740592858287e-03 2.695045911431730168e-02 9.996166631584142426e-01 -5.900172578224684550e+00
-9.925970360915818969e-01 1.213924948029653644e-01 -3.871194611387817654e-03 4.809706507887230487e+01 -1.214316544784285051e-01 -9.925226851082562529e-01 1.237226075255274012e-02 1.118566239962214226e+01 -2.340348871166057602e-03 1.275075491920485242e-02 9.999159669773013404e-01 -6.299134223271130040e+00
-9.925025971432055449e-01 1.214342845026275680e-01 -1.386755967456367034e-02 4.792763184394294740e+01 -1.216703229085070309e-01 -9.924131569454097690e-01 1.767649413729412144e-02 1.113326935817694618e+01 -1.161581625768538448e-02 1.923123680320820705e-02 9.997475843150043229e-01 -5.881958631067399246e+00
-9.923915737436610485e-01 1.223930393070793016e-01 -1.337566042314959971e-02 4.772700126780686247e+01 -1.227249065543105228e-01 -9.920536844624381345e-01 2.771433664616359052e-02 1.104760711519090144e+01 -9.877331310400444542e-03 2.914500083508113001e-02 9.995263914737357869e-01 -5.739957949985082131e+00
-9.922538938285445642e-01 1.226566410517685446e-01 -1.968650776519076731e-02 4.751375242111822672e+01 -1.232351282811791626e-01 -9.918773260507089962e-01 3.150354303910760101e-02 1.098897719075146107e+01 -1.566248191100717488e-02 3.368558255980137750e-02 9.993097458686140966e-01 -5.480933174544371234e+00
-9.920215324379360045e-01 1.245961312486148637e-01 -1.921153969279848148e-02 4.732550849513317104e+01 -1.251227994886267014e-01 -9.917112424364973311e-01 2.920781869959379953e-02 1.103934517717597785e+01 -1.541311868568292533e-02 3.137858669439024667e-02 9.993887232050617797e-01 -5.398185280523081886e+00
-9.921152772357428873e-01 1.247772531012302649e-01 -1.174366995268051432e-02 4.713851992278615199e+01 -1.249971283687484475e-01 -9.919484225730108573e-01 2.034809215831117832e-02 1.107846155468220672e+01 -9.110135839414742684e-03 2.165557811345674918e-02 9.997239825879737918e-01 -5.939304768284132230e+00
-9.924304920900679505e-01 1.218935586739552240e-01 -1.495589260678880511e-02 4.700696359528277668e+01 -1.222044103441870116e-01 -9.922608833070507561e-01 2.200957862254540598e-02 1.098861547936258276e+01 -1.215732134544137213e-02 2.367065298025137349e-02 9.996458871646459743e-01 -5.896722005165053737e+00
-9.923737258213811696e-01 1.225104686178581093e-01 -1.362253201219692025e-02 4.686072633787965458e+01 -1.227943660876087695e-01 -9.921784658647918587e-01 2.243736908220310411e-02 1.095844072483900078e+01 -1.076717031224300875e-02 2.393902573668123257e-02 9.996554361830108926e-01 -5.909734921406166741e+00
-9.921522519496164261e-01 1.235781272995488955e-01 -1.903563512052451612e-02 4.668805078852885515e+01 -1.240702256072272747e-01 -9.918978120685082445e-01 2.730035771703972006e-02 1.092854348027256783e+01 -1.550767774610316285e-02 2.944786693197137470e-02 9.994460140818411942e-01 -5.655239770085604967e+00
-9.919800663261242324e-01 1.253122366687553502e-01 -1.650428285906647627e-02 4.652944360134778634e+01 -1.256985348351468690e-01 -9.917553356992501179e-01 2.492453514842011067e-02 1.098935837044020403e+01 -1.324486133999132342e-02 2.679920620356708236e-02 9.995530882324075161e-01 -5.778772183676321283e+00
-9.918365384182847855e-01 1.261555437763714205e-01 -1.857578619932497704e-02 4.645178968896438221e+01 -1.266355466453562839e-01 -9.915696578810222483e-01 2.744179104112364626e-02 1.096164497336878618e+01 -1.495725189554516880e-02 2.957012587394475256e-02 9.994507933217784412e-01 -5.808350754240564129e+00
-9.920884079094740571e-01 1.245812164460958632e-01 -1.549552840196710690e-02 4.627092937166058562e+01 -1.249334777826107273e-01 -9.918666043581729763e-01 2.433650114805866252e-02 1.093748487367858857e+01 -1.233762622172778628e-02 2.607987093140157545e-02 9.995837250132748597e-01 -5.924262733541638681e+00
-9.920831528513325281e-01 1.240901706538356658e-01 -1.930407665913638771e-02 4.608737002781677461e+01 -1.245791158456021480e-01 -9.918528227943970155e-01 2.660867922154244378e-02 1.090919085595027482e+01 -1.584492738032948489e-02 2.880290717772849771e-02 9.994595193475437345e-01 -5.752408828034892174e+00
-9.918175137760758542e-01 1.265947661578505357e-01 -1.648588937493942683e-02 4.596785190707890223e+01 -1.269665916381544357e-01 -9.916191981369972819e-01 2.389247776871322726e-02 1.091878083200660932e+01 -1.332306176649078466e-02 2.579013508257504278e-02 9.995785936871541821e-01 -5.805250783470351728e+00
-9.917864692018547590e-01 1.268907035821792983e-01 -1.607323404103853590e-02 4.585151343872443164e+01 -1.272562743678862240e-01 -9.915737044250352294e-01 2.423694136681717876e-02 1.088056918349202107e+01 -1.286235367744769688e-02 2.608329038355363533e-02 9.995770214548969079e-01 -5.768309846297675847e+00
-9.917130335374104710e-01 1.265117204126007255e-01 -2.236165714501003182e-02 4.574602606885099476e+01 -1.271695715106656577e-01 -9.913977278079746380e-01 3.095876901588493629e-02 1.086597827763117685e+01 -1.825264895352798206e-02 3.354593709272658125e-02 9.992704893624899665e-01 -5.556584513810651771e+00
-9.918733929060823407e-01 1.261216582272169096e-01 -1.674812738766356252e-02 4.565149993617891511e+01 -1.265298142719682162e-01 -9.916198715471826741e-01 2.608134300702859981e-02 1.082900404068994504e+01 -1.331835369997151630e-02 2.798852762769311886e-02 9.995195164557599821e-01 -5.805274936857331092e+00
-9.917257810665343065e-01 1.274533910433724160e-01 -1.534953678515428230e-02 4.546016218320455238e+01 -1.277991536922145344e-01 -9.915055613442655957e-01 2.416812237116756912e-02 1.089981833195882999e+01 -1.213884193518234567e-02 2.592980784616795431e-02 9.995900627664989768e-01 -5.860928052736254834e+00
-9.915963683700326214e-01 1.279413542917486601e-01 -1.917425610959936494e-02 4.528091558973070363e+01 -1.284210626908294517e-01 -9.913705434641757464e-01 2.631494269238579889e-02 1.094299382471084137e+01 -1.564202329372121197e-02 2.855617995353615726e-02 9.994697952883518921e-01 -5.751666878484503087e+00
-9.916521598161418538e-01 1.269617385491386419e-01 -2.251023937146346895e-02 4.519675594258499274e+01 -1.275928019318110229e-01 -9.913952514196389121e-01 2.924948474384127944e-02 1.088383049541365821e+01 -1.860297898644368633e-02 3.187745923330029957e-02 9.993186462613710130e-01 -5.639957647534671992e+00
-9.917607924828872878e-01 1.261622714313168359e-01 -2.221737520514245265e-02 4.516048211591499495e+01 -1.267874710157953222e-01 -9.914933067682689671e-01 2.942719536656682525e-02 1.079428893531463274e+01 -1.831577700055884647e-02 3.200162341216411521e-02 9.993199829943619772e-01 -5.604087742523089055e+00
