-0.9929847675929212 0.10137919102239959 -0.06085647834118511 130.61741942895665 -0.10395795000928605 -0.9937439764092618 0.04081242433598255 9.165662597299715 -0.05633822821418853 0.04685263042730323 0.9973118043339007 -1.042203007147393
-0.9933198403054161 0.09871201618826168 -0.059763138435691934 129.51426058056543 -0.10135157670936937 -0.99392657431273 0.042869835239801826 8.424009342795006 -0.0551684035853854 0.04864054620387685 0.9972916045524671 -1.1769677946302703
-0.9938632036569784 0.09893142331641269 -0.049482379664711355 132.34412640701208 -0.10403239338774853 -0.9879980279428507 0.11418037443912785 10.294199149880933 -0.037592466568590215 0.11862744312186542 0.9922269580069212 -2.0184778578310585
-0.9960365686176943 0.07759778267505803 -0.04347111800041248 127.41876629300135 -0.08070115487145571 -0.9939215506314613 0.07488173871355705 8.499172954696306 -0.03739622412362804 0.07809311950656442 0.9962444414434839 -2.6262871685356473
-0.9940637337169966 0.09332379876939181 -0.055928185129522655 125.51354072642955 -0.0959255761254834 -0.9943346516965871 0.04579174904309516 7.958294263084885 -0.051337872507789574 0.050884860407412844 0.9973841555928701 -1.6701387288383434
-0.9784520767626855 0.20260335897265008 -0.039792114944982165 122.14239432923996 -0.20389666274477664 -0.9784804578985072 0.03165666489491081 19.22178862923029 -0.0325220602105358 0.03908800895064423 0.9987063848579031 -2.7793511786777487
-0.9955489982871394 0.08387902238667158 -0.04297093916742325 124.29166190681276 -0.0873259097011757 -0.9924725769130268 0.08586250386796386 9.128729527805964 -0.03544541584374897 0.08923280606968609 0.9953798917079874 -2.973286598957985
-0.9946665561244228 0.0933009719216088 -0.04397011219077081 122.37319079577641 -0.09665658872324107 -0.9919635580692922 0.08164437101780711 8.553583171574907 -0.03599924976957329 0.0854589263973648 0.9956911297762239 -3.0378224160229204
-0.996403562485944 0.07463755912361136 -0.04011452895640307 120.49001574000152 -0.07776679129461593 -0.9934997585172793 0.08312975398647958 8.0495024384505 -0.033649172903123616 0.08595036122194231 0.9957310221986468 -3.0141963644820753
-0.9976193259765704 0.05448183748352632 -0.042277769838114695 118.65179699215122 -0.05796949019607753 -0.9945897902331307 0.08620143485133155 7.5506121834322935 -0.03735262567039787 0.08844703809874076 0.9953802804994162 -2.8253109849332967
-0.9903154668543749 0.1355195001207293 -0.030161916319009018 115.30047452380904 -0.1368552334569281 -0.9894369279726525 0.04780387682495412 19.0316873092747 -0.023364956333297753 0.05146873469469965 0.9984012460751847 -3.772874345867698
-0.9901907771785768 0.13679004402228218 -0.02847294587634819 114.00453834050764 -0.1383556095539797 -0.988362108509555 0.06323027571898691 18.861562222223977 -0.019492308622684577 0.06654942763791885 0.9975927142805493 -4.209846638751791
-0.9946763589574767 0.08812143338711485 -0.05341866629658991 117.57921282768919 -0.09165107214759932 -0.9934883424089742 0.06768304419621506 6.841990640277038 -0.047106495362123274 0.07221860200302607 0.9962757909431683 -2.7015312361053416
-0.9947917995924368 0.08747897943052875 -0.05231351279971196 116.61794077675468 -0.09082040487282311 -0.9937221793474025 0.06532904661633039 6.650540842167271 -0.04627017962348145 0.06973993426190644 0.996491551417656 -2.6998016078758673
-0.9962511509002377 0.08110208133900723 -0.030101440703705188 111.86732662409764 -0.0819367988752839 -0.9962548384457042 0.027616260854760627 10.415510121939144 -0.027748969711130552 0.029979147352912135 0.9991652743185011 -3.799507943278432
