-0.999105634639256 0.038674951092479794 0.017093243989473546 127.26321236766847 -0.038679993445899646 -0.9992516484032944 3.564165277633923e-05 9.345827457642747 0.01708183067221891 -0.0006255567893654087 0.9998538991970741 -7.961548951761477
-0.9741215056565335 0.22318514944379186 -0.03571668076976939 127.90022066154108 -0.22049333328021595 -0.9730876955576189 -0.06695540854439473 20.44919911986424 -0.04969891544527278 -0.05734741338648219 0.9971164886719335 -2.106681911098522
-0.9897402076839675 0.11698172465874017 -0.08203412332424175 131.08692140475472 -0.12692217494908462 -0.9835133472872092 0.1288109359259103 8.519175385570732 -0.06561312978287713 0.1379013118276299 0.9882702795269726 -3.2809838831869347
-0.9891031760800397 0.1237140500989247 -0.07981065640946342 129.0272057651421 -0.13276727933633647 -0.9838061894544435 0.12040860072587288 8.564819839987553 -0.06362198209750987 0.1296927731188453 0.9895110044839011 -3.4592413691115995
-0.9774774746457233 0.20687311602910446 -0.041728891965151255 124.89411784139219 -0.20612030730088787 -0.9782871630465739 -0.02164822247854335 20.280953648692908 -0.045301274578292174 -0.012559477803712752 0.9988944158612986 -3.3727660504132335
-0.9873603972402157 0.15082790830417814 0.048686631001029344 121.61518529479258 -0.15200414313265118 -0.988147843481156 -0.02141447860798624 20.41717544221547 0.04487968841416248 -0.028544377732400466 0.9985845142338875 -10.71288875360056
-0.9923692444542409 0.12291506583169863 -0.009755472973082827 122.30994916553456 -0.12248296679145332 -0.9917923391444761 -0.03668622166840049 8.228127275887411 -0.014184692710922108 -0.035211398806753995 0.9992792161787275 -6.116291541273688
-0.9996790190756245 0.024997940906298022 -0.00411846700266731 119.45139186722322 -0.024914331469315033 -0.9995045149978017 -0.019235399305993543 7.6613924212467435 -0.0045972717391956274 -0.019126616257693557 0.9998065001004411 -5.941772784151415
-0.9912571105707007 0.13131598795999985 -0.012862816531668889 117.203843455127 -0.13181385629711836 -0.9898955411759509 0.05226781847427953 19.441622108074778 -0.005869244510199406 0.053506344166529475 0.9985502606793595 -4.716317072612668
-0.969279099298049 0.2452537399915494 0.018671654563259876 114.25374861229014 -0.2455058425791067 -0.9693126102911103 -0.012646928091851545 24.074816804646954 0.014996963809236472 -0.01684240335565619 0.9997456799235072 -7.986673376124917
-0.9679630781575612 0.2505472986198894 0.016538756846465292 112.94880849399307 -0.2507401217603055 -0.9679940010530049 -0.010816897199716532 23.836943855226483 0.013299273039414488 -0.014617287014998294 0.9998047130599824 -8.273553173057103
-0.9994035942274152 0.03066428117272612 -0.015879474345652657 115.18782013949411 -0.030073301274887804 -0.9988917474634706 -0.036205985690372575 8.28424058114408 -0.016972106403275383 -0.03570684401542088 0.9992181788251757 -5.387094270850406
-0.9979082378781485 0.05367927117618206 0.03602338991448476 113.06568630428555 -0.05329700957496294 -0.9985125997641711 0.011489859989059022 10.667375505306122 0.036586576025959223 0.009545886977953498 0.9992848935596459 -9.59971307725272
-0.999501312924263 0.026197653010634744 -0.017629760050008596 112.43221835017576 -0.025465660398700685 -0.998853472975485 -0.04053689264453476 7.098968841666326 -0.018671518501306116 -0.04006772393773809 0.999022498192765 -5.170327594343741
-0.996769881648205 0.059355836755164 0.054098869508720636 111.1891155697432 -0.05683172317788492 -0.9972740467311997 0.04705986567141444 11.367788275388884 0.05674467622305726 0.04383332475951972 0.9974260280145448 -10.46175109862592
-0.9972274351708765 0.06348147779437308 0.03882711062599244 110.28909603235279 -0.06259003117010443 -0.9977564430739874 0.023760646087095116 10.679518951030849 0.0402483607199883 0.02126457809111078 0.9989634063257634 -9.402470467679091
-0.9964114751701757 0.06188606875854183 0.05774328223107089 108.89355627043324 -0.059154832862726804 -0.9971004615678725 0.04786831196234206 10.571305039339395 0.060538235010501026 0.04428074112697864 0.997183201857647 -10.78464494658223
-0.9971556147295557 0.06651980324708053 0.035437209107065645 108.11773264215337 -0.06555819317126022 -0.9974658449189392 0.027640758460527822 11.789861390755146 0.03718606353794244 0.025238938094207203 0.998989585872864 -9.131418157571396
-0.9914383432750778 0.12967664236808188 -0.015296401803102919 106.50401654234975 -0.13004314862766433 -0.991165616676527 0.026067217213371532 18.19509153369043 -0.011780958321994803 0.027833230900965844 0.9995431557859977 -4.8685896076032655
-0.9919091387345991 0.12514755845944944 -0.021315466366819198 105.63530571268416 -0.12576539713725593 -0.9915865911916785 0.03064469043377981 17.86047476060046 -0.017301022446801838 0.03307749658774759 0.9993030340401199 -5.485426807277734
-0.9919046473256911 0.12610338330816762 -0.014936777829807667 104.66153283185315 -0.12637088094363155 -0.9918092510196012 0.018569061405268105 18.079292612394774 -0.012472812963966263 0.020306312077173684 0.9997160009855779 -4.691439212282595
-0.9917529571489987 0.12680110704207964 -0.01864272617213002 103.55292128893176 -0.1276144236100823 -0.9904546621141647 0.052097228169898736 17.53892503728189 -0.011858788845936805 0.054046660851739925 0.9984679902620238 -5.261070603251365
-0.9920758079378305 0.12406342832069686 -0.019845832253237515 102.38214842424867 -0.12504770243889154 -0.9903263776609283 0.06013932011372408 17.40460381168346 -0.012192760936830643 0.062144440316909334 0.9979926879083013 -5.408003879097421
-0.9918774874854775 0.12628887895879273 -0.01517131737317083 101.29257170516226 -0.12693757015368512 -0.9904014800515407 0.054696998045637366 17.537316185557643 -0.008118072615125208 0.05617853115788514 0.9983877350678793 -5.507946287573347
-0.991684271836696 0.12734324426615135 -0.01860115941271901 100.35390967617599 -0.12807018652292015 -0.9907307732333381 0.04528313474638306 17.39278748606022 -0.012662239758853975 0.04728882646297924 0.9988009984857095 -5.491181845246708
-0.9920116147921411 0.12509139281619822 -0.016281878294785068 99.23473734352659 -0.12574461779221266 -0.9908747556890289 0.048533592845659904 17.307970731788984 -0.010062167450065593 0.0501932463736041 0.9986888358266006 -5.427605763190558
-0.9918675103605074 0.1264519131866373 -0.01444837508833495 98.3245044914513 -0.12695403442753359 -0.9910259759558784 0.04183524976944594 17.560032560933944 -0.00902856765090651 0.0433293045425164 0.999020048014074 -5.520752667345491
-0.9919326303541419 0.124853178979012 -0.02193947441392312 97.8966557946002 -0.1254064188486994 -0.9917656643598637 0.025963380141895444 17.071101995462726 -0.018517206870074288 0.028505274874707522 0.9994221142010268 -5.191164272082483
-0.9925203100134231 0.12129490919594196 -0.013819522929932186 96.18480002317067 -0.12181997993592275 -0.9914222001499714 0.04734884938624275 16.53180572052652 -0.007957807441379736 0.04867818867766069 0.99878281285162 -5.585049460703152
-0.9929133037229871 0.11853166007985459 -0.008568363240999783 95.21537889149627 -0.1186414295538739 -0.9928426863794607 0.01369712729879574 16.552824200686537 -0.006883493541017755 0.014616622781610548 0.9998694774094954 -5.3779353391817555
-0.9915567575981986 0.12886393381529926 -0.01446661753815006 94.48644234162765 -0.12945240725569912 -0.9901982458258903 0.052435753251440086 16.887094150808736 -0.0075677418727615004 0.053865763941377924 0.998519508451373 -5.104852161263626
-0.992529155458136 0.12179765116151271 -0.007155958154192054 93.24577735960997 -0.12197031959415731 -0.9919685525560359 0.03349077302759383 16.350835467862918 -0.0030193879620212098 0.03411338317178688 0.9994134081474589 -5.601575456512336
-0.9925147857119067 0.12151154601420988 -0.012220651721190322 92.24564269568926 -0.12195127006919429 -0.9914604341237407 0.04619626928312557 15.990873597135568 -0.006502912560085211 0.047340804306703024 0.998857627680666 -5.555431187538783
-0.9928530956031517 0.11851396850693488 -0.014041717130829735 91.18174367701667 -0.11891291112030476 -0.9923832878692832 0.03217342889171947 15.920551167183763 -0.010121764675189854 0.03361322993246622 0.9993836603894289 -5.916607140422263
-0.9925961540373484 0.12083071088639494 -0.012361807997279744 90.44242335189782 -0.12123285864900578 -0.9918245621215107 0.039832548955191706 16.14864953242158 -0.007447749597259187 0.041036292220007764 0.9991298983349378 -5.81704035017139
-0.9927423565451144 0.11928021293897427 -0.01532463123525097 89.52841675675789 -0.11968679590789982 -0.9923844066884844 0.029124907671130778 15.802129303096544 -0.011733899887273792 0.0307476854866144 0.9994583009964243 -5.660415628887088
-0.992357110161332 0.12230981553728797 -0.01636077429343343 88.62088248251389 -0.12266241642671688 -0.9921903277482271 0.022633716425271917 15.771597401711782 -0.013464676327518252 0.024467581533438563 0.999609943900768 -5.645060314678776
-0.9927377910040285 0.11955290948682301 -0.013370869294256403 87.8046648932577 -0.119912516445214 -0.9923170222230276 0.03046171049370884 15.869320004771616 -0.00962635508514159 0.03184382576986294 0.9994464988422936 -5.721165861159865
-0.9930123778419531 0.11736141063507166 -0.012357861725101702 87.1076022925098 -0.11764186010257521 -0.9927377197681159 0.02514383624681608 15.627219052880209 -0.009317199379483488 0.02642194245975085 0.9996074583317072 -5.527052363398592
-0.9926936534125061 0.120029013156011 -0.012342871437725066 85.96686526758161 -0.12029223269347976 -0.9924622233361127 0.02342037583720825 15.494380600267851 -0.00943870902995349 0.024734010017224663 0.9996495083379601 -5.842293269401131
-0.9926662661906628 0.11992904747937073 -0.015189059805753764 85.11244904583214 -0.12036461114863432 -0.992212228216044 0.03205081218303169 15.467780771897601 -0.011226947498322447 0.03364398533534113 0.9993708210172192 -5.59376407793875
-0.9926012677868007 0.12086325284156438 -0.011610223968255574 84.17786566218719 -0.12105311952530064 -0.9924944999401897 0.017343870434911743 15.420077989503335 -0.009426846833941438 0.018621001611768124 0.9997821727045118 -5.931516282360327
-0.9924398506157749 0.1220103225356836 -0.013290000168487876 83.38073368259506 -0.1223268319807705 -0.9921386799851424 0.02640048967145779 15.3012282296693 -0.009964390964251267 0.027826621643359865 0.9995630995793258 -5.692516624240984
-0.9927394410377014 0.12007695420865577 -0.0070659235861186736 82.53384622056512 -0.12015564035424137 -0.9926822010751684 0.01202787427685278 15.002897462481119 -0.0055699460693280954 0.012789555759658738 0.9999026967481685 -6.15472393353472
-0.9934271349461316 0.11418892359233546 -0.00796349681673918 81.74364599591976 -0.11432019156113815 -0.9932690212867994 0.01864256295126313 14.766350805235007 -0.00578112049277591 0.01943041638231226 0.9997944976669285 -5.9858365245994545
-0.9929640759050066 0.1180796531677651 -0.008918490337332491 80.82728826862333 -0.11825936260870522 -0.9927065675883168 0.023417809940375886 15.181669361926561 -0.006088277055134613 0.024307738989889197 0.9996859840508416 -5.830502247474081
-0.9931721281683481 0.11635752169217306 -0.008369646062497196 80.32528140533665 -0.11651969019131077 -0.992931459436122 0.022589348369828906 14.969186189176959 -0.005682044286844687 0.023410339760612225 0.9997097930724796 -5.7107588165152725
-0.9926415904415424 0.1209505816787823 -0.0057991134886260015 79.44642227652811 -0.12101003244403695 -0.9925867315726059 0.011320439651770932 14.931428353258466 -0.004386909342952663 0.011938890131836608 0.999919105692478 -5.8997763645608945
-0.9931284610905892 0.1162074500021597 -0.01384515568127904 78.40631511048397 -0.11649673382799643 -0.9929399553061299 0.02233284943914484 14.904318384538595 -0.011152164778770388 0.02379230381147478 0.9996547181402679 -5.051530472964157
-0.9932147502241286 0.11425418903843826 -0.021689634031024967 77.6655098881491 -0.11511836923575915 -0.9923775995598026 0.04398250739133833 14.646089424968398 -0.01649912124116463 0.046180950391890616 0.9987968255952664 -4.8227252059399195
-0.9932717545085659 0.11564263482127697 -0.006164633571347064 77.07556336053554 -0.11572936271504806 -0.9931467064230469 0.016319746524485014 14.43708160925362 -0.004235127039981491 0.016923372378094038 0.9998478200037805 -6.0841766396617665
-0.9930108605923632 0.11775518788104983 -0.007946475490083243 76.48570936389294 -0.11783555466418753 -0.9929771619912482 0.010542192409087738 14.340545090997894 -0.006649270832165556 0.011404888903677813 0.999912854056041 -6.274319202288841
-0.9932889796343451 0.11541060686934296 -0.0075759328806836645 75.84770172779722 -0.11549409652169401 -0.9932392024100035 0.011704719756490458 14.0981720298131 -0.0061738647215897535 0.01250114466719388 0.9999027976640569 -6.27544420648597
-0.9936686459141749 0.11196855047952353 -0.009255583752829382 75.08514001808967 -0.11209596398621008 -0.993589607406965 0.014635125926176632 13.760549037299427 -0.007557577991256684 0.01557997934487584 0.9998500623886174 -6.2956802840843205
-0.9929997897931255 0.11800705444255367 -0.0050746992622155455 73.85880952716414 -0.11809457792434565 -0.992722451284331 0.023575525039735368 13.926014114414256 -0.002255689624241592 0.02400978587618401 0.9997091787347498 -6.268843115893512
-0.9929871149224632 0.11814025063949145 -0.004412570316554023 73.36917160111679 -0.11819882871989171 -0.9928443318242177 0.017004989084645147 13.774050298110712 -0.002372021754984654 0.017407295693510624 0.999845667875516 -6.39698514983109
-0.9932609078515984 0.11584694752675499 -0.0035005260402011505 72.45577732342953 -0.11588760863254677 -0.9931416142585492 0.01548535415669991 13.946841549376066 -0.0016825870718950402 0.015786664519842026 0.9998739671199021 -6.216681545547019
-0.9933119503488136 0.11539397082656079 -0.003949783680064611 71.84833810222902 -0.11544487642931354 -0.99316855133734 0.016991443161622058 13.874786010516692 -0.0019620908391321922 0.017333785834979288 0.999847833456756 -6.317893131625636
-0.9936501891956839 0.11249236596468402 0.00218382944768286 71.34645129900295 -0.11246869364241123 -0.9936149219328301 0.00895432090069363 13.696148775831908 0.0031771782699000985 0.008651850211974312 0.9999575246109986 -6.3561003886624485
-0.9934971805195981 0.11367822382041469 -0.00637289013260706 70.46514976594754 -0.11375869420062472 -0.993407789723773 0.014139406277997497 13.638336947946176 -0.004723536109227671 0.014772431931180996 0.9998797244976337 -6.251935403749001
-0.9939949819718289 0.1091942201229077 -0.0071132346072056325 69.86631205657751 -0.10928925573629945 -0.993900933551771 0.014723887581967942 13.375391659844665 -0.005462087094984087 0.015412870487692645 0.9998662955755151 -6.202027583976315
-0.9934763000707609 0.11382437466999475 -0.00698948701256854 68.97708624446246 -0.1138824029308136 -0.9934573942325529 0.008555942225781177 13.483044396001775 -0.005969882780966451 0.009296105402333235 0.9999389695996128 -6.41561849338195
-0.9936199140222614 0.11277680881454336 0.0009262030061956082 68.61786905505471 -0.11277965800756147 -0.9936117811702231 -0.00404685797093253 13.627399267848634 0.0004638944910238556 -0.004125495527422522 0.9999913825071483 -6.6332911565876405
-0.9935502833230435 0.11338004465324181 -0.0016733150122199565 67.91477555010044 -0.11338543624655727 -0.9935446055412297 0.003586035011139231 13.274016850389547 -0.0012559282940712373 0.003752635653962213 0.9999921701542327 -6.469031743430547
-0.9936113414651849 0.11280152050328864 -0.003509855254020601 67.25526127911836 -0.11281179164834902 -0.9936122004358602 0.0028800711967503965 13.421849980809785 -0.0031625585920076506 0.003257624464950787 0.9999896929998845 -6.471341596845432
-0.9942622114842438 0.10690479603038243 0.0037442489452629546 66.4599283703667 -0.1068648364845706 -0.9942271223661359 0.009609155773505426 12.881507879922985 0.004749898692261917 0.00915389191856898 0.9999468209485756 -6.5851604844635
-0.9933658338297968 0.11491659327747374 -0.004300787036741054 65.98298519537909 -0.11493021873961191 -0.9933688330537023 0.003066975381935036 12.968166937456708 -0.003919821437342051 0.0035409189524964846 0.9999860483491116 -6.623133677037753
-0.9939177413627245 0.1101075184668936 -0.001964123594397159 65.4750316337225 -0.1101094142021357 -0.9939190786164143 0.0008843451645924892 12.760114957648183 -0.00185480686169049 0.0010952348469764747 0.9999976800733799 -6.705424262824011
-0.9932418437045379 0.11599143854126115 -0.004077511439779248 64.5265252731812 -0.11601807543438578 -0.9932220759918663 0.007050810939905253 13.110589004135788 -0.0032320406732960255 0.00747622548736851 0.99996682943263 -6.336684881470276
-0.9933579942327617 0.11499256346756928 -0.004075001966177647 64.0279951290039 -0.11498596055488958 -0.9933654496657904 -0.0018199685581353011 12.83409880119559 -0.0042572490104513735 -0.0013393123011319248 0.9999900409871215 -6.509478026962966
-0.9934366005710407 0.11427481752035284 -0.004998672478678034 63.40602786833427 -0.11433116557342309 -0.9933575584347039 0.013005601841890039 12.8984991358434 -0.0034792563116100073 0.013491744932994727 0.9999029290857125 -6.2996739113338815
-0.993379800725964 0.11456757111513273 -0.0084168377927665 62.789638884484255 -0.11470649701974046 -0.9932277896812516 0.018465571920663556 12.810505544968452 -0.006244281472812803 0.019308792134031312 0.9997940685437255 -6.015493809506782
-0.9929282825232879 0.11837000043144164 -0.009053660210850476 62.49158964040914 -0.11849250483528866 -0.9928495950677442 0.014464019900212373 12.80531804335727 -0.007276816832395337 0.015434525314211769 0.999854401083035 -5.96997198917439
-0.9927508829299975 0.12013929798721258 -0.0034976450438799715 61.798825937933714 -0.12015144770011306 -0.9927494070712601 0.003499196369142528 12.679002195634949 -0.0030518940481493294 0.00389407740057502 0.9999877609770621 -6.531455080331324
-0.9925774678471303 0.12113760588435751 -0.010754104462214552 61.0940011774706 -0.12135977018578635 -0.992337135647367 0.02321239745552022 12.725975004450001 -0.007859802963888697 0.024345218335149712 0.9996727133625214 -5.96612224629309
-0.9926890237434032 0.120301909014326 -0.009795551382152295 60.748891840657365 -0.1204593836524466 -0.9925641290585153 0.01749247256344628 12.539210754787504 -0.007618335083510573 0.018544551593895665 0.9997990100898969 -6.0765627311157235
-0.9927668771746775 0.1200296129870045 -0.0026114346702032836 59.805087893024485 -0.12005204011160057 -0.9922655311882637 0.03156934083447539 12.28760342230088 0.0011980191524242302 0.031654503974481024 0.9994981526387371 -6.073513147022696
-0.992389882792907 0.12298149259742831 -0.0061541050359450004 59.78578178986651 -0.12310869676079414 -0.9919752562499843 0.02879825983695364 12.509819700365279 -0.0025630669410636945 0.029336725554938194 0.9995662995627551 -6.0223594881053994
-0.9926954203779039 0.1203524651058565 -0.008431281259832613 59.31713233916954 -0.12048336428534885 -0.992565066330971 0.01727275397496116 12.257788260751221 -0.006289776722867236 0.018162412899678793 0.9998152656698341 -6.179948044006723
-0.9922460153693604 0.12400875439887965 -0.008347084285415328 58.22734030488428 -0.12417840250180374 -0.9919591651767986 0.02442824131719177 12.518794403307439 -0.005250650981520707 0.025275352701575403 0.9996667380732853 -6.197013422773572
-0.9923965641286457 0.12288843647572797 -0.006891421204199351 57.785501599990184 -0.12301842881208443 -0.9921243706151165 0.023573277331942328 12.203895539910334 -0.0039402637309288125 0.024241811238294077 0.9996983589611547 -6.266930039929534
-0.9922020582574673 0.12438753894313753 -0.00792563847980752 57.63838757718227 -0.124542690681063 -0.991932122031061 0.023659743888632033 12.11153112794934 -0.004918718081394686 0.02446232692578586 0.9996886519180941 -6.310520104953357
-0.9921114057460414 0.12512341565818738 -0.007686965763169682 57.19567239462041 -0.12530111956254034 -0.9916529899153452 0.03039699044858134 12.092430493882937 -0.0038194273117682863 0.0311203863405551 0.9995083459026397 -6.076928642525466
-0.9926902322675922 0.12058543917546638 -0.005025397434898934 56.58674481459189 -0.12068744172406395 -0.9920842701758023 0.034689224261311914 11.566791762402259 -0.0008026024043386161 0.03504215644920881 0.9993855127531046 -6.164373787927253
-0.9912851191023868 0.1315877022236631 -0.006203972087780174 55.76314746410467 -0.13171787326080994 -0.9907988912910629 0.031112037542542204 12.143483648707004 -0.002052927134453762 0.031658073850048624 0.9994966492441548 -5.988734989618987
-0.9916098095379386 0.12867907063417117 -0.012315941249442103 55.34484959978243 -0.12897106219502275 -0.9912826996814919 0.026927206101998707 12.035674592092068 -0.008743611634885616 0.02828968173906377 0.999561525451377 -6.103397780626372
-0.9915249959941083 0.12932527114278808 -0.012375643931925457 55.01643456389717 -0.1296173744206225 -0.9912025986466411 0.026772087786549673 12.105322910048464 -0.008804462913195941 0.028149292708533148 0.9995649547442245 -6.117786245444552
-0.9917151884669841 0.1279475822553724 -0.011419332682001094 54.59383773184789 -0.12820404554352785 -0.9914169962166568 0.02561371349524361 11.966072942104892 -0.008044107792089998 0.026865513353514673 0.9996066909150264 -6.0701146762582905
-0.9919725529085357 0.12628927940207407 -0.006439890078895537 54.16857144310294 -0.1264283725204208 -0.9915020518313636 0.03065204456536335 11.827471054535934 -0.002514139606433414 0.031220171721254714 0.9995093696307921 -5.981210117043169
-0.9923163984942226 0.12310419235004244 -0.0123904441124355 53.68246259267595 -0.12338730058258662 -0.9920305699324635 0.02551318040577412 11.784278753981681 -0.009150919866441986 0.026845970746443848 0.9995976963360246 -5.841986829503133
-0.9918807550201095 0.12619145967281947 -0.015757008801950145 53.544553142785745 -0.12663543858968462 -0.9914530779262848 0.03137291767907019 11.808931702094139 -0.011663340599487936 0.03311358899519629 0.999383538342473 -5.6310652255569735
-0.9924450613071771 0.12242955488455265 -0.007987764253431328 53.060418855273646 -0.12256676793949906 -0.9922615145472502 0.01986137319685121 11.534155277852241 -0.005494331976069626 0.020690356187599387 0.9997708344800669 -6.12019804897288
-0.9927511445612055 0.12006958202505438 -0.005334833150962149 52.55359322678237 -0.12012990261471565 -0.9926733881988781 0.01297500903793799 11.39412057084509 -0.0037378429874848117 0.01352182805999578 0.9999015895055496 -6.230864844032418
-0.9935005398512278 0.1138250650923969 -0.0007292955733839427 51.90288942800315 -0.11381619224838446 -0.99329240143974 0.020398029908572732 11.149337286911093 0.001597403330654064 0.020348459371254544 0.999791672551747 -6.448903775498609
-0.9927508481015423 0.12018641592582797 -0.000989454686976478 51.832845350470926 -0.12016666592367276 -0.9923565405732415 0.028079686292713176 11.434704924581464 0.0023929050256208057 0.02799503185233271 0.9996051981643206 -6.134825535830368
-0.992834345638378 0.11930391477282937 -0.0068218795573703845 51.69285489600536 -0.11936997852439764 -0.9927966906331832 0.010273231959054779 11.211219574206366 -0.005547102658370899 0.011013945145918658 0.9999239584410515 -6.23990137528117
-0.9927765691315447 0.11997664766715294 -0.0005364680340440945 50.40971124900761 -0.11996501184715982 -0.9925950357381701 0.019065438900061057 11.30348400044928 0.0017549119381078358 0.018992078414249363 0.9998180940759193 -6.544577595135805
-0.9934074637191664 0.11453642165262624 -0.004797826807269485 50.13254034277249 -0.11460763533935965 -0.9932290340827522 0.019004625146744794 11.173192851864854 -0.0025886191263229342 0.019429204051110042 0.999807884086221 -6.202018827529654
-0.9932142760750049 0.11629649398638003 0.0007261454980533313 50.05837929178612 -0.11628295160582318 -0.9931628514123196 0.0102871638650843 11.065361611774719 0.0019175418239595868 0.010132919669315614 0.999946822072221 -6.526671443217412
-0.9930564250959154 0.1176037363205253 -0.0028805866024963415 49.778046287138 -0.1176265105570951 -0.9930101244124254 0.009741500324824516 11.183060988154361 -0.0017148148249586826 0.010012692838050077 0.9999484013649184 -6.270001338169971
-0.9934301709186352 0.11441113690183286 -0.002566566071981018 49.43291989238324 -0.11443468619921233 -0.9933493802780351 0.01271657562902888 11.092268094833795 -0.0010945789418295927 0.012926734083702585 0.9999158471805859 -6.175830668257658
-0.9938022891445856 0.1111620505186862 -9.281952665484801e-05 49.01243093458978 -0.11115741037844304 -0.9937524518485067 0.010004727034703743 10.906012994934118 0.0010199063398646955 0.009953038207570736 0.9999499471581089 -6.39294156764132
-0.9940122851901484 0.1092681329424998 0.00022806648950817848 48.67412491959507 -0.10925810734694683 -0.9939453595098579 0.011631349353679885 10.998513760561194 0.0014976214563849355 0.01153678603790334 0.9999323275591664 -6.164526097397903
-0.9937179883170995 0.11191187408188649 -0.0005404946845844768 48.640758502493334 -0.11190583651743496 -0.9935858776365297 0.016253846147328943 10.967946977142246 0.0012819704978454807 0.016212223805750953 0.9998677514306183 -6.095257301465082
-0.9936386572634447 0.11235596749665488 0.00763906797973867 48.38038631163523 -0.11229761789650389 -0.9936449233231719 0.007681885762246214 10.848237734073127 0.008453626824003907 0.006775169516975364 0.999941314913799 -6.158328757436295
-0.9954768918262639 0.09421244220272765 0.012238201425209256 47.516611553155705 -0.09399394912058746 -0.9954216259668869 0.017347163634405825 10.490921918676126 0.0138164890128798 0.016118383654691225 0.9997746257730901 -6.257293669315666
-0.9944335982762955 0.10478330675020893 0.011057904220681898 47.56835753488648 -0.10456351665291953 -0.9943391600581355 0.018870764691794543 10.633749531957818 0.012972648320107551 0.017609469082560822 0.999760779883965 -6.200775523204453
-0.9946549076817042 0.1020985625979594 0.015410974665334148 47.0434718261057 -0.10188195381063979 -0.9946945301730705 0.014242862475620188 10.56411178247912 0.01678338799028495 0.012596632851780698 0.9997797971195326 -6.06075575785096
-0.9940619239099777 0.10828013323914648 0.010784441483338585 47.361727493687695 -0.10806404826770051 -0.9939636666988891 0.018931211120631022 10.803436939800315 0.012769217062599243 0.017653385743524735 0.9997626243601024 -5.758265068609143
-0.9939533753508953 0.10708562563577197 0.02427666391329434 47.00064861021002 -0.10703383908910741 -0.9942494742928364 0.003426391435046155 10.689229455345274 0.024503977603871796 0.0008072487932216898 0.999699406537272 -6.230943885202855
-0.9939908052711655 0.1062337189948872 0.026394620378007466 46.42584630486292 -0.10635039549712388 -0.9943240287665333 -0.0030527356744651513 10.71522819315839 0.02592050180821679 -0.005841469507539078 0.9996469400843502 -6.332479124888828
-0.9941309669008183 0.10467607297002714 0.027322891435898108 46.21063034978 -0.10487783685154349 -0.994466679666982 -0.0060549458681904865 10.64319502283567 0.026537897169630745 -0.008884974940802783 0.999608321911196 -6.362619060157202
-0.9943511659257082 0.10210413653778816 0.028991449154247208 46.21317735210712 -0.10234344872229562 -0.9947252587010902 -0.00689044306842894 10.445613539215097 0.02813498402021322 -0.009818604988739684 0.9995559102272679 -6.449823131526312
-0.9936144976099034 0.1093876600678479 0.027650858292316526 45.92296566618981 -0.10963677011348633 -0.9939422413341098 -0.0076550330378270335 10.685907597362958 0.026645989914126946 -0.010637702600102978 0.9995883305165648 -6.381237274539009
-0.9938999495457341 0.10525507210985477 0.03292810483678672 45.815430374684524 -0.1056850769134667 -0.9943320106549095 -0.011598150920084661 10.576266919707427 0.03152070447798306 -0.015007410906586263 0.9993904256130843 -6.577260166299014
-0.993951991566947 0.10436827998735967 0.03415699917425794 46.01774065379436 -0.10471824724043345 -0.9944645924595557 -0.008617600544797604 10.394369562373235 0.03306852211699082 -0.01214234230855108 0.9993793255657593 -6.6659346589716835
-0.993884117327925 0.10529794901759058 0.033267149802471516 45.61089299662499 -0.10566748361818858 -0.994355684524689 -0.009547542052146302 10.629517777600846 0.032074042917771654 -0.013004406411925205 0.9994008911266714 -6.421478605348833
-0.9925396626252513 0.11563742880480946 0.03863939925997261 45.34800787864411 -0.11625362204370662 -0.9931195742597783 -0.014092784813550937 11.43595800693075 0.03674389034217885 -0.01847961800185674 0.9991538371247127 -6.498913816643088
-0.9931140521677888 0.11173167623644595 0.03522090163906081 45.414444421985195 -0.11233919376982646 -0.9935448777950712 -0.015763291227601128 11.13155859227406 0.033232287462949615 -0.01961143372052224 0.999255226024573 -6.25291700612938
-0.9932297207663152 0.111271114316587 0.03336856162946757 45.4943155284424 -0.11146112262608031 -0.9937612074882027 -0.003883379266761412 10.568949522842024 0.032728274158717596 -0.007576385044393102 0.9994355699394848 -6.256237946176901
-0.9924983524072978 0.11795530503455161 0.03214912880636342 45.35244773522172 -0.1182002903484566 -0.9929727021760107 -0.005822722285357758 10.586736766292313 0.031236386320158373 -0.009579078634105022 0.9994661221983401 -6.253809521917222
-0.9923688207859169 0.12033567418753202 0.026897008194313624 45.41676688394101 -0.12034194319959249 -0.9927315249616853 0.001391421646183561 10.565211639673164 0.026868945623520296 -0.0018560347741198213 0.9996372416511923 -6.164330054380556
-0.992300992915647 0.1226526779774926 0.01717731188437429 45.35719046180859 -0.12248711601230652 -0.992415781004048 0.010383834798144411 10.497245422856224 0.018320640534949726 0.0081998901869098 0.9997985376721225 -6.186946334000461
-0.99253653933231 0.12101050912113033 0.015088895668377646 45.262757942196245 -0.12092345306382157 -0.9926401745343556 0.0065576214842737466 10.493255333907365 0.015771385144224583 0.004684077567112218 0.9998646522544832 -6.294772868878926
-0.9925386484652343 0.121308611414297 0.0122984592344228 45.26344579156447 -0.12119483022124838 -0.9925821975791255 0.009612188961774255 10.467263069633212 0.013373272989345233 0.008049959362013014 0.9998781694405715 -6.199813579873393
-0.9925954557686093 0.12109898193576371 0.009449749289245517 45.25174291864747 -0.12103204887731056 -0.9926213008458055 0.007361810357743105 10.472976680910424 0.010271530171684374 0.006163576989471746 0.9999282504193138 -6.248197655004838
-0.992414721644538 0.12291094921925846 0.0024328635840199053 45.21153352157193 -0.12282537032952677 -0.9921710100374999 0.022596797219641022 10.55083936406741 0.005191210515021508 0.02212657685211962 0.9997416996055567 -5.93416214147175
-0.9921677141447506 0.12491284441606904 -9.115193485581885e-05 45.09005299504367 -0.12489905587060907 -0.9920468098521804 0.015599772586389529 10.574626006887005 0.0018581849798242082 0.015488975498820298 0.999878311989309 -6.2187445130196775
-0.9922283826846199 0.12437177322117586 -0.0038077054611992053 44.890872175560254 -0.12442299329643401 -0.9920333068389431 0.01971894676052745 10.651752548143685 -0.001324890265481345 0.02003946476351586 0.9997983119198504 -6.247852569730394
-0.9920772532161718 0.12534386206012693 -0.008464035379662485 44.83439745266577 -0.1255260028511498 -0.9917408535703626 0.02633062794052324 10.958119683958987 -0.00509374707554278 0.02718447357189099 0.9996174558986829 -6.201623044333435
-0.9917957592208446 0.12763795428806002 -0.0070515683865595875 44.65558808724878 -0.12778969443134439 -0.9913822920422667 0.02882611701511696 11.02329595935574 -0.0033114934236824385 0.029490738379776893 0.9995595681904736 -6.163113104613534
-0.9920239591719733 0.12602364524154738 -0.0025505428439147417 44.47955169089525 -0.1260489698450504 -0.9917610733063771 0.022839235433495867 10.400399409265155 0.0003487545954642875 0.022978562057218342 0.9997358971528564 -6.344174122378878
-0.9919669368898608 0.12633273506750492 -0.006452609372456139 44.38174181195132 -0.1264644766304016 -0.9915815854446718 0.02779740199419627 10.545571395369533 -0.0028865668100974424 0.028390129576867026 0.9995927512115461 -6.318628641847153
-0.9919086064301006 0.12672022618260315 -0.007700699067464769 44.2817738272966 -0.12688687602491058 -0.991530850716774 0.027681993597183388 10.953520515311883 -0.004127612207656724 0.02843512534006761 0.9995871179964064 -6.228098868258867
-0.9922298228261174 0.1243411106188361 0.004389408220579601 44.41985156270297 -0.12430843635124601 -0.9922184758596605 0.007064617090765596 10.484489989305812 0.005233674269712003 0.006464083291897145 0.9999654115422372 -6.629546887558568
-0.9920515862719762 0.12574083086078175 -0.004784728801491398 44.1978938868471 -0.12582378691072602 -0.9917007437195245 0.026419870431006378 10.618276306496648 -0.0014229626517062762 0.026811907067324225 0.9996394834222568 -6.264926387457124
-0.9924872054302205 0.12234435260843407 0.0010032158964443495 44.05596914475535 -0.12232429803356248 -0.9924207693749314 0.011738084335242926 10.383237563114793 0.0024317006206570255 0.011527180838680831 0.9999306030590338 -6.404066061645417
-0.9924430603890738 0.12264305741028947 -0.003930948311051061 44.039754675949 -0.1227041737015661 -0.9920952115829431 0.026282635149566986 10.40552099057001 -0.0006764922648317217 0.026566362627296763 0.9996468230004915 -6.0695380165740795
-0.9922197948451115 0.1244301621916762 0.004124736898114443 44.054350544732216 -0.1243668539797484 -0.9921496528140543 0.013113048925819382 10.540845215120099 0.005724015086080679 0.012498046163457724 0.9999055127827783 -6.311072123355923
-0.9923200004564284 0.12368767596209707 0.0015412687161593108 44.01431155023224 -0.12364668644109002 -0.9921934696473296 0.016236247144353854 10.6531088698007 0.0035374604307764146 0.015920980004027342 0.9998669955396162 -6.264685103105523
-0.9921380384327156 0.12501848001564536 0.005700206089885763 43.940493638119385 -0.1249883379850977 -0.9921436783041633 0.005370006406492187 10.609132072637417 0.006326773475725004 0.004615328337160899 0.9999693348706923 -6.491801886442185
-0.9918447192839122 0.1274471853175633 -0.0011259588132076803 43.9216621234814 -0.12744327664510544 -0.9916325960921575 0.02056710007477678 10.976173862286348 0.001504681553640978 0.020542865480673637 0.9997878407998729 -6.00275613347744
-0.9913859150125225 0.13076951829049327 -0.007300726050005091 43.955640518545025 -0.1309261756983739 -0.990982329822292 0.028501903392270232 11.002597018938324 -0.0035077103334589903 0.029212241715692932 0.9995670767398077 -5.850412946337585
-0.9926001296639122 0.12111832839731829 0.008679465273106314 43.85885057173277 -0.12105663287266562 -0.9926186553998732 0.007314136291134848 10.234006755167174 0.009501275110233062 0.00620930578986243 0.9999355830716771 -6.3058980622732275
-0.9920069222519446 0.12606863975362112 -0.005381846792758456 44.013988780505684 -0.12615602731613976 -0.9917780907581379 0.021468010246776532 10.957677070198462 -0.0026311548868468686 0.021975367182776373 0.9997550501303559 -5.964886384540337
-0.9917277350932484 0.1282387541050778 0.005560700711024595 43.7902553109635 -0.12817703754664256 -0.9916976737584527 0.010313627288327132 10.584284270933342 0.006837140673349275 0.009515556087425778 0.999931351493575 -6.301427481547048
-0.9920944722703245 0.1254864776194228 0.0013046169333610354 43.942218569747325 -0.12546778288426255 -0.9920489331426343 0.009836142977073789 10.446298468069658 0.0025285467724546254 0.009594695681873254 0.9999507729213494 -6.200227445282051
-0.9925323299007305 0.12195404504780659 0.0026048029316143168 43.779990308961146 -0.12193079808227471 -0.9925084315170108 0.0077391114907300615 10.57630506673773 0.0035291048234379688 0.007363712658956921 0.9999666600217346 -6.146408441776816
-0.9920725481106726 0.1256497825363204 0.0020472991412529688 43.920281461987045 -0.12563174708840966 -0.9920497766496726 0.0073419869821528295 10.52699319596389 0.002953541723507136 0.007026577965651435 0.999970951474781 -6.3267524354798415
-0.9919761846416959 0.1263414906578767 0.00459095219477221 43.905761551685764 -0.12632078192084958 -0.9919790010749641 0.004552085370831475 10.488934334832498 0.005129245423505843 0.003935627607315782 0.999979100619972 -6.409148886813366
-0.9917039298114614 0.12850384817295477 -0.003174366275591659 43.81802141082826 -0.12853980351185373 -0.9915519563407477 0.017384958727777317 10.65230758602681 -0.0009135149938575535 0.017648764307285975 0.9998438311100325 -5.954987939761691
-0.9917533368474314 0.1281609322789716 0.000307065745030076 43.81197471997151 -0.1281458312634134 -0.9916680118778809 0.013160552723029387 10.709727401855687 0.0019911759831797472 0.013012672882671385 0.999913349027137 -6.1082526423614905
-0.9915730112921278 0.1294771839436382 -0.004315334876348509 43.79945394520284 -0.12954119006011822 -0.9913299615311665 0.021999714735162965 10.683825336193582 -0.0014294596454924027 0.022373337002903313 0.9997486636332588 -5.776985527411198
-0.9918099611441987 0.12762041248286077 -0.005102087107506173 43.96439471367915 -0.1277061501358149 -0.9915289348466165 0.023696214453493118 10.682223031642922 -0.002034746332363135 0.024153709438540703 0.9997061859005028 -5.88559064602704
-0.9921474729270954 0.1248812231204117 0.006933402940194254 43.86282778858303 -0.12486842560846653 -0.9921707568790618 0.0022506621454463534 10.3300646427996 0.00716018508447419 0.001367225650766073 0.9999734308688305 -6.487349694924886
-0.9920928305651797 0.12547921742160345 0.0026041383292431408 43.96139248144729 -0.12546564480721167 -0.9920861221826741 0.004847488592747047 10.380882272244481 0.003191788571764114 0.004482428784465006 0.9999848600443488 -6.178101685928877
-0.9920805268874919 0.12542922744087692 0.006613401108632734 43.897282834263706 -0.12540719677885212 -0.9920986460941312 0.0036484810894362994 10.36833845662345 0.007018772450332637 0.0027902189473392163 0.9999714753489308 -6.404631655724697
-0.9919598165536154 0.1265136509259517 -0.0031651970407501956 43.86325203372542 -0.1265512732928372 -0.9917735146735913 0.019237224850652327 10.523507644704019 -0.000705387044199789 0.019483113749583357 0.9998099372919529 -6.002117104250823
-0.9920819063646493 0.12536451720358005 0.0075649778719345424 43.78829778971446 -0.12531680698431474 -0.9920955908237429 0.00648356039129732 10.39479199134782 0.008317989609640654 0.005484204081210686 0.999950366045464 -6.400977563456136
-0.9918063201311146 0.1276239621181898 0.00568749867993579 43.946335796666006 -0.12759792990775476 -0.9918147085037259 0.004727819679679512 10.905243698694065 0.006244327925056899 0.003963368380833432 0.9999726496659012 -6.245617884964131
-0.9924474970661693 0.12243235627118768 0.007634376529127207 43.84185493126185 -0.12240770028727752 -0.9924733030773244 0.003619059155403376 10.331027602105465 0.008020004830679741 0.0026572197264568558 0.9999643087159883 -6.418220178103135
-0.9920749139033285 0.1256249665444876 -0.00239436513553343 43.884469174882746 -0.12564777351063322 -0.9918875594429193 0.019279689680907666 10.677349100531224 4.706938045265509e-05 0.0194277431285206 0.9998112624797799 -6.0180472035376695
-0.9923414690539927 0.12347660033516182 0.003455136094984502 43.73547315615871 -0.12344604167541533 -0.9923191945836523 0.007980655081212016 10.4427277997061 0.004414022024827568 0.0074930121129274455 0.9999621848745271 -6.306476200739042
-0.9924696555658269 0.1224656515356157 0.0024793093814024854 43.95902138337728 -0.12241202590885102 -0.9923541862619346 0.015762770102617955 10.375527290413965 0.004390750954296529 0.01534057373027621 0.9998726859474076 -6.013986091529521
-0.9925047668348222 0.12188055092214789 0.00891174040635527 43.60978663067579 -0.12181735151773763 -0.9925255235794285 0.007322425321206137 10.474277755863335 0.009737591045056612 0.006181937422373281 0.9999334792726694 -6.301607560287029
-0.9921253679861911 0.12508888243657304 0.006326585891206571 44.002368144784995 -0.12500164399907618 -0.9920753544666965 0.012691731848233502 10.454492772272593 0.007864044493663007 0.011800955493008455 0.9998994420708787 -6.340807776140642
