-0.9933267339139424 0.08668666564041079 -0.07607510559973368 130.6212975831415 -0.0906470187383518 -0.9946148670205744 0.0502432512433077 8.290447609159099 -0.07131001111843929 0.05680394618155356 0.9958354251644701 0.22690785897465604
-0.9954110341452458 0.07697112919383094 -0.056853481621882467 128.9724940943319 -0.07974050722457672 -0.9956514959038604 0.04816170898105825 7.1785733656967 -0.05289919289999296 0.052474222005049476 0.9972202020694863 -1.5748263601246955
-0.9964877222847619 0.06396329733936772 -0.05404549869520864 128.16164587737003 -0.06654017481598071 -0.9966616810551744 0.04730643351329108 6.229750954047861 -0.05083920211015592 0.05073647711227075 0.997417257429935 -1.6923212138261248
-0.9972907504123701 0.05652787080676131 -0.04707184895447123 127.19682975661696 -0.0589294570238237 -0.9969432082911533 0.051298718668461286 5.747376854750502 -0.044028152775423594 0.05393365613605692 0.9975733970485515 -2.294502282790078
-0.996637468073447 0.062462882040432016 -0.05302966716242167 126.1128810186122 -0.0651992704267622 -0.9965402492210081 0.051542087834637026 5.989464087935841 -0.049626730377614094 0.054826271528695555 0.9972618851546947 -1.9584346410170543
-0.9967356549133837 0.06327430236727594 -0.05014376216768843 124.97792400105848 -0.06589783355729954 -0.9964433282537333 0.05251827406800521 6.138196577774389 -0.04664236011234858 0.055651201591356746 0.9973602328169067 -2.2942196346074617
-0.9970941208593613 0.056303560385465225 -0.051314941641006376 123.39686996273159 -0.05894825362106994 -0.9969280538906738 0.05157091002475585 5.717974411456101 -0.048253679058969594 0.05444597738745532 0.9973500980115274 -2.211702213969588
-0.9971939590382348 0.05683734704098964 -0.048720878881687295 122.26058529342149 -0.05936454941922667 -0.996876029343682 0.05209637599903397 5.271581521669148 -0.04560765648347567 0.05484248445614088 0.9974528778688098 -2.4795194897358117
-0.9971986278988646 0.05632485474361023 -0.04921795662905236 121.29113048175765 -0.05875798673695996 -0.9970456226815884 0.04947246998186649 5.437183224929082 -0.04628601852879247 0.0522258272275149 0.9975620619586314 -2.373241827627618
-0.9961753573307246 0.067236393553844 -0.055802552171726603 120.258962164077 -0.0699831169618556 -0.9963528302263738 0.048820088490285345 6.059235480527821 -0.0523165441070883 0.05253860563213147 0.9972475490724099 -1.9451387509426241
-0.9963965057460956 0.06635328593737233 -0.052832232418223074 119.03189643621761 -0.0689083223188553 -0.9964625633455702 0.04810408471205158 5.672338607430801 -0.049453477655076836 0.05157132241950162 0.9974441098386051 -2.4474323879512188
-0.9962222601587608 0.0630861515920713 -0.05967701267223902 118.01622081934808 -0.06600380174111202 -0.9966520329766534 0.04825166649176511 5.820953331345807 -0.0564332040548907 0.05200829396177299 0.9970508667261141 -1.9912445408756432
-0.9966493218848281 0.04707320874643568 -0.06688977653451174 116.78361646913089 -0.04998030051678075 -0.9978467031872053 0.04247265589390794 5.550191730526316 -0.06474641879498162 0.04567351482800583 0.9968559731959702 -1.4547885501889355
-0.9966406933409412 0.05155138679751528 -0.06363790455497906 115.6739478554103 -0.05440945772100636 -0.9975476596443453 0.04402587476248221 5.590836496462193 -0.061212247854509745 0.047340482225558915 0.9970014741489905 -1.752489588603721
-0.9930096169904608 0.11707081318519597 -0.015044110629194973 110.18111468189802 -0.11773269012993184 -0.9914943172700927 0.05548001888866406 17.41025772308093 -0.008421059270403547 0.056863375922242984 0.9983464540125845 -4.792129221857877
-0.9931174615248988 0.11651613691758878 -0.011903673892560723 109.11202840853076 -0.11697214056447319 -0.9918558745213779 0.050392881532930416 17.312440648908805 -0.0059351449943604445 0.05143844880270318 0.9986585302487889 -4.7912754206849995
-0.9930928466552222 0.11642274616389321 -0.014571962732985617 107.93133049659895 -0.1170238692481666 -0.9918058948530049 0.051249204491662224 17.20237624228177 -0.008485985412519206 0.05260048583899434 0.9985795796735932 -4.756613225309885
-0.9932191742543698 0.11434719117879066 -0.020985513169671708 106.75575417740137 -0.11530656148223584 -0.9919514607618053 0.052313443508044816 17.022926791640423 -0.014834715117456666 0.05437848252799781 0.9984101921882339 -4.5993054723341045
-0.9933634214380833 0.11307076650503609 -0.021074029296684768 105.72194324561475 -0.11404553109455624 -0.9920655452233732 0.0529109706773348 16.94218634459572 -0.01492413435325722 0.05496322172708993 0.9983768399112615 -4.665931182924806
-0.9936164861986005 0.10916516228031088 -0.028447244131317856 104.52647949868046 -0.11059871102238863 -0.9923448288076435 0.054951486412293506 16.783486211963474 -0.022230687675799513 0.05774693137343598 0.9980837081339501 -4.4865499744617505
-0.9937360936617238 0.10840280461903376 -0.027155259245075537 103.46719667213965 -0.10974516620675648 -0.9924855264634799 0.05411541605460177 16.649172981520984 -0.021084938894656333 0.0567566005962172 0.9981653738938135 -4.525335252563436
-0.9934958115740519 0.11091266096897796 -0.025777005675636323 102.52666696859833 -0.11218331828398839 -0.9921857724670761 0.05461040205589482 16.65009365698308 -0.01951859327956455 0.05714695574302451 0.9981749595966134 -4.504891033447451
-0.9934654493992394 0.11113583082454809 -0.025985148775939396 101.4283157294824 -0.11243783583026104 -0.9921012849399475 0.05561270982709055 16.574586882282482 -0.019599334778927113 0.05817101965277399 0.9981142211935407 -4.494224361638022
-0.9932069087961973 0.11323537459465802 -0.02679153336247163 100.51618835643306 -0.11456437809068791 -0.9919047487522556 0.05477200631181401 16.51365652920753 -0.020372520516570937 0.057469290435290026 0.998139389596799 -4.411350603517462
-0.9932552657382183 0.1127545258522183 -0.027025802174104253 99.66618145299579 -0.11400549805763914 -0.9922024986894008 0.05036812491200167 16.488894531536182 -0.021135834403713607 0.05310949533147165 0.9983649923798945 -4.392467047631311
-0.9934052535899681 0.11112989399659984 -0.02821610887701946 98.52864189588271 -0.11243955677215402 -0.9923954264619771 0.050086561173922274 16.372816859016318 -0.022435423168195242 0.05292885978039654 0.9983462263110993 -4.386801476803258
-0.9938493666857704 0.10736963850170238 -0.027114517630057844 97.46383242280257 -0.10858389970233542 -0.9929183689156845 0.04819387300533181 16.1799953278459 -0.02174794389659323 0.05084165022730281 0.9984699061756644 -4.425085321479744
-0.9932772813942612 0.11176507718371548 -0.0301464722338374 96.32208693453198 -0.11321651679619717 -0.9922226372667384 0.05173256633860126 16.258147842276543 -0.02413011791440126 0.054797861432362496 0.9982058564203496 -4.320005864325044
-0.9933034866232846 0.11291449465406299 -0.024464266983634294 95.41177411789536 -0.1139972525724984 -0.9922895587122464 0.04864214300973796 16.262588135671344 -0.01878323369257386 0.051105269470735536 0.99851662057493 -4.537728154536932
-0.9930837766410746 0.11471306494660177 -0.025010503850574264 94.55972596605858 -0.11575628707365891 -0.9922456173184607 0.04526717260033451 16.127170173576744 -0.01962382672220763 0.04784921778738744 0.9986617834792287 -4.598803657913958
-0.9932647489284456 0.11261171852345753 -0.027271585713255136 93.51784751015813 -0.1137669367035515 -0.9924719859625504 0.04534800097744085 16.022409489937875 -0.02195956851150918 0.048145175570909825 0.9985989282089407 -4.530069247596351
-0.9935574000439399 0.11110358126370626 -0.022353680867152493 92.77218856753223 -0.11198908991725558 -0.9927659570082905 0.043292012484102776 15.814239199947947 -0.0173820757516397 0.045516467742988 0.9988123520495595 -4.686315779711921
-0.993460870676018 0.11128577335081873 -0.025514213398890154 91.56342451421426 -0.1123380403054497 -0.9926781976355457 0.044386491631813275 15.828740492206153 -0.020387818323322926 0.04696245935596117 0.9986885722162132 -4.599011212180273
-0.9938896323223196 0.10721893455931442 -0.026220198972803428 90.3581407057368 -0.10824970712984719 -0.9932491429760677 0.041691016821513126 15.645982688130118 -0.021573123754101912 0.044274598239569536 0.9987864437817624 -4.62850328828524
-0.9938799192609182 0.10725143799813791 -0.026454397313950512 89.47738357626858 -0.10826832679529862 -0.9932929766126947 0.04058364233086228 15.56819220897094 -0.021924313053281772 0.04319944049667085 0.9988258771367104 -4.633881065407735
-0.9938407217833519 0.10787603978352699 -0.02536493181086777 88.49331250760335 -0.10879347823517539 -0.9933338752228337 0.03810238087419559 15.463887376719196 -0.0210855120554204 0.040627236866576974 0.9989518651095981 -4.691896464055164
-0.9938664418482264 0.10695966464479675 -0.02809138492531204 87.57502631744701 -0.10798655091154777 -0.9934254576472011 0.03801006341324744 15.366891708218512 -0.023841153289563415 0.04081041824736281 0.9988824301049158 -4.652810598234058
-0.9934072187187287 0.10998233118325951 -0.03234168556235114 86.85423247207939 -0.11129184907435048 -0.9929023981206235 0.04193986332743234 15.477128413472576 -0.027499493215863455 0.04526272896996369 0.9985965467790616 -4.505508070487357
-0.9939087377333116 0.10542744403551599 -0.03210101402626328 85.49380443960314 -0.10673697419263245 -0.9933891399953243 0.042252039945460694 15.320472517260809 -0.027434274139791076 0.04542103679452885 0.9985911525839479 -4.558800505214718
-0.9933707716362836 0.10933507027502257 -0.03550144316360413 84.4531162792237 -0.11085483839437918 -0.9928574341422074 0.044105785029951404 15.452372267976148 -0.03042556266197676 0.047748904453495306 0.9983958770248398 -4.474005803513655
-0.9930529870445818 0.11194189087468139 -0.03625986747408497 83.66003468669032 -0.11351567074355177 -0.9925293469422249 0.04471787063448686 15.535890293773292 -0.030983179589551418 0.04852327818524342 0.998341391537327 -4.469438468804774
-0.9927263911209543 0.11408434882050607 -0.038458727568266245 82.82090778881872 -0.11586781032910341 -0.9921108132830789 0.04786214262160017 15.507755635446356 -0.03269499811144558 0.051970140667436056 0.9981132909532405 -4.405182485927252
-0.9926508714013946 0.11464463112101984 -0.03874088358805321 81.98034645412235 -0.1164822032834778 -0.991979882830218 0.04906942406812468 15.482764442889582 -0.03280463114080509 0.053221430037873475 0.9980437543316649 -4.390339449708079
-0.9928568856947726 0.11263652164684267 -0.039347408044012766 81.5521316333342 -0.11454565624425596 -0.9921487858193482 0.05020039275512619 15.306602567586287 -0.03338408549076291 0.054348880287420756 0.9979637779235561 -4.337049011643652
-0.9931256255521898 0.11073162236401127 -0.03794732770839477 80.81867445371101 -0.1125069075686291 -0.9924731779783114 0.04836513974938325 15.179614825781837 -0.032306154536223666 0.052301996159490084 0.9981086181257145 -4.378471575356913
-0.9933354763609333 0.10866607926082396 -0.038422839833555225 79.75852314145052 -0.11049177289736489 -0.9926634824498239 0.049099681593543214 15.023901925539509 -0.03280548010306353 0.05301786329785339 0.9980545609567387 -4.396480695824217
-0.9932674820288637 0.10842240091551561 -0.040795736588018106 78.93571936872348 -0.11031116222139967 -0.9927706253512757 0.047306795801534074 14.860499561499791 -0.035371692543730175 0.05148852706534556 0.9980469803307079 -4.345462101969974
-0.9931005545441685 0.10949546718833494 -0.041976555710083546 78.22831278103176 -0.11139663754108317 -0.9927110734052702 0.04599471581711353 14.780648867859258 -0.03663437878022372 0.05035342494573604 0.9980593443716808 -4.313651703265615
-0.9929990763360843 0.1107228198155805 -0.04114962415114152 77.29354408404882 -0.11256887107730812 -0.9925954896936608 0.04563379344508952 14.674911198158467 -0.03579222904589026 0.049946481476634795 0.9981103472703036 -4.354303985934097
-0.9929893105874552 0.11066277461283863 -0.0415449079196094 76.42825144416253 -0.1125559734069416 -0.9925619534794912 0.046388806358882144 14.602331186234982 -0.03610238093916131 0.050739716396274434 0.9980591662173941 -4.374340831328708
-0.9928950458024042 0.11051900724351603 -0.04410189405172032 75.77050085933747 -0.11259713835575873 -0.9924902936363219 0.04780064300591385 14.58975253635137 -0.03848782216669467 0.052426768693033886 0.9978828195080209 -4.359806258439382
-0.9931598726013715 0.10873612946326244 -0.04254317340978437 75.16637253387148 -0.11067433044715738 -0.9927817062137015 0.04621337887970576 14.469115761029153 -0.03721102033671286 0.050605710712872815 0.998025251187939 -4.4174976337090435
-0.993373472534949 0.10670324530539768 -0.04270317909894104 74.51037877931446 -0.10863963469643073 -0.9930196139675761 0.045929032743068185 14.37341651249119 -0.03750431757659543 0.05026394052383813 0.9980315438131928 -4.427992883182695
-0.9931923031647526 0.10818995123600635 -0.043173873880466423 73.54420793268585 -0.11020150098859059 -0.9927831277914831 0.047300003725364 14.319022075406487 -0.03774490845341464 0.05173582534481519 0.9979472562524259 -4.47419136039493
-0.9922710987479093 0.11541686875250919 -0.04557425805200826 72.31787758403574 -0.11762770869294822 -0.9918364169048316 0.04923661492258675 14.237089147533895 -0.039519472887062056 0.05421686553790151 0.9977468329962175 -4.466171279475379
-0.9926975534814296 0.11274067950904167 -0.04290811689913108 71.87073575159252 -0.11480354310563572 -0.9921740033640012 0.049100850695764975 14.136593081104884 -0.03703665484870876 0.053668298207553644 0.9978717352270969 -4.551475738338206
-0.9929492042891251 0.1111033622165381 -0.04132699608949941 71.17695954449768 -0.11307700177089632 -0.9923796550290411 0.04895111801536955 14.025592604596085 -0.035573436326917694 0.05327910649242209 0.9979458238999137 -4.647890435735651
-0.9938409360555479 0.10677479737601092 -0.029653607968556765 70.37057884483333 -0.10813654848854426 -0.9929320933396152 0.0489116028893735 13.295107319635111 -0.02422149254744239 0.051816992015503965 0.9983628191380413 -5.035351677304163
-0.994078081103805 0.10474672194914675 -0.028929101436029194 69.91216551276545 -0.10608196935278491 -0.9931345518050855 0.04929886194586546 13.199822416035369 -0.023566596004141606 0.052075774135687355 0.9983650280839006 -5.066669704085096
-0.9940518548035027 0.10484708875926049 -0.0294618047719854 69.27376028778731 -0.10622077977525858 -0.9930974528743927 0.049745301670932544 13.164602224170265 -0.02404279321649292 0.05257886527021698 0.9983273045556021 -5.093455309460604
-0.9941504030842128 0.10406214198068874 -0.028914471357651135 68.74043352229876 -0.10537541308347996 -0.9932551767718893 0.04837536700978915 13.113366288039705 -0.02368540404946897 0.05113926497553149 0.9984106255508228 -5.090933562560165
-0.9940628269386728 0.10470269684758063 -0.029604752516099463 68.10835272905959 -0.10601105556624509 -0.9932652460206436 0.04675261645387744 13.100360511711353 -0.02451024676388219 0.04961346914292991 0.9984677017726655 -5.087794062107697
-0.993137354055091 0.1103488456928117 -0.03874697710432623 67.05092697457548 -0.11212569829880194 -0.9925750444783705 0.04714455281125529 13.482334400274253 -0.03325693553930301 0.05116554830187064 0.9981362947541342 -4.8723511652314855
-0.9927304906282047 0.11226867958576309 -0.043381062241049526 66.33587594797866 -0.11437578677143381 -0.992198835473961 0.049594861473090945 13.516786297715045 -0.03747468982536989 0.05419607428761979 0.9978268552982128 -4.801623612930301
-0.9926364033738757 0.11276924173310107 -0.04422746675903949 65.78047026500428 -0.1149269141238987 -0.9921288508548245 0.049720697012897275 13.415577587703526 -0.038272380471279975 0.054437500130258006 0.9977834351564666 -4.7993768186638315
-0.9926649113623452 0.11203665813645483 -0.04543303845884299 65.2784704789068 -0.11424675135068584 -0.9922247300422535 0.04937372680272429 13.382616732424871 -0.03954811696910525 0.05420214318816851 0.9977464979232025 -4.819361485955096
-0.9926671530182932 0.11210520753701404 -0.04521444195873694 64.683140321863 -0.11426750370790338 -0.9922671842277581 0.04846413829921314 13.245087591422152 -0.03943172472668935 0.053275299603135415 0.99780102301876 -4.862590061135061
-0.9931763499069134 0.10764052111431514 -0.044880465681968525 64.32544250636923 -0.109746989106042 -0.9928260839565779 0.047454877490207374 13.116714256414067 -0.03945042924671442 0.05205655798927684 0.9978646092544686 -4.884041995891706
-0.9933026898664729 0.10711291105502252 -0.04331963283958149 63.85231419979533 -0.10903698440752248 -0.993027724395634 0.04479815412437503 13.108454527598777 -0.038219135722190295 0.04922156912326336 0.9980563785667126 -4.947768101927848
-0.9933644076102097 0.10860747285475995 -0.037836100926507264 62.868536322726314 -0.11021712569535959 -0.9929583948079582 0.04342592985600811 12.885984942783324 -0.03285329354374734 0.04730795937797511 0.9983399311270851 -5.1148698289735215
-0.9931668567814171 0.11158048353663774 -0.03419634899608684 61.98894132764797 -0.11302307316690312 -0.9926336676254779 0.043636989221397283 12.782609009796692 -0.029075410965979816 0.04720378787904501 0.9984620287657613 -5.250124334012232
-0.993010149312744 0.11371939297088636 -0.031602895820118874 60.970008188213114 -0.11508233621728808 -0.9923225056611641 0.0453001175398708 12.48494814397879 -0.02620876289822512 0.048620411564362594 0.9984734129292923 -5.400363675475764
-0.9930980897326682 0.11313378340300294 -0.03093430494223568 60.52239361125398 -0.11447736288253556 -0.9923696437549452 0.04579763685125035 12.386684726362832 -0.02551700524743419 0.04902282332363809 0.9984716546986185 -5.4183460334537275
-0.9930005126320065 0.113732345372656 -0.03185805280631524 60.33866530146134 -0.11512342059128809 -0.9922904474768264 0.04589407235801998 12.342134986225226 -0.026392800986938983 0.049240445390724884 0.9984381796555059 -5.398330921756775
-0.992592429308013 0.11744187906689466 -0.031107464082716314 60.15348105415966 -0.11875575520003946 -0.9919290231643669 0.04442840995420023 12.252951151647284 -0.025638640511713735 0.04779349375623279 0.9985281378445428 -5.42482864354517
-0.9929259929392901 0.11511721656773513 -0.02908606187216071 59.764291453719494 -0.11631891330669132 -0.9922501817298394 0.043697680307593925 12.17966831511237 -0.02383029485097963 0.04677182171790192 0.9986213064723394 -5.460330625076167
-0.9928665373794906 0.11589176577721201 -0.02802030651345634 59.45511312776211 -0.11701663737487172 -0.9922185044742321 0.042538758284658224 12.162782040609642 -0.02287237481211211 0.045514151688929506 0.9987018155918761 -5.488838284049384
-0.993001342314747 0.11480736346084378 -0.027705657477982995 59.268665343236165 -0.11591878792875483 -0.9923470554885092 0.04254592892883777 12.168031741641844 -0.02260904169233723 0.04545977076998046 0.9987102885598526 -5.4959951327941745
-0.9930384856149786 0.1145408370309537 -0.02747658530025995 58.959378403504516 -0.11564295017928945 -0.992377461117525 0.04258735422362413 12.148157303291391 -0.022389152760743436 0.04546835512955129 0.9987148514568485 -5.5062834751929755
-0.9929324743409792 0.11539927317268678 -0.027714782162655608 58.25654136309944 -0.11654329156363637 -0.9922108871904174 0.04399109605730572 12.058333435675126 -0.022422368086814713 0.04691015979535708 0.9986474224256345 -5.511680075357162
-0.9928447782109137 0.11614286398643105 -0.027750342779011453 57.6524462723918 -0.11727419068355678 -0.9921518235349679 0.043376528857828014 11.963170852549355 -0.02249467890057836 0.04632055916400935 0.9986733175668107 -5.51486742027233
-0.9927227376591722 0.11712762825257443 -0.027976505042773266 57.1474692163885 -0.11828081503245702 -0.9920089244518381 0.04390834320686116 11.869909781341565 -0.022610062577083073 0.046897894492612356 0.9986437665966913 -5.510002463735273
-0.9926262126572442 0.11810688803645832 -0.02727572078045856 56.69082318677584 -0.1191945447808728 -0.9919628238355875 0.04245487748919392 11.867598240191116 -0.022042287545316758 0.04539294137292247 0.9987259976756894 -5.528069016507229
-0.9923798159465714 0.11994426538550086 -0.028207695811398672 56.01843306962599 -0.12108591957099148 -0.9917096076562218 0.04301458083020901 11.93883607758798 -0.02281449064746339 0.046102356593603476 0.9986761595897988 -5.5414374826312764
-0.9918011223912078 0.12496140645394808 -0.02674285924504226 54.146811760330934 -0.1260458111698516 -0.991062919933618 0.043666259505402635 12.306507281316486 -0.02104725896838718 0.046679070574626405 0.99868817819188 -5.667932139552848
-0.9917564767220637 0.1252403166967838 -0.027091584551909995 53.35510749524113 -0.1262949288983047 -0.9911227585646449 0.04153635022216719 12.397792198063804 -0.021649060358723698 0.04461547409695585 0.9987696319255484 -5.729459323338528
-0.9917031043996064 0.1257238124400576 -0.026804397208821617 53.150693639988205 -0.12672039376738356 -0.9911537756530504 0.039447874621416384 12.49194050148971 -0.02160774230756566 0.042517243493024034 0.9988620472708611 -5.737887927495525
-0.9916752166115065 0.12604980899770207 -0.026300388023358844 52.813357537120766 -0.12700973298196627 -0.9911447856141304 0.038736825860838105 12.503030191980383 -0.021184722948044563 0.04175475543655745 0.998903272550481 -5.761986013375231
-0.9918542735509664 0.12482650391638594 -0.02536619716678413 52.582548731603616 -0.12572654663069882 -0.9913491610031602 0.037678594064103635 12.456959783106843 -0.02044347110962558 0.04056087891480633 0.9989679071875452 -5.7869011050593855
-0.9918085290084347 0.1253342424253576 -0.024640808870576326 52.2970636939027 -0.12615692771464365 -0.9913827759793009 0.035279187649083936 12.489699192913102 -0.020006783243107364 0.03809880795036586 0.9990736756901564 -5.8216753976707
-0.9920131201165032 0.12375748818696722 -0.02437321551179556 52.11984073668368 -0.12453999658845956 -0.9916407820315385 0.033739422959394576 12.506103378747707 -0.0199939682524077 0.03650539041756785 0.9991334233744729 -5.843271350950684
-0.9918453796488041 0.1252567713269378 -0.023526242923100883 52.118408920118526 -0.12596272430688826 -0.9915379376662604 0.03139920785188054 12.49129237338302 -0.01939419899125692 0.03410658888381939 0.9992300063750117 -5.855229724356017
-0.9918736514998904 0.12515158623333547 -0.022885364833396288 51.98683862820012 -0.12580729723366096 -0.9916042377689253 0.0298924673032089 12.398629441757567 -0.0189521350522589 0.03252869659227063 0.9992910989671544 -5.868140788166388
-0.9918482541170486 0.12537812697389722 -0.022745682699750042 51.77519259031999 -0.1259980580964101 -0.9916283095407378 0.028245089366348147 12.353596486984602 -0.01901394648394002 0.030880754425638004 0.9993422080775011 -5.893440272593845
-0.9920801103066317 0.12336402182869255 -0.023629914350957355 51.51621432581436 -0.12399330511387777 -0.9919067544512096 0.027324910997263283 12.285104381779496 -0.020067760735084726 0.0300384518962169 0.9993472751685282 -5.92338692601349
-0.9922905338879698 0.12190392165206662 -0.022336746454719544 51.100371307408324 -0.12247996461969947 -0.9921159905648073 0.026542786823774627 12.22725208395963 -0.01892497352952602 0.029073960023730958 0.999398093967293 -5.950903299597018
-0.9924609841849225 0.12014194775224671 -0.024230296345614934 49.20640545259247 -0.12086582724391855 -0.9921839567671116 0.031023341834885032 11.96476348801553 -0.020313706588004923 0.033718071182333026 0.9992249221273531 -6.027373061403728
-0.992650711652192 0.1187659907203029 -0.02322076882079167 48.70990538743616 -0.11944487731006811 -0.9923742264551583 0.030435439078772022 11.928218839854226 -0.01942899742102932 0.03298536214383469 0.9992669713062026 -6.054095056356053
-0.9927851812300996 0.11775048747392251 -0.022636400543706258 48.39206165778244 -0.11841626820643736 -0.9924879178954333 0.03074606081513633 11.832231075473818 -0.018845990395384857 0.033204751636478486 0.9992708707426562 -6.087185589467688
-0.9933666315816003 0.11309544579095744 -0.02078834773574146 48.073108353933634 -0.11367281560176855 -0.9930925486759744 0.029080590733947115 11.703738496310923 -0.017355870862729616 0.0312507584806142 0.9993608776818312 -6.104211807811385
-0.9936350271290255 0.11087065722467583 -0.01992812657711276 47.75214984957901 -0.11141683538380726 -0.9933569306732803 0.028780150736594182 11.624275030167492 -0.016604868423517754 0.030817294656282905 0.9993870985232459 -6.124741565673874
-0.9931509165293415 0.11521178539279356 -0.019429397920073015 47.90132719745636 -0.11570928704427878 -0.9929218106197751 0.026788782862525545 12.036340313439261 -0.016205489459959414 0.028853466033653782 0.9994522798059029 -6.147702982639092
-0.9932659719425186 0.1141356475167084 -0.019893791670425 47.796190949675825 -0.11462223023665716 -0.9930862896446462 0.02532519803288827 12.145025205284295 -0.016865743880973436 0.02743492820790108 0.9994813011745523 -6.166524318131557
-0.9932250070046394 0.11426254606991039 -0.021169695941614473 47.69531526836166 -0.11476671350752056 -0.9930936730778697 0.02436304503539367 12.375023988216917 -0.018239707544839577 0.026627562005105788 0.9994790072884752 -6.176610257989709
-0.9931912579168652 0.114784761351695 -0.019889287542684472 47.447841578441704 -0.11520876579535833 -0.9931048684969928 0.021671650871464953 12.427382114594655 -0.017264573016197944 0.023815514460506924 0.999567284273332 -6.217752480574883
-0.9929829830772947 0.11686667280762411 -0.01808248063171628 47.044898916390295 -0.11721424926398702 -0.9929146246418167 0.019528644138294513 12.508596287793731 -0.015672111804146897 0.02151113570397574 0.9996457652350275 -6.257932785310378
-0.9925381728126746 0.12086504556736709 -0.016112612130797017 46.71193162398844 -0.12116830063300545 -0.9924424036635776 0.019398926057016447 12.541658275234036 -0.013646187430547794 0.021206512453806566 0.9996819821313968 -6.282223008771093
-0.9925388963292505 0.12111085593501071 -0.014096093366808386 46.28151204193543 -0.12136213779519772 -0.9924341370899561 0.018593414110900403 12.569064281807002 -0.011737579959102597 0.020165418746182245 0.9997277554932142 -6.310551284696603
-0.9930848531158866 0.11660514826053985 -0.013627689126963499 45.96870801887004 -0.11682118144579165 -0.993019105219482 0.016305466405949712 12.687793688552148 -0.011631254335343443 0.017784714454926232 0.9997741834306131 -6.338938382490445
-0.9929960899084436 0.11764976140964169 -0.010830469371503108 46.11371498447537 -0.11776121572488164 -0.9929885116682364 0.010301056543089503 12.807892155251412 -0.009542614817315566 0.011504318109272913 0.9998882883439002 -6.364694176730539
-0.9921784821700931 0.12425574278715312 -0.011931885981603151 46.5296033721612 -0.1243658916609331 -0.9921957990929958 0.008978933879227513 12.975079223824531 -0.01072308304760299 0.010392624627096156 0.9998884982053351 -6.325474658399011
-0.9928973920620092 0.11846382786464714 -0.01100410487610563 45.906828064706104 -0.11856010587689987 -0.9929100591642565 0.008550772181442966 12.97012494966286 -0.009913129219771406 0.00979468723826265 0.9999028922705355 -6.341192427461087
-0.9937680430738239 0.11095789050873714 -0.01065002812586284 44.598650010137455 -0.11104287347029468 -0.9937854062546871 0.007748971975235663 12.913048914167971 -0.009724032943700955 0.008883290441299103 0.9999132614053347 -6.400732592950549
-0.9938914529064456 0.10984277845133836 -0.010693168922870238 43.72436847759933 -0.10995221850588224 -0.9938840394202658 0.010248211126859478 12.802395008317617 -0.009502077938935316 0.011361347092494102 0.9998903091375072 -6.423065096903495
-0.9931850023542922 0.11605197339895758 -0.010746653837962791 43.52863474808198 -0.11618038481368864 -0.9931530443248499 0.012212646430096286 12.728385576999777 -0.009255770256841746 0.013377967651781335 0.9998676715938294 -6.421204970299383
-0.9924382028090911 0.1222963260991043 -0.01048914809347462 44.39409738577656 -0.12244420107793803 -0.9923642411028045 0.01485363938033736 12.649671632330342 -0.00859250996217965 0.016025654530090045 0.9998346599160489 -6.361898974215951
-0.9913670753898364 0.1298924417215674 -0.017868279620988865 47.1702047066905 -0.13027210051981322 -0.9912333657752566 0.022036206570343962 11.990874662587158 -0.014849298271623452 0.024173707979229752 0.9995974840821554 -6.175853608568191
-0.9911123021152737 0.1319888625905241 -0.01659351523431293 47.21367066669434 -0.13232860664361482 -0.9909752345604955 0.02138280504367342 11.956336945962578 -0.013621470534797018 0.023388557882793322 0.9996336483435507 -6.158700329853037
-0.9916956836336968 0.1276483254480996 -0.015670867001900075 46.90162869875067 -0.127975236194089 -0.9915330481031466 0.022012574596132182 11.80461839622478 -0.012728314238815363 0.02383525811858329 0.9996348685830537 -6.146213704883746
-0.9924354284210233 0.12160097063937426 -0.016885625672434387 46.68538933976105 -0.12198561416309567 -0.9922415872439031 0.02400296816975942 11.741894051026318 -0.013835835791153913 0.02588119941711132 0.9995692738198265 -6.1428442148749465
-0.9923652129586868 0.12222445022393898 -0.016506601010584848 46.018870073792556 -0.12259361316794908 -0.9921765343805695 0.02359090152978309 11.947490476076657 -0.013494077215320146 0.02543439387949988 0.9995854148036069 -6.154845196265909
-0.9920898684771348 0.12454493905718499 -0.01569238733470891 45.97289662533569 -0.12487193716468142 -0.9919302587251617 0.021939943805186327 12.008018398726813 -0.012833244864798244 0.02372593476930658 0.999636127721266 -6.163010389276615
-0.9923083276210255 0.12270112314383319 -0.01638954890205376 45.99861495058948 -0.12308577731669987 -0.9920813961910088 0.024987892148879826 11.844441485128996 -0.013193724126025852 0.02681301383550874 0.9995533942380203 -6.144401304536532
-0.9921305790281177 0.12416583688704959 -0.01611704400534219 45.966892620548045 -0.1245754862089252 -0.9918275274218733 0.027551843568508826 11.853496817246555 -0.012564330190703157 0.029342815106132895 0.9994904385778344 -6.130642114422433
-0.992318458089941 0.1222718753070077 -0.018806016136175278 45.921085258937744 -0.12278717063539087 -0.992001950204491 0.029247931855795356 12.023880413686118 -0.015079405205803444 0.0313324001537469 0.9993952632663676 -6.12672974129186
-0.9924346988217715 0.12104377699059339 -0.020537103651486224 45.89521788846224 -0.1216318482945106 -0.9921121083329265 0.030319267465729143 12.033571440994391 -0.016705150553088043 0.032587858951593794 0.9993292597507386 -6.139980652462678
-0.9922702050075972 0.12219928144723302 -0.021614251501269593 45.97505955718614 -0.12278969077598048 -0.9920234113270886 0.02849988101914722 12.079761338212636 -0.0179591785256998 0.03093359003975654 0.9993600857118204 -6.15536663556804
-0.9922643059050154 0.12241064600990062 -0.020668356738781524 46.12623580765935 -0.12293433387264013 -0.9920657976399724 0.02631734614770524 12.049957621614341 -0.01728284647076013 0.028654613876438924 0.9994399513334778 -6.159108754546509
-0.992365166673954 0.1216794820146676 -0.020136524745409775 46.01172953468209 -0.12216941939854442 -0.9921890595294103 0.025209187094595995 12.017455551298049 -0.016911798721657594 0.027476786689694704 0.9994793731024237 -6.158283004859326
-0.9923651568570224 0.12166751345382243 -0.02020919657248167 46.001192387896744 -0.12216127859154645 -0.9921873220448668 0.025316792575644075 11.997225154970787 -0.016971077426623928 0.02759228412804781 0.9994751864791773 -6.1619284998731825
-0.9924817229502607 0.12087374579550918 -0.019224130333114882 45.7107690731097 -0.12133561761216072 -0.9922964063443126 0.025010195018336553 11.928863544574579 -0.016052959489701913 0.02715473317014547 0.9995023376451344 -6.175293209872621
-0.9924444368993407 0.12122607949532552 -0.018928214858973894 45.614008402459376 -0.12169788413595664 -0.9922224022236548 0.02615969270369593 11.83244976186425 -0.015609761829904976 0.028265565193586993 0.9994785606304478 -6.171611368839655
-0.9924747403986887 0.12101023046635194 -0.018719342751344806 45.38068868088929 -0.1214877943431139 -0.9922279407222174 0.026915227582104767 11.783157964610908 -0.015316837017075372 0.028986855169734503 0.9994624338769159 -6.18492738686505
-0.9923259402013446 0.12230851893225005 -0.01816189968390892 45.17829166026399 -0.122770545890592 -0.9920683035396315 0.026979143309789438 11.75939716137691 -0.014718065948191156 0.02900185008931705 0.999470995690294 -6.192699536343695
-0.992131989449712 0.1238280360420434 -0.018458954480880935 44.8618429763417 -0.12431921361619376 -0.9918362192288853 0.028383927698642644 11.635861807956342 -0.014793533601152762 0.0304554053612912 0.9994266454562215 -6.206874433528372
-0.9920800057605323 0.12430009092746465 -0.01807621546693448 44.69394024668983 -0.12478810397631127 -0.9917599667932788 0.02898443327375476 11.568047691737645 -0.014324499159826238 0.031010573384378366 0.9994164062402655 -6.209604389039195
-0.9923893146495634 0.12170408514746481 -0.01875003540779527 45.12141852972511 -0.12219736533794498 -0.992113680590613 0.02789710897940845 11.761413900642289 -0.015206974513033987 0.029975997787604826 0.999434934091664 -6.209501683383213
-0.9922971651754277 0.12263703484290867 -0.01750696060858385 45.03158450641366 -0.1231080855616454 -0.9919696440623677 0.028993525624445373 11.724858576259852 -0.01381069347128681 0.030925441690104107 0.999426276321634 -6.202247398851965
-0.9926610527340715 0.11987914797540951 -0.01590673648420663 44.764507492795545 -0.1203062293971154 -0.9923028167709528 0.02935184826689086 11.744136356794991 -0.012265624857173125 0.031050116088730997 0.9994425670031006 -6.198245835146118
-0.9926680878040162 0.11980016852507855 -0.01606197612036357 44.59389105941524 -0.12022907635783898 -0.992319327445874 0.02910878863017301 11.699186471528245 -0.012451371557755187 0.030826482101237836 0.9994471928759437 -6.200935927422173
-0.9924853390382115 0.12133912170351432 -0.01580092840415952 44.32892462375576 -0.12175902652045996 -0.9921337565324704 0.029074879355942797 11.563838048416754 -0.012148714129633644 0.030780297155687676 0.9994523410608483 -6.215621932942909
-0.99222974989416 0.12343712983481538 -0.01560123082070351 43.037979925275415 -0.12388555326783159 -0.9917771600489257 0.032100381568144654 11.126429585052241 -0.011510565429250783 0.03378372068674917 0.9993628805894645 -6.2129141314098515
-0.991376919032428 0.1301620306459174 -0.01515421353646683 42.29233980187969 -0.13061163984761312 -0.9908535951485382 0.03390800078944132 10.951802452609355 -0.01060207272635967 0.03559492603378396 0.9993100606391251 -6.213712077892474
-0.9912395056810108 0.13119800919413896 -0.015209364246108114 42.12930531987321 -0.13165953138880282 -0.9906803888138198 0.03490179098824164 10.941150525520701 -0.01048857338997806 0.0365984918159305 0.9992750073053249 -6.233512063173495
-0.9912821198073151 0.13099967518716535 -0.014101207436936367 42.09667363458736 -0.13142724080970736 -0.9906868635668494 0.0355867774493312 10.926916897136529 -0.009308024681383649 0.03712981897260595 0.9992671000386262 -6.233511960219448
-0.9913013306099525 0.1308851121431644 -0.01381156581338381 42.1717881886633 -0.131296912924834 -0.9907241220051322 0.03502620067291942 10.913170451096635 -0.00909904321095665 0.03653493528723141 0.9992909515832777 -6.242714073753901
-0.9909925208885628 0.13330961461581875 -0.012742456353461653 42.068723502088524 -0.13368338623960796 -0.9903942048220029 0.03532805257168186 10.89278281271655 -0.007910485854207417 0.03671329059043568 0.9992945304101205 -6.2607593105326185
-0.9909416846326452 0.13363519291238038 -0.013274519678165455 41.928942322313276 -0.13403149464994413 -0.9903336286264052 0.03570521605537689 10.934737618556124 -0.008374729805611646 0.037160990661312336 0.9992741989432942 -6.2888325053777825
-0.9907681449246396 0.13489416273109872 -0.013492511392203428 41.896113616486 -0.1353022753250141 -0.9901417116068775 0.036230998165654595 10.9112922914761 -0.008472148161283595 0.037722086332567316 0.999252353966835 -6.298019618819594
-0.9910290173446198 0.1329633582870355 -0.013499338280193948 41.91949902443073 -0.13336928016479577 -0.9904194663350547 0.03580385192845785 10.989010097742291 -0.008609407023326531 0.03728305322294213 0.999267657864049 -6.306357596861558
-0.9912541292855657 0.13118850898355724 -0.014311753386370545 42.027159132245366 -0.1316115853440838 -0.9907072171031642 0.03431618543663102 10.952107242618982 -0.009676868167843043 0.03589965306762338 0.9993085475127791 -6.3020150773587105
-0.991026651195426 0.13290912045631645 -0.01418951443536981 42.15555981896039 -0.1333193146302497 -0.9905058930552473 0.033526648644769126 10.911106847754427 -0.00959880028460199 0.03511753867169056 0.9993370910312254 -6.278673590966264
-0.9913062635204148 0.13076964657138226 -0.014532427216273684 42.194332196179374 -0.13118835438416007 -0.990805940906238 0.033063622591683196 10.938914862337935 -0.010075096980987373 0.03468266138152095 0.9993475898906904 -6.2756401641111905
-0.9912474323691919 0.13128542385524422 -0.013880392812757826 42.199009304443635 -0.13168507294256607 -0.990726478217623 0.033467699691234545 10.892508252552682 -0.00935785154823689 0.03500261192625874 0.9993434083300641 -6.264976006117654
-0.9912491003064735 0.13127754885574192 -0.013835689648411358 42.06316812200066 -0.13167402786911775 -0.9907337575730232 0.03329522473214612 10.810260482054693 -0.009336569302547513 0.03482566254459487 0.9993497894641329 -6.266111471757407
-0.9913216599737306 0.13081175000087789 -0.013025073076190356 42.0466466427364 -0.13117246343482677 -0.9908303794883055 0.03238740371661138 10.830168836706639 -0.008668985140789743 0.0338148657364129 0.9993905160405856 -6.258944898586764
-0.9912783150459742 0.1310709001565543 -0.013701140527854976 42.02953834264267 -0.13145713190053548 -0.9907829541481006 0.03268272084838922 10.841939558859252 -0.009291102846222447 0.034198785091267093 0.9993718619744069 -6.259315134731624
-0.991287213995585 0.13106511225813575 -0.013099454860411747 42.010403194188534 -0.1314319371006053 -0.9907819394918234 0.03281454383052824 10.851565573000206 -0.008677861422036644 0.034250324459566 0.9993756100663844 -6.26288099109726
-0.9913392761107335 0.13071056533192682 -0.012695973805343999 42.01154784455732 -0.1310583053415921 -0.9908528878748271 0.03216014911518406 10.978022287849827 -0.008376171037403433 0.033545531755049235 0.9994020897807024 -6.2698501377588345
-0.9913572307128636 0.13060107676676816 -0.012417723651863059 41.996763802121656 -0.13094590428572686 -0.990841799984505 0.03294992495096491 10.911759293435166 -0.008000703976941748 0.0342911964043484 0.9993798590050953 -6.2643349820895
-0.9915799220264139 0.12891293036940946 -0.012276588193668106 42.005417734127676 -0.12925618429377947 -0.9910535586660637 0.03325180712611706 10.906412525915687 -0.007880168520906282 0.03455864926341162 0.9993716039117736 -6.260820841658239
-0.991510411686685 0.12951027227879905 -0.011584165536165614 42.02199999743082 -0.1298317676942462 -0.9909667133721508 0.033595908765591716 10.895770728716704 -0.007128507156847478 0.03481468601998316 0.9993683615279462 -6.255591273614906
-0.9917409208569535 0.12776035584318257 -0.011279954460697045 42.103442499481176 -0.12806810828464013 -0.9912161528673992 0.03300148383261641 10.9281036536735 -0.00696459174724339 0.0341735243951229 0.999391647299609 -6.245741030548717
-0.9917925400886889 0.12729873091838853 -0.011941127710464346 42.11495491923284 -0.12763435871968248 -0.9912499331476463 0.033660667090894866 10.945870430346822 -0.007551681842167943 0.03490849669287314 0.9993619809458498 -6.243434558078512
-0.9915187608290162 0.129456878426124 -0.011465755634028976 42.18254889574161 -0.129773499269701 -0.9909781137396252 0.03348457818686844 10.953531514739304 -0.0070275039233220335 0.034688538701125114 0.9993734634616819 -6.243647432871871
-0.9914481263737364 0.13003726116346992 -0.010996518499677895 42.18002739500331 -0.1303370947755218 -0.99090520103894 0.033453314924801185 10.964609186065662 -0.006546329924991442 0.03460048067707782 0.9993797838166648 -6.238664427056006
-0.9913708884587192 0.1306120901030927 -0.011146453941945654 42.22887694999791 -0.130918811966227 -0.9908182606228225 0.0337555786458848 10.962815495980896 -0.006635223427292652 0.03492357850032457 0.9993679589994935 -6.238605543704634
