-0.9883531305787177 0.14218139836364996 0.05424517706314272 127.45378184726292 -0.14300382316898763 -0.9896544621735346 -0.011573765984842898 17.195643597254975 0.05203840729987368 -0.019196235552212868 0.9984605694299222 -11.623553045073631
-0.9734907387160441 0.22563276515075856 -0.03749182476925678 127.9351904198757 -0.22107609139113196 -0.970242452294993 -0.09876712803267637 20.33592711984911 -0.05866126020914934 -0.08786033835028281 0.9944040514276131 -1.3477666273135402
-0.9855129269843756 0.160199057630949 0.05568242703810271 124.14392317313458 -0.1620957907397908 -0.9862761359862241 -0.03137416466670104 20.76255126449528 0.049892137367910615 -0.03994553189342236 0.9979554745130808 -11.174588863834128
-0.9991575578503686 0.040691829255863114 0.005324436336787618 127.13085365766152 -0.04085224512973401 -0.9985647935178721 -0.03463303646049222 7.770472514677547 0.00390751306498099 -0.03482137530921607 0.9993859130302095 -5.942530776825691
-0.9835937831318845 0.17090074618384768 0.0577598886608817 121.78259578412488 -0.1728459327897822 -0.9844760934435852 -0.030514012454920705 20.595826601280862 0.05164836204899109 -0.03999695478249275 0.9978640640416899 -11.130345554626633
-0.9788424833983791 0.19096568324619267 0.07348129365229626 120.10641565231995 -0.1921429769384666 -0.9813234897970581 -0.00923497621836998 18.725630713723042 0.07034535597837005 -0.023158501567356125 0.9972538366421275 -13.018685013710414
-0.9959121762555676 0.09019198909318892 0.004933790564228524 122.62904944956328 -0.090324388073393 -0.9948005433376998 -0.047046614056593376 8.072516762619623 0.0006649098321454441 -0.047299937404153634 0.998880510279626 -6.152603818359054
-0.9729579852922515 0.22645491414788055 0.04550747976234259 117.9943961189737 -0.22806880524827833 -0.9730494354255261 -0.03405020250586883 21.756065095735515 0.036570191805201095 -0.04350825296816068 0.9983835199936897 -10.279616262683914
-0.9829895597506939 0.1696575357772235 0.07034092674357875 116.84435811364767 -0.17069611857738853 -0.9852827742911181 -0.008982749457716557 16.985543526773988 0.06778171231062065 -0.020836872107056925 0.9974825633749407 -12.363232878149496
-0.9805495885085491 0.183588264586472 0.06941075984200337 116.55439218256822 -0.18470771544717735 -0.9827424774816309 -0.010014130394210185 16.998231862303367 0.06637442527059698 -0.02264005431518257 0.997537900839166 -12.390967161216121
-0.9822815176099365 0.1756378667645332 0.06537858915832602 115.32538688111944 -0.17613849808092596 -0.9843635051331528 -0.00192853721140759 16.53134090977345 0.06401757302276188 -0.01341005295978613 0.9978586677600741 -12.229952130082857
-0.9885254932668439 0.13529314529952827 0.06717971417404911 114.80742905881513 -0.13487072979036618 -0.9908042890213226 0.010804957323807932 13.666977254030176 0.06802378560003912 0.001620398690482239 0.9976823837778874 -12.212307766357986
-0.9945777883862384 0.08372753014044357 0.06168244114275635 113.57485249049344 -0.0821262626883259 -0.996226905770316 0.028057604961197576 12.259384174297152 0.06379890144506496 0.022839722325175144 0.9977013818064622 -11.87056448655294
-0.9989722966337446 0.033416486128550374 0.03062170820066848 112.76533572124374 -0.03307913540503981 -0.9993870545747879 0.011458008080964477 8.455695170342445 0.03098582513281274 0.010433293015585264 0.9994653696040205 -8.86293437990449
-0.9931873214146076 0.09638457358434674 0.06549014090875943 111.73741504503192 -0.09441403247794376 -0.9950006530351868 0.03255289435384351 13.641416648961611 0.06830032981281331 0.026147933656841496 0.9973220896545645 -11.827243671156914
-0.9943024455463231 0.08481380952152642 0.0645698419934106 110.74530763336357 -0.08347661857405508 -0.9962410864543602 0.023137670835344414 12.51695602697296 0.06628952354670131 0.017615770624357457 0.9976449186425346 -11.673241337527264
-0.9928098548553101 0.09475717397157463 0.07314143889140083 109.27725178401133 -0.09270462959765498 -0.995211808050867 0.03097271004114023 13.120230159986852 0.07572611011629182 0.02396946175975302 0.9968405194160272 -12.395386033346808
-0.9998184551297409 -0.013145559179140018 -0.013793152498621003 108.97261139080622 0.013395538349870196 -0.9997448031755626 -0.018190329182601595 5.659815887108998 -0.01355051048114657 -0.01837179352491096 0.9997393964770941 -5.554871668837198
-0.9978776689941788 0.05902777654635184 0.027493259514660483 107.57842417750638 -0.05889834445567188 -0.9982488632163677 0.0054947345352895 10.01356967691251 0.027769457018952535 0.0038637654207128226 0.9996068870179201 -8.595569946142378
-0.996226170738309 0.07374212242924323 0.04577680761827549 106.14069437101234 -0.07331085542953915 -0.9972481225701997 0.011031795248712947 11.86081122118369 0.04646434345042712 0.007634226211665123 0.9988907765005557 -10.294065149421169
-0.9932923805270467 0.10498160987973049 0.04846760128143962 105.24640504442088 -0.10452668178891762 -0.9944516689728778 0.011834309074143056 13.93754253610842 0.04944107180385689 0.006688771495930913 0.9987546449227511 -10.232723160799651
-0.993117798230978 0.11282555428953596 0.03142344882592075 104.11686175373754 -0.11261347558584187 -0.9936029854362075 0.008444669841792422 16.25667655183428 0.032175207121828586 0.004847848132887421 0.9994704870155775 -8.774528616121247
-0.9764203868714679 0.21360111427785974 0.031269667107860506 102.93332470765728 -0.21415555671252334 -0.9766754612954845 -0.015570511629596996 20.216267793552888 0.02721443791316759 -0.021899937956857032 0.9993896973085965 -8.770353752852174
-0.999625534184661 0.026779779344060055 -0.00562448436011854 101.05049413982815 -0.026652731576883602 -0.9994121430161825 -0.02156386540717859 6.088449124870472 -0.006198653525116449 -0.021405882604828463 0.9997516516037325 -6.231040281729853
-0.992487729523219 0.09789337645443891 0.07338251557556014 100.9875770240156 -0.09667035779382828 -0.9951145781976682 0.020045403026468747 13.476283011887745 0.07498632321870798 0.012800902500617072 0.9971023960583563 -11.861543903645096
-0.9987101163098108 0.04745571882313616 0.018057085352586117 101.45539621639237 -0.04751442844048602 -0.9988665254815053 -0.00283608224118821 8.158141118003579 0.017902029785063476 -0.003690396114790419 0.9998329351977254 -7.833819219030718
-0.9893871312419481 0.13367235419796197 0.056963200893298045 99.2839995588769 -0.13488122709876685 -0.990699780653638 -0.01791645023912634 13.61940450309211 0.05403849654798421 -0.02540957174008984 0.9982155050663313 -10.273015518688167
-0.9998946415337662 0.006535226721332065 0.012961351926499942 98.80591709800882 -0.006437370679535571 -0.9999505716402739 0.007577237954693313 6.992699206933439 0.01301023023608945 0.007493002601665257 0.999887288058623 -7.567069329436915
-0.9990436299280248 0.0395814704937807 0.01857774727435175 97.90448978005281 -0.03948436364674624 -0.9992046904960493 0.005565206025652491 8.83064794411483 0.018783251253478562 0.004826353100047343 0.9998119302089326 -7.762716320742719
-0.9989605390789325 0.044178273968486566 0.011230381663147314 96.42244574112121 -0.04413494870621763 -0.9990172593820921 0.004076979199899293 8.67756398825222 0.01139945901498938 0.003577089020690641 0.9999286258370205 -7.5798278744518255
-0.9986757225248758 0.049135577710443995 0.015247827467682794 95.23122562313169 -0.04895738353573282 -0.9987305954893637 0.011847878746845043 9.082678286795854 0.01581062417358739 0.01108569513047055 0.999813548381258 -7.702929571376731
-0.9924860948531874 0.11961696718149183 0.025751362786798782 94.84809174384144 -0.1198200472248087 -0.9927744292557779 -0.0064875957728704565 12.420806426928726 0.024789267962572352 -0.009524378098819616 0.9996473270187434 -8.492111657790343
-0.9924719635112847 0.12158736421403682 -0.01469402965652825 92.91291061334414 -0.12210669640673172 -0.9916239440199983 0.04209404160761855 16.32836740507534 -0.009452848073367034 0.043571395544699826 0.999005594155307 -5.106069681670734
-0.9990444596704211 0.04283401790887741 0.008684152901920306 92.98365881523088 -0.042785861078439826 -0.9990682478568781 0.005657403641682724 8.618541967892334 0.00891839075274845 0.005280438804696981 0.9999462881937269 -7.54445206106451
-0.9994108164962004 0.03310715506483349 0.009051859141597124 91.5573166979899 -0.03303338140057139 -0.9994207601627783 0.008181678856146212 7.9937744394982815 0.009317488054762459 0.007877844830522054 0.9999255592178762 -7.415817225386413
-0.9995663579373475 0.02817697529915028 0.008553019517477691 90.65266988843814 -0.02812743017763099 -0.999587175995115 0.005858776127905037 7.905280740230104 0.008714571215945795 0.005615661056854478 0.9999462588556555 -7.425909634778162
-0.9941996807040886 0.10754981584852497 -0.00017888220344654596 90.20362362119596 -0.10754869126040345 -0.9941784410399558 0.0065196916747969 11.193485877263294 0.0005233508088613282 0.006501113928242564 0.9999787305846195 -7.560091923390973
-0.9991780195827221 0.04017768315116574 0.005388780879009953 88.35397928889496 -0.04012660243623226 -0.9991515639989809 0.009274046329004366 8.275118943849087 0.005756818538246609 0.009050189776584956 0.9999424748980971 -7.42885164505121
-0.9988327101029363 0.04792444010005526 0.0060386479881911394 87.8606877233195 -0.04786944747297568 -0.9988135554352527 0.008944130892366006 8.375034444938258 0.006460125932305426 0.00864462375605882 0.9999417669309854 -7.336161872738288
-0.9927446445216683 0.11931698706651371 -0.014883795581727895 86.51880387746115 -0.11967485190818286 -0.9924709714900625 0.026063395218655 15.71642778911478 -0.011661929270243296 0.02765551205344615 0.999549484547294 -5.593033334201814
-0.9930311561242918 0.11633466666324836 -0.018851214783455073 85.76802974269953 -0.11696291461264824 -0.9924612162291652 0.03661162228371485 15.48548880126066 -0.014449898677008221 0.0385613746290448 0.9991517506439886 -5.358913389616245
-0.9929440908205553 0.11785494643426528 -0.013124180184852103 84.73088845627433 -0.11810076053103083 -0.9928028816543336 0.019865763032080302 15.4148176108986 -0.01068844546885023 0.0212755676735227 0.9997165134945192 -5.741915638324509
-0.9928591843073529 0.11807799734237946 -0.016977240062974124 83.85827707206113 -0.11857428038226642 -0.9924288889804853 0.03201625132317613 15.513015320216773 -0.013068288655001429 0.0338006931966517 0.9993431507600683 -5.352789956860171
-0.9931746511558296 0.11614715388027864 -0.010674780888423949 83.07784305647289 -0.11634363605637107 -0.9930050992777417 0.02012538589916353 15.047801497454994 -0.008262605562947355 0.02122996594244232 0.9997404752711617 -5.825249598749593
-0.9929882327545604 0.11753389131553728 -0.012655196687671606 82.09295693168794 -0.1177871828205639 -0.9928042916770305 0.021582817028000707 15.284677632593171 -0.010027421112685148 0.02292210330438034 0.9996869650075132 -5.5488088000238305
-0.9932437734068413 0.1154005915633416 -0.012227430448529175 81.13005075793424 -0.11569406175519131 -0.9929209751513804 0.02688533390187669 15.226507065904373 -0.009038288727894797 0.02811833158742226 0.9995637392210757 -5.638470178754666
-0.9931795584836026 0.11595119694319829 -0.012234563243527478 80.73303600638911 -0.11622045222259843 -0.9929274302396426 0.02424715989300371 15.08221149777498 -0.009336546229433303 0.025503690029923386 0.9996311273161558 -5.5512081073748964
-0.9931531389975216 0.11668980553836554 -0.005507429780805389 79.69749575978145 -0.11678493660599415 -0.9929036687433259 0.02244065903619412 14.872246662893005 -0.0028497510956215903 0.02293019580078264 0.9997330068769547 -5.979688462790783
-0.9932953463743306 0.11435415780364946 -0.016955278355947765 78.71201840896435 -0.11476845139339502 -0.9930547500517686 0.02589335753409417 14.855755045321887 -0.013876506616303625 0.027665682580478274 0.9995209115228635 -5.004726970606993
-0.9936896949369294 0.11113912195133854 -0.015128970488717726 78.04455391427274 -0.11155526349364302 -0.9932992019091268 0.03020130251432862 14.435878126253352 -0.011671048068920793 0.03169843937141718 0.9994293349599088 -5.479919042663733
-0.9935909152176127 0.11260243032386938 -0.009888674440421437 77.21449604557795 -0.11282152451086125 -0.9932893287971022 0.025448239720012394 14.440861944822206 -0.0069567811576815046 0.02640079511984413 0.9996272311281699 -5.944686166357447
-0.9935987199323134 0.11296712279291694 -0.00011365194398327847 76.6701206135051 -0.11296517369509068 -0.9935745751186315 0.006959397235068303 14.17274429554655 0.0006732614000641028 0.006927686895857202 0.9999757766432958 -6.66290946586506
-0.9935736757515847 0.11318490477197321 0.0007267635451193568 76.06192729056934 -0.11317861577622225 -0.993556760934982 0.005963533463485242 14.15361073721489 0.0013970628010235226 0.005842955771749414 0.9999819538788588 -6.649922807092528
-0.9940386981921888 0.10882466158778724 -0.006652783378609098 75.12616560741684 -0.10892381575191339 -0.9939045630516739 0.01700946522097076 13.795141914449 -0.0047611824605325375 0.017632713216168102 0.999833195371217 -6.306006420790176
-0.9936339383626258 0.11263800260964923 -0.002068067236109032 74.14549833574638 -0.1126560611938755 -0.9933839576132314 0.02229180640861282 13.885371735318353 0.00045651973281090577 0.02238287570411122 0.9997493678242335 -6.340545688536789
-0.9935758192505613 0.11315429157049339 -0.0017882113301356244 73.58094551993555 -0.1131681223350368 -0.9934854277699525 0.013404510282631059 13.796264191579766 -0.00025978403338232906 0.013520765804287347 0.9999085565212088 -6.444409690562799
-0.9936523274076332 0.11246398350705288 -0.0026276702837976047 72.7761040182944 -0.11248821209481942 -0.9935745427130492 0.012491205396754617 14.0248650642636 -0.0012059755829010867 0.012707497246811096 0.9999185292495703 -6.28535747352135
-0.9937223038041224 0.11185364991704308 -0.00217805474348222 72.25548445424454 -0.111872264100676 -0.9936434301489732 0.012543135444409268 13.886389098836146 -0.0007612143055049474 0.01270805736623399 0.9999189596316114 -6.4213219385156135
-0.9937785417514758 0.1113643769711695 0.0014783423604898046 71.56785481790988 -0.11134989194582169 -0.9937514573933285 0.007696914465387306 13.704521023894568 0.0023262669593013016 0.007484415171298999 0.9999692855341011 -6.4128332753459265
-0.9936552370595728 0.11244232860353662 -0.002447979227461006 70.69092816010641 -0.11246466753879197 -0.9935722551232742 0.012879146114651486 13.626974480872557 -0.0009840830619667542 0.01307274215563712 0.9999140638040155 -6.32466032545643
-0.9941227951344459 0.10818494736635162 -0.003985643915792988 70.0893635387993 -0.10824000918943523 -0.993958100318036 0.018204263864182307 13.420483098676911 -0.0019921357270960135 0.018528679810097048 0.9998263446317814 -6.226939241351031
-0.9935869924152713 0.11302123869275219 -0.0033298810094969135 69.21741573590131 -0.11304993008386773 -0.9935360061626828 0.010291635746652487 13.508760318675506 -0.002145183258911198 0.01060207822386119 0.9999414953516645 -6.3865930879660135
-0.9934539748931014 0.11422696820610147 -0.001183006145885908 68.91081886943405 -0.1142317096809919 -0.9934396458029744 0.005365319209474091 13.636160491872 -0.0005623810597954615 0.00546533450983006 0.9999849068092184 -6.391997004975423
-0.9937923220188356 0.11125073946438406 -0.00030604745759689147 68.13818405418596 -0.11124803884531123 -0.9937400692428906 0.01022490265057024 13.244965430503107 0.0008333963591233706 0.010195476926977986 0.9999476774815503 -6.435916427498446
-0.9940053574290078 0.10931166082361009 -0.0020761046268195182 67.5283402000319 -0.10932434209766415 -0.9939775762341289 0.007534332660931861 13.196362454107582 -0.0012400110286105086 0.007716135802071544 0.9999694613441683 -6.442257873268807
-0.9944555481022247 0.10513273457167976 -0.002295859356532626 66.6869023128821 -0.10515563408706825 -0.9943381537136088 0.015294727495395838 12.89677435385879 -0.000674884027641177 0.015451349160918863 0.999880393017413 -6.477658090714165
-0.9935365966316052 0.11334659440998805 -0.006130309074329465 66.17426319445636 -0.113367036738466 -0.9935483539685386 0.003095691772321406 12.987545130998129 -0.005739872370382752 0.003770658041740327 0.9999764177234896 -6.5419169730874085
-0.9938274506678145 0.11075277567043915 -0.006389129863442485 65.8987578182523 -0.11076789635158343 -0.9938441628212487 0.0020623200485647745 12.847220843993744 -0.006121391750589845 0.002757300750816903 0.9999774626738417 -6.517989631005469
-0.9933686744468552 0.11495444721920269 -0.0020375701776847548 64.76470607862808 -0.114970698080774 -0.9932963907677493 0.012000777915834183 13.0919861266744 -0.0006443683119151133 0.012155457716300224 0.9999259120740849 -6.240752810831352
-0.9933338160814699 0.1150852050805059 -0.006582203324582644 64.28622608744192 -0.11507860383338149 -0.9933554380823254 -0.0013742532637295035 12.909047809651454 -0.0066966236857265785 -0.0006076214699824468 0.9999773927581388 -6.386302751265659
-0.9932427654859659 0.11602652363558565 -0.002579655564871314 63.57367049397296 -0.11605442259832535 -0.9930719525364603 0.018424659584175853 12.920074688629688 -0.0004240343879572644 0.01859954027560798 0.9998269236704798 -6.164327746216774
-0.9934235438754624 0.11412742266232416 -0.00919749261349698 62.91366097453052 -0.1143013396353154 -0.9932166356826998 0.02135224486354676 12.767403931274263 -0.00669822599596247 0.022263108489049905 0.9997297073554009 -5.918415021687326
-0.9928731764400913 0.1182953066192357 -0.014459458413899857 62.63332179757766 -0.11866306024862029 -0.9925404328880483 0.027974402850411192 12.879056845874599 -0.011042356550779486 0.029490837802033536 0.9995040554432686 -5.5547330631912795
-0.9926710472016095 0.1206904385955874 -0.006165231486206524 61.94701846352361 -0.12072999599643049 -0.9926640625896541 0.006505913441883648 12.724189002529915 -0.005334802187137367 0.007202560282004438 0.999959830698719 -6.428714175254165
-0.9927237381605124 0.12000225000915622 -0.009951868435876683 61.18429973138041 -0.12024185818797273 -0.9923317646983821 0.02862803364017918 12.7134138734198 -0.0064401267168601945 0.029616359724635454 0.9995405924746317 -5.869352491936087
-0.9927103857555526 0.12013875163319226 -0.009631737594117909 60.89029707984901 -0.12033388851789861 -0.9924621547030633 0.02320833376865104 12.546971478268842 -0.006770914799740586 0.024198178406105362 0.9996842515887725 -5.942520966446711
-0.9925524856133293 0.12163947881789956 -0.006587905259868076 59.9738946484943 -0.12179158974676131 -0.9920078143857138 0.032974306128247345 12.444438224941182 -0.0025242760863998953 0.03353108096366703 0.9994344874175844 -5.970305797346651
-0.9926492337499302 0.12050328449620853 -0.011245317305684531 59.93210254747835 -0.12081993169771356 -0.992096197286502 0.03387741776205009 12.397248702915629 -0.007074096425672489 0.03498705125171709 0.9993627286448479 -5.86263574841582
-0.9926416183419963 0.12075728690679781 -0.00896075857790185 59.41525258691973 -0.12093721122877134 -0.9923843557441323 0.023398320762651283 12.193868828863835 -0.0060669988948371025 0.02430983614122907 0.9996860624171977 -5.993367643695155
-0.9924611575128656 0.12214753419321489 -0.010041450031851498 58.413596340228025 -0.12240601851696482 -0.9919852806526107 0.031336394166953344 12.299197173653154 -0.006133307350005305 0.03232928794574987 0.9994584532044705 -6.00299513853998
-0.9922454609487203 0.12405108773003815 -0.00776355972842274 57.900066633278556 -0.12423106799460314 -0.9917922869322718 0.03024402960213627 12.28097330043169 -0.003948033888303151 0.030973976410020275 0.9995123940270925 -6.136715525171914
-0.9920693769506393 0.1253732759746034 -0.008938287764710671 57.78319063551036 -0.1255954697795972 -0.991580916328399 0.03151292344693608 12.145994976611059 -0.004912157124059467 0.032385614780729106 0.999463377351899 -6.156454699186066
-0.9922551515782363 0.12350200792401116 -0.01330293971985698 57.23904065869097 -0.12391403153074965 -0.9916149301466066 0.03667619255237102 12.06489030267093 -0.00866181021782497 0.038040561892263465 0.9992386545238725 -5.939724754644939
-0.992129045304896 0.12494726901875536 -0.008254539790707215 56.788502408588236 -0.12515757857564336 -0.9915555494252564 0.033958399978007175 11.885753452404991 -0.00394182539992869 0.034724233162723085 0.9993891582580751 -6.148673755053548
-0.9915575562217112 0.12858654278013534 -0.01670669672573875 55.832620660690516 -0.12919025629707107 -0.9907172817912999 0.04229828883017844 12.143396641905634 -0.011112622441647216 0.044099530336687356 0.9989653352577159 -5.683214407125568
-0.9921256375550256 0.12417361509173598 -0.01635948107627425 55.43325001854878 -0.12467353229630684 -0.9916061211944522 0.03426092168134007 11.878436912177248 -0.011967859073251548 0.03603073305863593 0.9992790184050014 -5.864139108851767
-0.9921200634456652 0.12414454150735178 -0.01690894800103576 55.55757738349514 -0.12463616738079002 -0.9916850827165816 0.03203938978878027 11.953497929534876 -0.012790836141554055 0.033894387903295145 0.999343567037616 -5.85825298041306
-0.9917718747666654 0.12715973017977367 -0.014797007887552466 54.66831338945686 -0.12758863464427075 -0.9912784408331603 0.03298777120377703 11.916040954140238 -0.010473238822264596 0.03460427372433703 0.9993462140362523 -5.906278257840865
-0.9921422103438148 0.1242352069015784 -0.014813771303016721 54.2846745813046 -0.12468898637920467 -0.9915723171785248 0.03517096076227427 11.773081586293658 -0.010319453949856562 0.03674170887882472 0.9992715125024081 -5.787145429552647
-0.9924664920475278 0.12171776556959824 -0.01396594814617073 53.87851372345385 -0.1220808531063316 -0.9920953125165948 0.029037151847815683 11.742979113409552 -0.010321214449244586 0.030523375097576255 0.9994807632490748 -5.836205373784249
-0.9922540074101395 0.1231557006964518 -0.01626831781368444 53.58625544144995 -0.12363828651826068 -0.9917769693593688 0.03304568285235254 11.753698785851721 -0.012064778711156863 0.03480109817686971 0.9993214321129832 -5.743017498473927
-0.9927777057566594 0.11939130731171965 -0.011753411885360316 53.19329403111325 -0.11967099309909426 -0.9924467853778104 0.026985766691548237 11.480749706715127 -0.00844276987873415 0.028197410016743397 0.9995667189863452 -6.005076459274879
-0.9925594597192434 0.12148951086581089 -0.008125125933127869 52.70346245594896 -0.12164402402525223 -0.9923196122101378 0.022461492427398075 11.460625766559621 -0.005333886086799312 0.02328273980244365 0.9997146911426823 -6.098571894093487
-0.9928013539642224 0.1196385725856293 -0.005664231323259618 52.08792216990666 -0.11975517570632274 -0.9923526539001809 0.029915016109292907 11.385692032513184 -0.0020419251597494138 0.030377989514525628 0.9995363966833372 -6.2255711617172
-0.9929887857571075 0.11778824754224095 -0.009959924776544888 51.94592077149297 -0.11805412505291421 -0.9924707976445555 0.03263340896644434 11.448004539908535 -0.0060411024339705344 0.03358041934979246 0.9994177607575707 -5.939804878877065
-0.9928207238023673 0.11924667380297392 -0.009340298468158351 51.80935995060903 -0.11940888660180318 -0.9926568999958598 0.019333822465581064 11.348015604207431 -0.006966217701520376 0.020310334254755886 0.9997694544910827 -6.110522265953799
-0.9932470515317925 0.11598692779075875 -0.002706881059263912 51.46838440258205 -0.1160157435458384 -0.9931141144085831 0.016269696124043134 11.208256676511922 -0.0008011697164632178 0.01647386852330463 0.9998639756401723 -6.43512232834255
-0.993050231106495 0.11750611833152354 -0.006599291931484706 50.28696289096325 -0.11763776841348614 -0.9927277850587013 0.025551912162077115 11.245904763407667 -0.003548794447984893 0.026150658253692362 0.999651713913837 -6.240764235420546
-0.9930425585425908 0.11774956229253845 -0.001231869758483272 50.20861429422699 -0.11775599101188904 -0.9929828351617704 0.01089108143846263 11.14448789320058 5.9194546942615346e-05 0.010960367421154391 0.9999399316168969 -6.476682593330948
-0.9928443884767386 0.11927751848827983 -0.0057353163409665535 49.90757283839742 -0.11934377555095586 -0.9927667780429349 0.01308386989739441 11.26599534048792 -0.0041332199912936275 0.013674721113297829 0.9998979540408013 -6.228772284408549
-0.9935066608723978 0.11371749741828464 -0.0035840735349185904 49.508337814963596 -0.11376806954186755 -0.9932827878807976 0.021121781470079714 11.119920873267855 -0.0011580824229403645 0.021392383707179153 0.9997704860438883 -6.139051437522365
-0.9937999917515143 0.11110747895138978 0.0040871158242771575 49.114749240021254 -0.11108281434442055 -0.9937940231875793 0.005835052182408666 10.958151911566224 0.004710069215779254 0.005344866482435098 0.9999746235031514 -6.514038863376598
-0.9940854996166026 0.10859957205708962 0.0003903857464453247 48.784152401420286 -0.10857653806786685 -0.9939369629654456 0.01733346567273402 10.952759909384312 0.002270425777532032 0.01718856015050685 0.999849687986521 -6.257428017644394
-0.9937456619560824 0.11166196177858588 0.0010796458817810912 48.706799723373656 -0.11161166965194559 -0.9935100520765899 0.02192285611588509 10.971179265061124 0.0035205881579220178 0.02166524208334967 0.9997590823515906 -6.170536543482685
-0.9929312820058335 0.1185894816197921 0.004899394187258311 48.541614862506634 -0.11849106262455636 -0.9928095795936897 0.017000198384252527 11.241959052091293 0.006880210197137817 0.0162994943525645 0.9998434823468604 -6.173442001043603
-0.9947108779171461 0.10218009802762505 0.010464077616598056 47.983887188930574 -0.10201851817710439 -0.9946699978441057 0.014960525985252734 10.66509447612885 0.011936972072060101 0.013813868244357486 0.9998333289813258 -6.286248608779937
-0.9941950343518587 0.10734362677918356 0.007319799177444126 47.782318731912845 -0.1071672845398285 -0.9940131587988189 0.021284108136190825 10.693233749470544 0.009560690062243313 0.020376111618385373 0.9997466715527754 -6.287409742589633
-0.9940834720890068 0.10829505828394158 0.008380386073688748 47.58409467179761 -0.10812015858466965 -0.9939546758961285 0.019082284240852218 10.683372488220119 0.010396241007811599 0.018063294702247698 0.9997827941895228 -6.112619707704746
-0.9939495999569822 0.10983565358381941 -0.0005674038886146012 47.481342923269494 -0.10980229421916377 -0.9934911250421261 0.03031238437897434 10.852927058684408 0.0027656698222955235 0.030191284575942525 0.9995403130470006 -5.714159891282637
-0.9934674919570081 0.11108484415123894 0.026124697597202456 47.46092856902524 -0.11104450669707251 -0.9938109236517573 0.002994254973533409 10.72317669499136 0.026295626196282628 7.369082154456193e-05 0.9996542075200844 -6.145655433703763
-0.9935980610080865 0.1104818959986208 0.023593300267758847 46.958892584498585 -0.11050685369637898 -0.9938753312725093 0.0002473339615654794 10.778579279851867 0.023476125044449188 -0.002361470836270999 0.9997216087533524 -6.272210344765267
-0.9935387312493316 0.11020647482688914 0.02711682897572937 46.83519790512486 -0.11043916358985374 -0.9938565605205611 -0.007233827189878767 10.728620559751189 0.026153023783939102 -0.01018184739959748 0.9996060970854944 -6.285216763813006
-0.9937411860596763 0.10787674606677533 0.02900108250996614 46.67232836768233 -0.10815482318743874 -0.9941003040078594 -0.008192667012337613 10.538473295606773 0.027946186680814833 -0.011277997584942145 0.9995458055639471 -6.3561499898553615
-0.9934775967198294 0.11103588271272315 0.025947978071556528 46.2943294029955 -0.11120069908542983 -0.9937854261955524 -0.004993115684625143 10.749870643076992 0.025232307439225596 -0.007845981871915979 0.9996508246531692 -6.286252928666013
-0.9934834374318415 0.10898298641081722 0.033367172813954425 46.15121535325971 -0.10950544985935962 -0.9938840818369178 -0.01424739703565938 10.668072008163897 0.03161037803816392 -0.017808440250970142 0.9993416049860622 -6.507254165043964
-0.9936745143448674 0.10833978240399834 0.02955420596374779 46.434920238835744 -0.10863015117908772 -0.99404675943437 -0.008398232721108859 10.470705433556311 0.02846839996033625 -0.011555587682322866 0.9995278978582948 -6.4907327073318895
-0.9934159687168687 0.10988353942749524 0.03240865410996583 45.952263973184245 -0.11026287544997132 -0.9938505885893442 -0.010154105481356852 10.602473918101012 0.031093590912566093 -0.013660721924843546 0.9994231202452062 -6.35633450182524
-0.9932497245834041 0.10965928607076939 0.03781303470290103 45.77162241266327 -0.11004654577793992 -0.9938916903221602 -0.008310575846872422 10.532175207187363 0.03667072916287163 -0.012415671025471333 0.999250273322783 -6.368836191801846
-0.9932170474397995 0.1161398592959843 0.005606224904272442 45.831042915213665 -0.11603634141014786 -0.9931130797147856 0.01618574593769425 10.76363773960585 0.0074474255360599826 0.015425432963833178 0.9998532851727641 -5.86602297982752
-0.9929937984674985 0.11423971341567779 0.030209337692179 45.68285233613041 -0.11448948319861456 -0.9934020950062372 -0.006666023862582583 10.621603796399015 0.029248494696477757 -0.010077971816130866 0.9995213654755319 -6.172332507618878
-0.9931473237384798 0.11684711375903988 0.002268337999840806 45.63529775340979 -0.11675971527828793 -0.9928702881556891 0.023994995015153595 10.717689720291636 0.005055911315719609 0.02356571458340152 0.99970950523487 -6.059659180675915
-0.9926611904325445 0.11963148804597373 0.017665448676894596 45.58159169789872 -0.11950169746980925 -0.9927998654761091 0.008232339428047287 10.631355914101665 0.018523102085872743 0.0060608727532353805 0.9998100622171154 -6.122054729446246
-0.99270524559585 0.11994461769341165 0.01223045595511867 45.51232200294101 -0.11978236044504588 -0.9927119449112768 0.013235579197194217 10.53305207097594 0.013728856205115903 0.011674036013930605 0.9998376045090767 -6.164212212213421
-0.9927945991000006 0.11961791063287656 0.007102073901109495 45.422632987462045 -0.11947239089461989 -0.9926699201431669 0.018242188928004673 10.465705563080489 0.009232107657203224 0.017262244894208974 0.9998083731842936 -6.198420530431111
-0.9925716071130317 0.12157801579149984 0.004515620584523304 45.35605285557066 -0.12145631721834554 -0.9923685645324269 0.021283682379099528 10.529775408194151 0.007068787789823787 0.020577128178154384 0.9997632789991501 -6.061165210172494
-0.9928751956548679 0.11892652634095624 0.007438224639621423 45.28705840172737 -0.11882552494464066 -0.9928326249511543 0.012801306739372199 10.435916813882402 0.008907327037070279 0.011826248986032854 0.9998903936732156 -6.157776519533548
-0.9917446514801357 0.12815213977312462 -0.004424401893434853 45.1700666732806 -0.12822805827946576 -0.9912405523200181 0.03161854687022865 11.031318196347186 -0.0003336621385975259 0.03192485720996632 0.9994902161410602 -5.828105259493805
-0.9922445414099316 0.1242031374659442 -0.004934641406401562 45.12165119327877 -0.12429414611438243 -0.9918273759268547 0.028799680618857373 10.55387678616113 -0.0013173017463720476 0.029189672928400006 0.9995730227004165 -5.9826690545002545
-0.9924176655824972 0.12286005561007318 -0.003547361734830295 44.90017085930763 -0.12291057144187094 -0.9920951014122114 0.025304173207778665 10.607410584599986 -0.0004104480725876253 0.025548316762297765 0.9996735042217484 -6.110768104592143
-0.9920816408818086 0.12526742177308908 -0.009060401071915344 44.8573429817743 -0.12548334056874644 -0.9916563899990815 0.02952177863372132 10.940131444929943 -0.005286687523317199 0.030424943982088327 0.9995230731297405 -6.026983361857656
-0.991894283761292 0.12687087055591825 -0.0070364796636361495 44.74723239946809 -0.12702192826562572 -0.9914858041518135 0.028658853869475035 10.978858133485394 -0.0033405959581429643 0.029320340547359283 0.9995644841874047 -6.001953819317877
-0.992283400494652 0.12394203961159095 -0.003467552406852139 44.74909341527734 -0.1239900759534467 -0.9919678141965861 0.025026319407848635 10.380855457628433 -0.0003378873102572959 0.025263143410183295 0.9996807787575019 -6.151607718377702
-0.9921923982434889 0.12447174820081797 -0.0078120911202177535 44.50610440410034 -0.12465188737201095 -0.9917482226796633 0.029956131030707798 10.562326837169229 -0.004018935485162569 0.030696037391911294 0.9995206858519765 -6.119994588079079
-0.9917479587917899 0.12798098102247807 -0.00754020748020531 44.38298236304774 -0.12815725274170223 -0.9912481089570654 0.031668676302300976 10.971858431592338 -0.003421228145045603 0.03237367735621038 0.9994699796454217 -6.116947744494069
-0.9922232186149914 0.12444278109866494 0.0026605777073369 44.437581082528354 -0.12441050096056644 -0.9921801833401446 0.010025519330962178 10.519344735401367 0.003887375984959608 0.009616549253439795 0.9999462036971838 -6.540639797112883
-0.9920753830272401 0.12551396775391957 -0.005716492807891616 44.25566807455237 -0.1256293636442989 -0.9916282708262507 0.02984351669065351 10.631055610237851 -0.0019228576867060159 0.030325177605492498 0.9995382364979934 -6.185071570764756
-0.9923217322275877 0.12349544933413026 -0.006815698247618878 44.26235402712026 -0.12362386419041865 -0.9920464817840147 0.02368371133474445 10.532553051260294 -0.0038366588942676163 0.02434444441179821 0.9996962679108166 -6.098603576712168
-0.9924661841213431 0.12232596906124149 -0.006872457264776446 44.25376538868358 -0.12247866355934581 -0.9920153328953374 0.03007584202102462 10.486690184272398 -0.0031385264607715073 0.03069098554600088 0.9995239932377236 -6.0007436477774165
-0.9921258561233739 0.12524328565844112 0.000636403126163724 44.1238086206177 -0.1252034987983728 -0.9919157175937227 0.020671068651036427 10.56549528992689 0.0032201708194945994 0.02042862178435256 0.9997861280853451 -6.3232772097115815
-0.9918205902086098 0.12743458739752891 -0.00723483054853441 44.126515667323204 -0.1275942555900849 -0.9913867129738192 0.0295311916349303 10.981081420439956 -0.003409219655079369 0.030212766735080634 0.9995376761020871 -6.128857986086211
-0.9920857988385939 0.12549650066148532 -0.004049205417509703 44.092322633032175 -0.12554928735251683 -0.9919263272531952 0.017875618793918694 10.577813021981724 -0.001773185852288613 0.018242522405411254 0.9998320189853014 -6.344459850313917
-0.9922794569872448 0.12398994260971372 -0.0028237161237035105 43.92061661923857 -0.12401992193237932 -0.9918702034181067 0.028505412384663267 10.408926548685676 0.0007336245596278797 0.02863553217547187 0.9995896498523986 -6.144826166375963
-0.9914670820546078 0.1300325954135066 -0.009195071079236256 44.02550024024994 -0.13026146235928632 -0.990974656505951 0.03164145361606662 11.015780918980857 -0.004997662067940687 0.032569223093966614 0.9994569871089565 -6.035250178194814
-0.9924285271955885 0.12279226770124206 -0.0027708123687568017 43.97866986945842 -0.12282295103642815 -0.9921023253417993 0.025445996740120484 10.43805173804995 0.00037564224950841456 0.02559365241972039 0.9996723582498014 -6.134876088748611
-0.9918175750722846 0.12722977977940964 -0.010510990201586159 44.053285757886 -0.12744949504908204 -0.9915575543789787 0.023879752212164325 10.975407806345062 -0.007384036123245552 0.025023978326053818 0.999659580316854 -6.10954240424729
-0.9919210051292132 0.12657569488218978 -0.008444705355675852 43.98830245652227 -0.1267683756705218 -0.9915177289108937 0.028677032364641343 10.584632227656776 -0.004743259776867857 0.02951587234821304 0.9995530575043141 -6.0532817095092835
-0.9919008621632017 0.12645427786072508 -0.011916176006823676 44.03263025057872 -0.1267162670552502 -0.9916325439304923 0.024655333733809997 10.484354933977789 -0.008698695504845906 0.02596562012864546 0.999624989317423 -6.110275875311271
-0.9923083262639558 0.12353762204782565 -0.007914642506057905 43.9474413541978 -0.12366441113895381 -0.9921557505329408 0.018277858246445074 10.543559371297446 -0.005594554931904704 0.019116030529106653 0.9998016194885503 -6.077402430726332
-0.9921173894041775 0.1251733313315721 -0.005892602583185077 44.025355416581526 -0.12523464184759436 -0.9920600195851842 0.01154131803367616 10.529937849294525 -0.004401150207849842 0.012188300291909418 0.9999160340812852 -6.39209342746557
-0.9920543622392186 0.12580078252911822 -0.0015183797952309345 44.06212392656579 -0.12580990381080837 -0.991971968383077 0.01278600974970407 10.478752394236075 0.00010229983770938788 0.01287544396381337 0.9999171028027701 -6.444770879960899
-0.9918289577243395 0.12687843196588414 -0.01331097747469463 43.940809365644306 -0.12720722536390297 -0.9914879022205553 0.027749983162225485 10.659261593122098 -0.00967679878218715 0.029216489388095197 0.999526265944607 -5.990437279255419
-0.9917772767373616 0.12782041599513627 -0.0063067108907468635 43.965408482492606 -0.12791127237718022 -0.9916380079003548 0.017110455466387463 10.629537676023066 -0.00406690868852372 0.01777646034073997 0.9998337150303918 -6.3174491017790375
-0.9918006950956235 0.12744990280109011 -0.009375685779381146 43.8655640255708 -0.12767159828968386 -0.9913923567485408 0.029002723505497447 10.689743952752956 -0.005598588929211971 0.029961930120933865 0.9995353613281717 -5.971592461669884
-0.9917011770449142 0.1281516062874227 -0.01029277677255485 44.023183253816846 -0.12836890779038812 -0.9914277117110124 0.024341650810237148 10.686289616596165 -0.007085122471746818 0.025460916272151458 0.9996507103894564 -6.150695222383547
-0.9921173853983444 0.1253116903341035 -0.00027176454714413037 44.07206150260731 -0.12530922961893073 -0.9920788556575345 0.008783002308581908 10.360325160409765 0.0008310010045577175 0.008747823892378232 0.999961391761944 -6.529152302420928
-0.9917686503622706 0.12794037804261077 -0.005118967173444164 44.13001173538098 -0.12800248412859466 -0.9916666374836638 0.014582323503402517 10.597071166129185 -0.0032106409825135725 0.015117531814488936 0.9998805688762671 -6.254476188541393
-0.9921596426895158 0.1248389859207704 -0.005871201963694445 44.03277799734077 -0.1249164449370247 -0.992046136034492 0.015503088832078751 10.393127546306564 -0.003889113333524821 0.016114948753030916 0.9998625821702588 -6.359525888161813
-0.991959131312904 0.12631634157657765 -0.007827110300711058 44.00232138442329 -0.12646175828474054 -0.9917216554805927 0.022261665309815014 10.523100688309803 -0.004950302665712303 0.023072492313219152 0.9997215385305922 -6.220174854790455
-0.9920581135409752 0.1257530767462536 -0.002619741662353792 43.937785088743084 -0.12578006377761997 -0.9917952412449197 0.022838016552095265 10.558571296753753 0.000273703534194278 0.02298615089106081 0.999735746061727 -6.235696205973203
-0.9917306913888224 0.1282460656350309 -0.004814811168412892 44.03561594931196 -0.12831464745309185 -0.991555381777438 0.01879564090922194 10.97404989490562 -0.0023636849285853263 0.019258024751626752 0.9998117530196519 -6.238294812533335
-0.9918621663760587 0.1272484008949379 -0.004157809696299001 43.98274489668066 -0.12730127783114722 -0.9917178966031994 0.017029334088049422 10.907916154806541 -0.001956418755480034 0.0174200466878319 0.9998463453946538 -6.289765298618078
-0.9920552003101167 0.12541240858060634 -0.009909960225314197 43.92135008699361 -0.12565681635660075 -0.9916213659032006 0.02995715586286649 10.68565663247671 -0.0060699292236856845 0.030964406312390905 0.9995020567767449 -6.046232236925014
-0.9924092902461593 0.12285566691905517 -0.005503248040644458 43.83847382863913 -0.12293764520190875 -0.9922413402461412 0.01853262255477849 10.452479289659191 -0.003183712507829583 0.019068503151066445 0.9998131106173093 -6.3752696592349025
-0.9924047909730891 0.12283040910634015 -0.006739543933794564 43.997338661861455 -0.1229710532879785 -0.9920260255420894 0.027613125509727526 10.537812688090243 -0.0032940714795439197 0.02823216686581398 0.9995959653015617 -5.948336046204164
-0.9924065863704103 0.12298656962919584 -0.001863067223260425 43.85066314723209 -0.12300066280013275 -0.9922845420287923 0.015563566475682583 10.434046266400125 6.541684563836729e-05 0.01567454438118324 0.9998771446428224 -6.371442735545854
-0.9923071933173876 0.12379896460086032 -0.0005004541193655997 44.08020366128534 -0.12377790873027149 -0.9920458848361269 0.022890864773242064 10.451973196906739 0.002337391908079784 0.02277671494005416 0.9997378445650705 -6.368527996737397
