-0.991918645152173 0.0943959606199753 -0.08477502001245997 131.30375016598228 -0.09874751923039306 -0.993920798958108 0.04868647496301389 6.287647600241788 -0.07966384904913948 0.056664345201485306 0.9952099392276853 0.8043036012527998
-0.9928986456437576 0.08625530497800395 -0.08192863871660856 129.71553444369553 -0.09029591889342516 -0.9948072647816185 0.04695905630353721 4.594419631125368 -0.07745273726600943 0.05402340512109415 0.9955312879006545 0.7894505200968196
-0.9932518877284339 0.08556686173383538 -0.07828792816858758 128.98762378666268 -0.08940008282428939 -0.9948938745557527 0.04683805677499697 4.770914327651908 -0.07388039465864069 0.05352093557171117 0.9958299035179754 0.3826478897944579
-0.9932925119337997 0.08628211434535936 -0.07697650602841023 127.97141662093175 -0.0900834255976439 -0.9948078567460484 0.04735297867010232 4.520317238009699 -0.0724911178617147 0.05396966648435035 0.9959077833467974 0.2828846027712179
-0.9940401405920787 0.08023800676915088 -0.07379743329817816 127.07044257075496 -0.08398218589528335 -0.9952562881219219 0.049111235028544094 4.222163198286426 -0.06950677192860806 0.05501620873426691 0.9960632637702189 -0.1515221199961303
-0.9930069147470092 0.11805539737275539 -0.00043636658379988944 119.8551628036927 -0.11796932306212829 -0.9921275754068999 0.04202514644223919 18.774684139992686 0.004528364042112739 0.04178273888089686 0.9991164580021287 -5.470969493129895
-0.9925611764458431 0.12174641905210151 -0.00034707411282037924 118.7604922329555 -0.12166256374484255 -0.9917633683606044 0.04004549613949613 18.75963421768705 0.004531180362946893 0.03978983068595088 0.9991977971245284 -5.361071239071086
-0.992638719169128 0.12099870652958675 -0.005261770086459123 117.61706430933944 -0.12111283326712638 -0.9916156400897895 0.045056674836538455 18.586912684349112 0.00023414586345591948 0.04536226788293262 0.9989705750562586 -5.135488451952324
-0.9930116908057552 0.1176804430068356 -0.008893551417362868 115.90023459351659 -0.1179641703556757 -0.9919866534240732 0.045243054061466725 18.21546669179444 -0.003498061662629168 0.045976002025258034 0.9989364197997719 -4.82241575447321
-0.9871768697295403 0.14780176414526863 -0.06030312086900071 110.07803648197512 -0.1514107669943448 -0.986621276441858 0.06044200948373574 20.293360126393075 -0.05056290645501975 0.06879749550524512 0.996348481758783 -2.88203390091226
-0.9891317827580837 0.13124903466960416 -0.06627222069701476 108.30844453507424 -0.13479597852145359 -0.9894965688550008 0.052216706125772935 19.25502764825078 -0.05872274271746322 0.06058243245758443 0.9964343472428416 -2.679957071900264
-0.9855281386152206 0.15460758389365967 -0.06950383442794494 105.69337742852458 -0.15864914995444013 -0.9856915611371523 0.05694377509207798 20.88044137680467 -0.059705403577529084 0.0671464169227869 0.9959551312574689 -2.785003344280581
-0.9870128157166878 0.1448720074352981 -0.06941039599868332 104.02887796080907 -0.14880840696183983 -0.9873162107490844 0.05534219014056171 20.128040452964306 -0.06051247498248415 0.06495230137371855 0.996051925813992 -2.8654493308059785
-0.9871009724079526 0.1457603180920827 -0.0662238623229575 102.39851211269362 -0.14955360308019597 -0.9871406813056808 0.056453477457900886 20.067267973710425 -0.057143591740509994 0.06562929971478952 0.9962065071770728 -3.0176139883206696
-0.9862127946067308 0.15108121119362422 -0.06751882239978055 100.68823529116747 -0.15491888234741522 -0.986353476727384 0.05574010082544506 19.95294469785918 -0.05817614327379934 0.06543154111031071 0.9961597511351894 -3.0537597510824463
-0.9830503355805237 0.17008964342864394 -0.06842185990852237 99.81285786725144 -0.17404540625545364 -0.9831038344156423 0.056701387272597534 20.317590704374787 -0.05762147409081279 0.0676488281907408 0.99604387542318 -3.040350786293927
-0.9828346568837895 0.17156984508389334 -0.06782201328492966 98.49961655916047 -0.17533624086475788 -0.9830204946915945 0.054110162222190505 20.13768731138901 -0.05738675690040593 0.06507299957883202 0.996229022292702 -3.114218885649071
-0.9819791003834459 0.17627253535379478 -0.06815452802319319 96.91311925758737 -0.17978336689855212 -0.9824692306670766 0.049316850863191375 20.096098485621397 -0.058266520376104705 0.06068116736177285 0.9964551211825261 -3.2139204591848745
-0.9795329490370741 0.1889810552895897 -0.06929186454674982 96.32176913836592 -0.19255417759395685 -0.9800582776775949 0.04907811168677773 20.269817721078077 -0.058635232086569254 0.06141606546547165 0.9963884666438597 -3.242774136246472
-0.9762865328758643 0.20430200034338913 -0.07159118926879911 93.5787545912855 -0.20784507795314733 -0.977076609663097 0.046062158220399586 20.76418234818224 -0.06053948542794602 0.05984974106010547 0.996369900789444 -3.3060070747742905
-0.9764306606318061 0.20398373257417696 -0.07052518573705222 92.55325740819143 -0.20740114572948473 -0.9772188197599975 0.04503490931455624 20.479107245168752 -0.0597321498711942 0.05860047057815501 0.9964928776061517 -3.389298611556359
-0.9818371922209893 0.17820732248802432 -0.06509898757474993 92.88782893182075 -0.18131059102159416 -0.9823813173705033 0.04531464294018482 19.353290601677287 -0.05587662798529764 0.056294737702973115 0.9968493893020905 -3.5304543215707076
-0.9814223761999926 0.1813694691246225 -0.06257184001940751 92.09511144532944 -0.18432838126040565 -0.9818225404427283 0.04524982807159954 19.299750170619816 -0.053227505632704133 0.05594295977193276 0.9970141513018168 -3.6567922216392166
-0.9821360042189969 0.17942827337354336 -0.05669536075316358 91.70404889966326 -0.18201481227166794 -0.9822975758757112 0.04429537834150498 19.00474422891304 -0.047743872176987154 0.05382348133385586 0.9974084196188953 -3.8326800692155847
-0.9840734320160947 0.16834658415622478 -0.0570868461469786 90.89930681795278 -0.17095671208416927 -0.9842780563275293 0.044390431688377884 18.581838683215715 -0.0487163524234579 0.05344282398080003 0.9973818634663073 -3.851230968834334
-0.9867554997479001 0.15208040852189372 -0.05643698309699878 89.6409349532619 -0.15442563075060003 -0.9872024568395958 0.03979992182344033 17.738986593280103 -0.04966193999992352 0.047988108461231145 0.9976125666619143 -3.9755661585468745
-0.9898380569002578 0.13193007856099928 -0.05305728491745351 89.28258077733628 -0.13414274011280378 -0.9901320910076061 0.04054833698110192 16.91135537002463 -0.04718417517506991 0.04725353666968377 0.9977678872790288 -4.129324878620627
-0.9913664829825937 0.1212027849074011 -0.050023807826051404 89.12486154819942 -0.12342358796256206 -0.991378966452621 0.04398139163082618 16.625353503175795 -0.0442618837508562 0.04977579538317325 0.9977791618593798 -4.161429306131134
-0.9924203200255207 0.11291160845651028 -0.04850646427240116 89.29793332101065 -0.11526065574375935 -0.9921401415539521 0.04871263444761678 16.375330547918555 -0.04262498842186736 0.05393429514763823 0.9976343028229184 -4.122596511000121
-0.9937748624970525 0.10042972365453226 -0.048222331710979435 89.02477194900082 -0.10282846075991865 -0.9934344628173524 0.05014255422838525 16.03793715889704 -0.04286992333460785 0.054789038077658676 0.9975772305840865 -4.128620082530061
-0.9936412472122317 0.1018516120163404 -0.047992926230884 88.1890996187182 -0.10426898583235725 -0.9932464430457268 0.050886952851494555 16.034152832612328 -0.04248588509165719 0.055567549043410214 0.9975505987473993 -4.160832595932806
-0.9941872064825098 0.09931069282901274 -0.04158346734370745 88.29776204890787 -0.10128040720780575 -0.9936851734388168 0.048291357443005625 15.927974763984464 -0.036525026794300995 0.05222224025919346 0.9979673141140409 -4.307182132377181
-0.9940696610167645 0.0989763647995402 -0.04504651215233434 86.09795566849908 -0.10117698369497084 -0.9936354092163193 0.04951657825324157 15.884579988192225 -0.039858838623434846 0.05378059838446191 0.9977569444614296 -4.28827270866927
-0.9948616765777921 0.09190722740150797 -0.042465350913435 84.24806761549974 -0.09390317156694106 -0.9944392044883554 0.04767455239688908 15.684342221011708 -0.037847573852269105 0.05141721626013932 0.997959834374894 -4.407063569491925
-0.9952519300884595 0.08745320489920538 -0.042726251977706894 83.00747004395166 -0.08933282109748737 -0.9950178350606367 0.04426234275335251 15.626096076041499 -0.03864249901298524 0.04786903867960155 0.9981058623242 -4.464898408864203
-0.9948743145452396 0.09077650048270806 -0.0445502549741065 82.13689221699245 -0.09267561553629261 -0.9947849713481343 0.04259214792499906 15.619742225584817 -0.04045155798129538 0.04650255627391683 0.9980987845483428 -4.453748272603352
-0.9948360700462853 0.09141953598552682 -0.04408698419099172 81.12129959018127 -0.09325382687268356 -0.9947764757469895 0.04151490183050511 15.631347233375424 -0.04006142169799856 0.045411801776502454 0.9981647412882039 -4.512801019343346
-0.9951117159614963 0.08717988679929319 -0.04639331949574777 80.22420182680963 -0.08916128894804826 -0.995109905816191 0.04250341044691049 15.600524623918012 -0.04246100928256844 0.0464321298688602 0.9980185970244012 -4.491888289213896
-0.9954403722079455 0.08463557633696359 -0.04399186966503212 79.38684557333502 -0.08654166412622417 -0.9953026491452502 0.04339558704198392 15.53790447618157 -0.04011241389867965 0.04700484892609035 0.9980889431451808 -4.543249193159182
-0.995720009604695 0.08144812288351651 -0.04367912260543412 78.78812100055976 -0.08331005974567847 -0.9956106076954213 0.042649171029740265 15.462029808565138 -0.040013702877888746 0.046105543301262895 0.9981348518406217 -4.587944050615349
-0.993847476572007 0.10149847454653414 -0.0443311738642897 79.09831830861387 -0.10340706566440132 -0.9937041646903885 0.04311625966687401 15.680264116611346 -0.039675837510218276 0.04743514247591061 0.9980860359589089 -4.59446418362556
-0.992328163241842 0.1148583033025574 -0.045742612513304436 79.79029528076889 -0.11701007574140072 -0.9919931321786726 0.047521236151308356 15.776155817885238 -0.039918148905928506 0.052509007539800465 0.997822301572343 -4.47869719225791
-0.9933915984890206 0.10773326813026367 -0.03958124542512992 80.28191820271607 -0.10951967929471196 -0.9929133317166572 0.04613627148472971 15.428653332638996 -0.03433033496216539 0.05016630978358459 0.9981506747300718 -4.523450037427525
-0.9937163004973291 0.10519140379908526 -0.03824503487633525 79.91670157777833 -0.106954313329505 -0.9931329584741146 0.04740993200453062 15.241622623969588 -0.03299528733210453 0.05120249368183319 0.9981430837583641 -4.509078841339057
-0.9938260656164296 0.10393788834436704 -0.0388158043570782 78.6892882460368 -0.10571079643603086 -0.9932942110771684 0.04681706694623904 15.12746250968562 -0.03368944668932071 0.050631271039773426 0.9981490347511608 -4.551292156269623
-0.9932299801483705 0.10813506129752448 -0.042438367695397564 77.11596884495685 -0.11009944839710199 -0.9928061085375531 0.047054673659187606 15.250882231150369 -0.03704481066388218 0.05140855345853962 0.9979904020751833 -4.546837809199519
-0.9936770260411714 0.10462172026793858 -0.04074633193495134 76.6865783796994 -0.10647758594259131 -0.9932317824498528 0.046402047619965456 15.088343937015749 -0.035615889850089615 0.05044721974167728 0.9980914719656376 -4.55407744821031
-0.9931747376885581 0.10930658006879215 -0.04069412698336738 76.28451517832193 -0.11114713951264746 -0.9927339514860611 0.04610439181937258 14.954816537961369 -0.03535892808654636 0.050312753060661235 0.9981073955662499 -4.518342953056025
-0.9929530976574895 0.11226779451157164 -0.03794849361845578 75.89669982671512 -0.11397205517502039 -0.9924090157689718 0.046202987561881285 14.822727776696047 -0.032473319688388846 0.05020246742909188 0.9982109976214746 -4.545633095506398
-0.9928595629931908 0.11270717235886737 -0.03907661029118688 75.31967719218108 -0.11448255029513774 -0.9923299866524061 0.046636287034448 14.773274320415418 -0.03352064812770564 0.05077687356767113 0.998147321420942 -4.541242346796393
-0.9926155863843703 0.11413779134796717 -0.041071428670427644 74.43267124975291 -0.11610120263124057 -0.9920231209138485 0.04909825169939661 14.754990475581739 -0.035139840842012125 0.053504132163463454 0.9979491467139227 -4.552324507300877
-0.9924507978379921 0.1153772404218646 -0.04158733296780653 73.39922857284306 -0.11738747499240967 -0.9918439535476458 0.049656344266267596 14.751208682423327 -0.03551893277741134 0.05416331049353438 0.9979001659538628 -4.603158675941697
-0.9923995167547289 0.11560498715855685 -0.04217447200679061 72.46104301033513 -0.11767098191750289 -0.9917768402935766 0.05032135800893931 14.659295170631347 -0.03601026464152003 0.05490160290340411 0.9978422093893864 -4.642744481490442
-0.9921807235204125 0.11737345681733864 -0.04243681785037937 71.67411058536374 -0.11945979033185632 -0.9915531387639855 0.05051466619869025 14.545140156052991 -0.03614927894698479 0.05518917142016584 0.9978213191697108 -4.681023038842703
-0.9919746057952887 0.12051417501575068 -0.03824545826054052 70.23554666568481 -0.12243066528164173 -0.9910873106316425 0.05250404654535862 13.866647095729492 -0.03157710651691134 0.05676509777332853 0.9978880748955843 -4.928858338648683
-0.991881026930968 0.1215678103740651 -0.03732687899127549 69.9118955636097 -0.12346303373108804 -0.9909035330809318 0.05354500377857217 13.832077052306698 -0.030477987405507098 0.05771876305488853 0.9978675446546666 -4.928960309279413
-0.9914633865504576 0.12456885152424461 -0.03850914644379128 69.38339714162979 -0.12652633381241354 -0.990522680970241 0.05344067117393601 13.794577339825175 -0.03148713994455763 0.05785688993941814 0.9978282118203832 -4.9358874215542095
-0.992487966592315 0.11702145594617952 -0.03568774324192926 69.43942711261923 -0.11880214307974091 -0.9915183662676721 0.05270085533991937 13.617735889492176 -0.029217922053531353 0.05654474513281263 0.9979724469286474 -4.938954637018019
-0.9928549247589363 0.11423684449445694 -0.03448248456656689 69.06360664706992 -0.11596221373141731 -0.9918356125415806 0.05305546796309726 13.50033637158417 -0.028140066958755375 0.05667504789784936 0.9979960298404739 -4.971451723462624
-0.9925600568439638 0.11610090877525822 -0.03667577592186598 68.44739066560359 -0.11793521372199481 -0.9916275302101925 0.052593979632513894 13.451495626043487 -0.03026250026450008 0.05652804888546341 0.9979422632431988 -4.974151050120468
-0.9928140976940448 0.11427772671994267 -0.03550730341339092 67.90643698794533 -0.11601107993513164 -0.9919199861857515 0.051343649437421125 13.345459267196834 -0.02935296837208971 0.055093939603104096 0.9980496285590063 -4.990802268498225
-0.9926219237221908 0.11587319256043196 -0.03570881952573252 67.21272413296433 -0.11757829605740422 -0.9918009646746608 0.05006186938834906 13.326590458918727 -0.02961521302144333 0.05389109125144877 0.9981075540448703 -5.002727695270915
-0.9931992410761997 0.1113607332640221 -0.033971379314986214 66.78127707708417 -0.11291809013947976 -0.9924438342489165 0.0480077158440847 13.19676883618399 -0.028368511503361078 0.05151721021379864 0.9982691043034828 -5.0442762376720465
-0.99273897001303 0.11384364163182566 -0.03884536880346776 66.1179802831044 -0.11564102796545436 -0.9921464901951847 0.04767068957407736 13.433596344515335 -0.0331132914184848 0.05181666964771048 0.9981074805240503 -4.918184114205695
-0.9922884828213808 0.11666189448628606 -0.0418756401134859 65.0943298710717 -0.11869769840328988 -0.9916729942642311 0.04995526839866795 13.554045967557819 -0.035699065167112104 0.05454057958888408 0.9978731893002812 -4.887950357211052
-0.9924952093337446 0.11464498079191969 -0.04254160115456007 64.562058272373 -0.11669720679505911 -0.99193938454111 0.04937630324800037 13.443495758728913 -0.036537944329204756 0.05397023045557706 0.9978738361380057 -4.922732852878634
-0.992787885454959 0.11223628489696984 -0.04213348841957023 64.1837018766958 -0.1142055633288604 -0.9923129194630155 0.047667170794306345 13.294091733343222 -0.03645961873928222 0.052135268478466515 0.9979742531659211 -4.95051902826039
-0.9924674621261945 0.11568127157125291 -0.04032592253693133 62.92655963322532 -0.11760584583713415 -0.991842930825117 0.0491575589017554 13.068195665371277 -0.03431037227616277 0.05352984195666252 0.9979766301744597 -5.091368301174177
-0.9896404662911901 0.13773291772892102 -0.040514082154786635 60.41075098004043 -0.13967395274545735 -0.9889456778515854 0.04977582930638718 12.709066100252574 -0.03321045623635458 0.05491893692121655 0.997938362808061 -5.314681019439875
-0.9890353186687708 0.14217231898566188 -0.03995209806763538 59.84231376455799 -0.144079734574553 -0.9883126606658849 0.049790710503589644 12.615038548047979 -0.03240630356416974 0.05500105891494346 0.9979602772693683 -5.347190639438344
-0.991421404627634 0.12592643272648082 -0.03501616750806368 60.258887142355896 -0.12752289263600977 -0.9906798642001368 0.04786771899881255 12.580802203620918 -0.028662000975423565 0.051922444175778765 0.9982397254622272 -5.360535349485495
-0.9922097816346512 0.1202959575743944 -0.03238258513122425 60.19124892145181 -0.12173664356879682 -0.9914508184667832 0.04696236976723973 12.493854988656546 -0.02645635729130947 0.050538669875754526 0.9983716262024283 -5.391929656132787
-0.992482518967225 0.11827542496140105 -0.0314543064568034 60.03232346930386 -0.11966559043197114 -0.9917125050225644 0.04675953216662976 12.413501669440176 -0.025663125512019516 0.05017201642424717 0.9984108236376903 -5.4084401262376085
-0.992960966372193 0.11424748447880595 -0.031241503668491002 59.946385879586984 -0.11561497506236147 -0.9922204191941232 0.04617160681165714 12.354097262475626 -0.025723467933628695 0.04945858898620327 0.9984448663661739 -5.40155068294484
-0.9925764895698636 0.1175674744992935 -0.031141632793169595 59.75059229366237 -0.11890457498222676 -0.9918729935814816 0.04527324432826525 12.262236579084197 -0.02556588354551275 0.0486400405383125 0.9984891246553341 -5.420098618021967
-0.9928290543452057 0.1160041689396464 -0.028870428410900494 59.41823045224964 -0.11719821806491383 -0.992141005622689 0.043826962527804846 12.165368430289877 -0.023559425511161573 0.04689624452583113 0.9986218982773039 -5.459929882794912
-0.992939739203364 0.11552887048823568 -0.026902683778233297 59.07595054605995 -0.11660551973025572 -0.9922622609649574 0.042646901800128416 12.069665030937854 -0.02176756943702362 0.04548280497535059 0.9987279346110168 -5.505888453177781
-0.9927990129656702 0.11683032793809088 -0.02647252024782914 58.81930879680778 -0.11787976845700006 -0.9921252270692492 0.04233076896672999 12.077068449241043 -0.02131853754171812 0.0451465202055346 0.9987528781787908 -5.525277517398213
-0.992810853625293 0.1169216521828368 -0.02561125093882697 58.55947926494988 -0.11791156332644599 -0.9921637343598375 0.04132780486614375 12.107250566859864 -0.020578439147054102 0.04405055586455873 0.9988173388414399 -5.533007020566938
-0.9928091788294692 0.11706730097065766 -0.025003629244706334 58.28026758900933 -0.11803032874220289 -0.9921496720774376 0.04132638011781088 12.106483435324652 -0.019969374776601656 0.043980396088258884 0.9988327932296568 -5.543544927754454
-0.9926824190027778 0.11830205608057867 -0.024212363162346158 57.682578207087126 -0.11921934073316688 -0.9920293421869251 0.04079868913740397 12.002011718864285 -0.019192805890385904 0.043386723398867365 0.998873980257156 -5.568915251493764
-0.9926997401738293 0.11831839605695668 -0.0234090370012 57.20261494566713 -0.11921251955730187 -0.99200381851598 0.04143427603466511 11.864284614207984 -0.018319417010769418 0.043922445335225865 0.9988669669961914 -5.582146253530567
-0.9922276933665302 0.1221691542768189 -0.023641113760365966 55.76814451786882 -0.12308681292961418 -0.9914936678394906 0.042307719355143616 11.91504902140665 -0.018271316301076854 0.04488880013422216 0.9988248868661364 -5.61563278974221
-0.9892271677988846 0.14362299244880172 -0.02832042599715892 52.67634610929566 -0.14482352841979454 -0.9883759114969222 0.0462515209336414 12.526195517350267 -0.021348445017125153 0.04985472507883697 0.998528292179384 -5.7427224701063215
-0.9904675377317721 0.13532075231229743 -0.02573617479730158 52.65864896133749 -0.13634972720373534 -0.9896990398358461 0.0436412928254464 12.529830472751415 -0.01956549490891608 0.04673440426113061 0.9987157187445005 -5.761968413353087
-0.9910668090885585 0.1308053819335479 -0.02601022837745068 52.45777765879851 -0.1318119289218594 -0.9903962088514129 0.04172487131980463 12.522979764023601 -0.020302593847271323 0.044780593452679096 0.9987905201457953 -5.766490592991274
-0.9915580490770021 0.12735629118071545 -0.024351805011295094 52.216242821608866 -0.12825387726567844 -0.9909440808614131 0.03975891814492038 12.520199408409473 -0.01906772867793942 0.042546488720305725 0.9989125177014491 -5.7863215990244585
-0.9918231347660915 0.12546046212596915 -0.02337823316481568 52.14133214112624 -0.12628708418415743 -0.9912626787340039 0.03807721257335024 12.570733539624802 -0.018396785345101915 0.04071822923741672 0.9990012933408784 -5.8037359928596
-0.9920100043272694 0.12420521081140268 -0.02211824861762721 52.061382341358744 -0.12495523318058901 -0.9914882336453932 0.036568733140793494 12.52091813348694 -0.017387956044362683 0.03904034003480296 0.9990863380281875 -5.819955406095647
-0.991983085716135 0.12454120608120572 -0.021425350427338473 51.85740778314247 -0.12521105354056028 -0.9915666003757637 0.03343454935430635 12.525873173606342 -0.01708068278372835 0.035849198137495875 0.9992112315564492 -5.844333076370779
-0.9922102717575806 0.12287980306438447 -0.02047756376166304 51.695186403545634 -0.1234926403817083 -0.9918302202348768 0.03197470876171331 12.500682047116346 -0.016381220659923524 0.03425446288734145 0.999278883686633 -5.861244262197467
-0.9923493224177463 0.12188903974285531 -0.019643937680982982 51.45371050370802 -0.12245618362961258 -0.991994220281674 0.030853687277739194 12.427607342348752 -0.015725946328298417 0.03302315730402453 0.9993308589720257 -5.881034404954094
-0.9921906476159921 0.12340109222272747 -0.01816285279345291 51.66368490488462 -0.12388940177889758 -0.9918780315507931 0.02879907383565548 12.362697781453393 -0.014461497509793964 0.03082435668691871 0.999420193974791 -5.884261092411174
-0.9922760780687034 0.12274347496419324 -0.01795060573656927 51.45439160410047 -0.12321128476460921 -0.9919906858018894 0.02781112347519449 12.307937639884335 -0.01439319975717504 0.029808029723756006 0.9994520084349926 -5.900837041887529
-0.9926360002709316 0.11963638503054562 -0.018997535180964517 51.1512135032948 -0.12013509597667303 -0.992370130518223 0.027732341587378636 12.22161009197229 -0.015534789371112055 0.029810391343728107 0.9994348457438983 -5.9357147922566655
-0.992666513173972 0.11918494072604958 -0.02020256239103476 49.433708809826065 -0.11976454598054162 -0.992335866576906 0.03042994300251356 12.029184506283976 -0.016420936304329815 0.03262633612879357 0.9993327148861415 -5.988407168183227
-0.9928284548651096 0.11767289340086885 -0.02108908174464218 48.78386210881853 -0.11829354956816027 -0.992491556448625 0.03109897922367852 11.974368027964784 -0.017271228697748366 0.03337065382723353 0.9992938027038986 -6.024618651007402
-0.9930009673787495 0.11638047689019661 -0.020116246759471997 48.396084295194356 -0.11696491147971476 -0.9926571316775302 0.030838748552546893 11.925059611022304 -0.016379507545132444 0.03297580216695454 0.9993219242086291 -6.038566399511958
-0.9931581355909556 0.11521160495531786 -0.019057906315409136 48.101644676585146 -0.11576762573103369 -0.9927852468609808 0.031229960739425185 11.7940186364625 -0.015322354326515998 0.03322257814808537 0.9993305187769956 -6.071749842318113
-0.9937364347696842 0.11043452922081996 -0.017091312618263733 47.81029683153867 -0.11090696134809053 -0.9933859124293012 0.02973339724185688 11.6542924840535 -0.013694675453368086 0.03144270571665534 0.999411733031709 -6.086222373029233
-0.9939371933748625 0.10869702249903851 -0.016547293614316172 47.516704352448926 -0.10915243034981952 -0.9935814876452544 0.029691317878801336 11.571770559320614 -0.013213726758316809 0.0313174824737711 0.9994221393968952 -6.106291003671926
-0.9937377772083368 0.11059144578152644 -0.015961274040502543 47.62246918653287 -0.11100615958452101 -0.9934257085222198 0.02798203318969799 11.936219469975526 -0.012761766466248204 0.029578603197012526 0.9994809870875916 -6.131229088935098
-0.9935253496124313 0.1124437637607449 -0.016241295170713335 47.55685100925868 -0.11284293747660669 -0.9932671973297591 0.02620584229417816 12.102095855667093 -0.013185262195141831 0.027868884082699354 0.9995246240892914 -6.1510891089552615
-0.9934413261996402 0.11302968106276799 -0.01728070014649707 47.44776270747243 -0.1134493164784442 -0.9932135605211807 0.02561397640773609 12.290525642158919 -0.014268286136685559 0.02740646631163661 0.9995225368219761 -6.168190129465068
-0.9933743232207426 0.11377048370245796 -0.01623979691516009 47.04372858675779 -0.11413353899066768 -0.9931869536363174 0.02352042525308387 12.302607742092734 -0.013453224267909325 0.025218092012062973 0.9995914458377905 -6.210954327070192
-0.9934740188513602 0.1130562207838936 -0.015088565518285071 46.47307268526224 -0.11335173696038653 -0.993344964860445 0.02042460561357437 12.287874414585986 -0.012679021862883177 0.022001630132109855 0.9996775333456989 -6.252875514879228
-0.9934698511301394 0.11337941489373045 -0.012757867134397449 46.02239848770042 -0.11362286228858429 -0.9933160439864169 0.020324416954037215 12.257178881667246 -0.010368223609339056 0.02164128086614183 0.999712035989198 -6.269975669429437
-0.9932625766468743 0.11518277545771086 -0.012742922376081491 45.49913010182823 -0.11543632634568325 -0.9930850169281403 0.021368287546035678 12.23943080198191 -0.010193546617233951 0.022695316492509422 0.9996904592005884 -6.301966538554719
-0.9934271252638849 0.11369749645204554 -0.013244851470516274 45.02763687455696 -0.11393650126275343 -0.993307170590475 0.018956226775070133 12.28330816519812 -0.01100093041256687 0.02034070190730351 0.9997325819317808 -6.342220701361481
-0.9941993222846579 0.10720521781475602 -0.008645741265402879 44.26569253909333 -0.10731376236661519 -0.9941368168993922 0.013256911098526671 12.254384668270399 -0.0071738396594548835 0.014107819053381779 0.9998747448886293 -6.407809022288069
-0.9951289174172094 0.09815836974939053 -0.009130836117449892 43.3020206096578 -0.09823741295280146 -0.9951253918712996 0.008652464928833507 12.978942966577153 -0.008237015017761778 0.009507307775894652 0.9999208782111008 -6.430211712096945
-0.995672284860382 0.09242055836145903 -0.009754053160969101 42.813144407645424 -0.09249373851317431 -0.9956862269763761 0.007337966026617657 13.051808495753553 -0.00903379747215487 0.008208398242464497 0.9999255035759055 -6.456535083637455
-0.9949003921537983 0.10019542964294417 -0.011579532412606319 42.31773200414394 -0.10028586921725068 -0.9949303092724331 0.007511599457441159 12.958890784574068 -0.010768199829560484 0.008634556719037931 0.9999047406141779 -6.471689981086604
-0.9937500894904587 0.11095090503716852 -0.01227421317812204 41.780404764028304 -0.11106286320748578 -0.9937739920456041 0.008848341646813822 12.86236475358714 -0.011216062315449058 0.010156249562544675 0.9998855187174998 -6.472433019274798
-0.9919660260646436 0.12580514040355784 -0.013284192921122637 41.318624356963134 -0.12594682683353176 -0.9919821948542452 0.010426979559154627 12.76903080140154 -0.01186591522333798 0.012016311422611729 0.9998573939896197 -6.485390411697548
-0.9904058011937292 0.1375823003338461 -0.012940618094017158 41.4525905351934 -0.13774437192985373 -0.9903877109717549 0.012596426389103348 12.668808224449714 -0.011083183814094566 0.014258071081822272 0.9998369219255565 -6.466937038037931
-0.9907396346545085 0.13519828983665708 -0.012505948580744724 41.60703224373342 -0.1353476328248829 -0.9907257242475432 0.011981552607603753 12.590490986230712 -0.010770079542924872 0.01356324958968454 0.999850010575193 -6.456711085516184
-0.9912515691422266 0.13136860884765428 -0.01275206973420231 41.88600447578594 -0.13156909686120968 -0.9911711137821041 0.016413285931412953 12.548917267639549 -0.010483292622047936 0.01794747373233329 0.9997839710469616 -6.427633219297025
-0.9925347296816831 0.12193544064810417 -0.0025609938833077057 43.18144917975506 -0.12195881639978864 -0.9924467157873547 0.013250034915366964 12.460915497148001 -0.0009260011226322098 0.013463455605811843 0.9999089347961035 -6.329846191188607
-0.9923352971941247 0.123463182597867 -0.005244090527278764 44.96290178648402 -0.12353956536877989 -0.9921700978933999 0.018343190417539387 11.907736119215873 -0.0029383211438639596 0.018850447978971917 0.9998179968773578 -6.216686728856412
-0.9932827194009133 0.1154792472005847 -0.007347299199188336 45.14656488380883 -0.11560621028128752 -0.9930897717708757 0.02019676579235553 11.573007066638183 -0.004964220375266549 0.02091049186555509 0.9997690272488031 -6.17777707610875
-0.9930849367828429 0.11706470511441505 -0.008840992676066068 45.33734212733067 -0.11722873582318279 -0.9928799183080109 0.021139804114082797 11.466223752006869 -0.00630331915118257 0.022030039427072667 0.9997374382959405 -6.15880164308041
-0.9930435949302876 0.1173045542855208 -0.010200985825456308 45.36397807113788 -0.11751625744003431 -0.9927931274402986 0.023489047332752127 11.451370755576104 -0.00737209639266899 0.02452442968121018 0.9996720484957018 -6.145040925988663
-0.9926238836381264 0.12065761915109156 -0.011813745043789518 45.4512832932581 -0.12092927887021039 -0.9923232981972571 0.025895585856508047 11.58750516668949 -0.008598554709945874 0.0271332046708735 0.9995948449552908 -6.135383093014732
-0.9926609150411349 0.11999658671958156 -0.01500423024859104 45.44575708710653 -0.12037748063834937 -0.9923397641702965 0.027767869950931397 11.735727200242511 -0.011557244691858504 0.029370250630477577 0.9995017851274944 -6.123358609906924
-0.992624615958633 0.1199858754509915 -0.017313621378545748 45.48994971700893 -0.12045335076572769 -0.9922922504951845 0.02910463702772379 11.77194024623861 -0.013688026968483742 0.030975462861194424 0.9994264148091451 -6.13394484614884
-0.9925566723635458 0.12013952816910009 -0.019943568334553716 45.642559575997524 -0.12067330822230585 -0.9922929552116153 0.028153929034597278 12.00792051389399 -0.016407462609836207 0.03035102648522741 0.9994046279470669 -6.156390087834015
-0.9926343555330014 0.11960150682496737 -0.019300667884553563 45.66830015060685 -0.12010284659231674 -0.992385265428859 0.027327480676463334 11.977608495899219 -0.015885290554931722 0.02944426132368929 0.9994401898158294 -6.158676501691881
-0.9928856707579151 0.11756339879100978 -0.01889158723646538 45.516848166699674 -0.11803962597704722 -0.9926564037667521 0.026455826580479236 11.821885561142889 -0.015642618156969067 0.028497567011319443 0.9994714589079743 -6.158647947602697
-0.9928348460140305 0.11814723788841598 -0.017894097340580426 45.442236018472194 -0.11859340797086254 -0.9925931880865034 0.02635083585254091 11.805873107458737 -0.014648280655188082 0.0282841500421801 0.9994925886319709 -6.163155457915053
-0.9929441298270918 0.1172981600948191 -0.01740967203285612 45.36172023460553 -0.1177164945133477 -0.9927237856347817 0.02534388199221842 11.790140501707077 -0.014310204799769402 0.027214464413538544 0.9995271837050141 -6.173826511960132
-0.9929981463956664 0.1169077829198509 -0.01694849691090527 45.20479351199035 -0.11733402880024889 -0.9927302468108906 0.026821311531919294 11.713965205059615 -0.01368966545523722 0.02862214805976151 0.9994965561222191 -6.171824685867422
-0.9929876370038219 0.11704152182015302 -0.016638357118143147 45.03002330732257 -0.11746936302878465 -0.9926926499733418 0.027608901436319836 11.654499791130533 -0.013285386978922823 0.02936979501003629 0.9994803217842242 -6.1813677994022065
-0.9926023462963037 0.12028083531958866 -0.0165258216711108 44.957582058362775 -0.12070143366773223 -0.9923111274961893 0.027382296430434484 11.655438681406547 -0.013105191247639562 0.029174422052070447 0.9994884226744716 -6.187771175676902
-0.9923780721988585 0.12206572508802918 -0.01690327121051817 44.910696058307295 -0.12250058935340337 -0.9920828575508635 0.027662417858607638 11.612360236899107 -0.01339281251088912 0.029522237592173102 0.9994743969009955 -6.205955223433292
-0.9923844340155124 0.1220422596231471 -0.016697963642066074 44.88620166943641 -0.12247597006310329 -0.9920754584799916 0.028034290410505286 11.584058119159993 -0.013144271787255257 0.029865892717195957 0.999467486500382 -6.207516930267914
-0.9927054636649087 0.11929495664388942 -0.0174520981310743 45.05439751691257 -0.11973914952444065 -0.99243504408516 0.027114928413291512 11.694685031833847 -0.014085399568625452 0.029006836970389117 0.999479967246955 -6.213260958422275
-0.992578435200947 0.12049834587037297 -0.016376770638674102 44.949678019231484 -0.12092461836719624 -0.992262087453421 0.02816356645268993 11.65866186782644 -0.012856385448317053 0.029934903458857357 0.9994691665619972 -6.205989340505009
-0.9928617855746601 0.11841052715507241 -0.014297615338229288 44.75651430052536 -0.11877244878159438 -0.9925299873288574 0.027880632406952616 11.702176651045987 -0.010889451589761345 0.029379777259976324 0.9995090037274541 -6.200906975634268
-0.9927447416246293 0.11940768885077911 -0.01413088178287161 44.46623633810828 -0.11976717871060152 -0.9924030455445989 0.02814281609051095 11.598253484832917 -0.010663061490432078 0.02963104853219123 0.9995040270466844 -6.202410426489516
-0.9924412495112631 0.12205140300931318 -0.012799269197493105 43.90553160187408 -0.12236988533307457 -0.992087629530289 0.028066821988706015 11.339519105513926 -0.009272401636126783 0.029420916988325736 0.9995241028666961 -6.208723185949561
-0.9920969642100758 0.12487263980662826 -0.012265293835807545 42.69799991399856 -0.12520426314100558 -0.9916275111751346 0.03160334747979633 11.003817293850988 -0.00821620937370514 0.0328892521705022 0.9994252303175072 -6.180691538396506
-0.9914208968180691 0.13009860602033926 -0.012607857233875556 42.21261329109344 -0.13044980975084797 -0.9909088824244647 0.03290036273759821 10.929366480633297 -0.00821294639166189 0.034262799708474165 0.9993791112824576 -6.194390169283747
-0.9912737839736055 0.13122293702835439 -0.01252301897750697 42.001024612633145 -0.13158568031041476 -0.990694285286987 0.03478565562062405 10.927038852885643 -0.007841807438561423 0.03612995844675399 0.9993163323786634 -6.213587423548474
-0.9911654728818675 0.13216008362727727 -0.011167706232793055 41.955483947295 -0.1324746363846777 -0.9905691678318005 0.03497419699960337 10.916599913520908 -0.006440192669343197 0.036144654330215444 0.9993258166793011 -6.219498023935108
-0.9910344647199675 0.13315668710011674 -0.010953831189927939 42.014572730633596 -0.1334599678192398 -0.9904534687909679 0.03450163981075062 10.87030166350863 -0.006255136041893816 0.035654212099913436 0.9993446104485882 -6.227991631153012
-0.9909014689318131 0.13422230658312068 -0.00993233528919834 41.92429713313932 -0.13448833134562788 -0.9903161705128974 0.0344495450268545 10.88040143382996 -0.005212254853605312 0.035471887970551876 0.9993570821098767 -6.247183471572014
-0.9908450298239954 0.13459714804129597 -0.010475428976451892 41.83808788451884 -0.1348812958340093 -0.9902684103355702 0.034285733557960905 10.930116718604111 -0.005758724444688742 0.03538478812453609 0.9993571703160811 -6.273122752216417
-0.9907129343247989 0.13553558419354036 -0.010862190335001402 41.8095113824981 -0.13583653441235513 -0.9901168300283663 0.034886943308753006 10.904351491290466 -0.006026415219577544 0.03603842826627125 0.9993322340481723 -6.278815599611325
-0.9909775539297365 0.13355538221197955 -0.011244887267097386 41.83239737213302 -0.13387036868622143 -0.990389741767811 0.03474023300015945 10.975951127123443 -0.006497075900199155 0.03593214832572822 0.9993331119909185 -6.286938732207502
-0.9911856815188589 0.13193760379811462 -0.011975535729591737 41.95235689907477 -0.13227143793206292 -0.9906438986577293 0.033599594634586 10.930382445547023 -0.00743044139900215 0.03488745843759916 0.9993636244052477 -6.281205483336967
-0.9909710065596623 0.13355092216616132 -0.011858134199969571 41.99891751581213 -0.13386580357013647 -0.9904920639769068 0.03170832435325375 10.867116402427 -0.007510711860922187 0.033009428764185306 0.9994268191418615 -6.26414583274039
-0.9913194806567219 0.1309513288445245 -0.011723341858949334 41.94059962786995 -0.1312681574038591 -0.9908172767787541 0.03240053839886915 10.862377157844042 -0.007372796096820351 0.033658186383004746 0.9994062078890341 -6.263264907053048
-0.9913446871767226 0.1308030364945329 -0.011237297286604596 41.947850584945414 -0.13110363613568543 -0.9908388666896066 0.03240643222051877 10.824531797001052 -0.006895491171715308 0.03359919494677524 0.9994116000429663 -6.252702051295347
-0.9913831931665325 0.13052301894552154 -0.011095306768543275 41.860894306083715 -0.1308185182531264 -0.9908788352772291 0.03233649767221279 10.784868636073387 -0.006773447349555574 0.033509331909124855 0.9994154516946504 -6.251940681575206
-0.9913602259552419 0.13072898891026513 -0.010716055825994001 41.89957112951321 -0.1310039429701516 -0.9908926394007829 0.031140714629226112 10.830315708381441 -0.006547466703963415 0.03227551145753075 0.9994575639015053 -6.2414116723066755
-0.9913289209788427 0.13093225984707857 -0.011122668846461972 41.89547325327537 -0.13122367209896307 -0.9908479068253537 0.03163500309276957 10.849590506973394 -0.006878830699622749 0.03282025093069097 0.9994375982606755 -6.24090760138485
-0.9914174110832765 0.13030147952645507 -0.010632094532850026 41.88262130455131 -0.13057242275034614 -0.9909568375220353 0.03090936080606343 10.869122448668882 -0.006508411330261101 0.032032336810651096 0.9994656422210915 -6.242949361997864
-0.9913310248550421 0.13096114199811154 -0.010581986883941852 41.85221974677039 -0.13122517857835894 -0.9908943129266047 0.030139892448189775 10.980564056955961 -0.006538475888046836 0.03126723358824379 0.9994896740020905 -6.253964802035609
-0.9914612533049859 0.12999675190139057 -0.01026779869317777 41.87264506996653 -0.13025908771860129 -0.9909831434256177 0.03138438326631444 10.917110596403637 -0.006095347539977447 0.03245387405807557 0.9994546476939343 -6.244179273864758
-0.9917188822895203 0.12802016663678642 -0.010222301341742058 41.87756068447584 -0.128284806712299 -0.9912258375845349 0.03184881899911049 10.902200621096739 -0.006055318094058633 0.03289644113181908 0.9994404220781037 -6.242974953835616
-0.9915684147691294 0.12921794349122073 -0.009736627349427984 41.90078684701829 -0.1294700399793262 -0.9910479319207509 0.03258075173103826 10.891468695354314 -0.005439446662450827 0.03356664587812614 0.9994216791247356 -6.235647480540456
-0.9916647922394488 0.1284989840072998 -0.009431380693749167 41.92757870444496 -0.12874025914372586 -0.9911490712684284 0.03239543485357919 10.893122815000503 -0.005185123750228703 0.03333961056817743 0.9994306303385315 -6.227338957004544
-0.9920911104758023 0.125141396018418 -0.009739585076224687 41.94688639545847 -0.12539458471761616 -0.9915785257016408 0.032376310643208756 10.951560358841174 -0.005605946699011316 0.033341541205085354 0.9994282940720148 -6.225979612201192
-0.991464347234899 0.13005474078042426 -0.009176740304758704 41.94529719155599 -0.13028689114425793 -0.9909457958379647 0.03243078332443853 10.960772108839503 -0.004875875105931415 0.03334957438422585 0.9994318544705071 -6.229611787944529
-0.9914602021049094 0.13008948992547076 -0.009131935886180245 41.95221230804134 -0.13031884114634287 -0.9909502417413197 0.0321654789347671 10.971416754747379 -0.004864903326144092 0.03308085554757494 0.9994408385251641 -6.2262566153435035
-0.9913459793284685 0.13097650348125192 -0.008849000232732749 41.98927538516059 -0.13119690532002568 -0.9908281897128037 0.032355378299621256 10.955977453235404 -0.004530044562869128 0.033236335632691474 0.9994372540034656 -6.223181926185337
