-0.9907842036567559 0.13534754506184482 0.005263442787986279 128.42911951503982 -0.13544719400572977 -0.9897731230667255 -0.04475737359046834 13.10507757865426 -0.0008481864325375761 -0.04505781730704249 0.9989840207327165 -5.551009236624365
-0.9780044894805412 0.1974499267375325 0.06723648553622098 124.87658737545729 -0.19851874326999652 -0.9800506820185606 -0.00953777990244292 19.831992946383885 0.06401192956332794 -0.02267569417480823 0.9976914782472988 -12.817939386306177
-0.9820328055237335 0.17899712574540655 0.059762846736697156 124.93276321548481 -0.17945412202281774 -0.9837635946175992 -0.0023255094249010574 18.094566695168478 0.05837625342732268 -0.013008415735525539 0.998209894839681 -12.032824491176363
-0.9820446083388699 0.17896034123736312 0.05967900381847762 123.89035474166775 -0.17929940660278118 -0.9837944971041225 -0.0003320535223274121 17.400384683480127 0.05865245113760913 -0.011026501342579768 0.9982175645838425 -11.93636325283698
-0.9818193304595646 0.17935007602774136 0.06216391690342466 122.77990242666971 -0.1794237032212309 -0.9837618650948284 0.004441565886733677 17.221240303679252 0.06195108601398074 -0.006792864932444574 0.9980560705329626 -12.220700146184878
-0.982365602053906 0.17738786078427324 0.05908782232957692 121.75940283885053 -0.17773935770884006 -0.9840773464125799 -0.0007049814376063171 16.639148827251557 0.05802193225427795 -0.011194781103664495 0.9982525393173466 -11.863301223718134
-0.9859893639914741 0.15636400349516882 0.058097095509614984 120.4964301877892 -0.15626462476897054 -0.9876952742015154 0.006277926871995074 15.877027681578262 0.05836386845903574 -0.002888551706273529 0.9982911975608822 -11.76704713971755
-0.9808192970713663 0.184407089214217 0.06314690760422267 118.69771241789743 -0.18441799691033964 -0.9828313387165344 0.005706316872697108 17.170263119582184 0.06311504502109483 -0.006048560507507481 0.9979879287886109 -12.127725599002906
-0.9943792339998019 0.08729937042338387 0.05990625103985139 119.031023160866 -0.08766341041110783 -0.9961441061124295 -0.003470782701593315 11.695565712381647 0.059372261747913734 -0.008702860515287398 0.9981979737275556 -11.615349358704776
-0.9941971193126968 0.09136593255624255 0.05678339826450696 118.04820447850588 -0.09161851596619412 -0.9957924506829735 -0.0018554500681274106 11.515454122595608 0.05637495439013399 -0.0070470937932725145 0.9983847970530145 -11.266718690966835
-0.9934812601089431 0.09817871253339266 0.057930356615764816 116.71805588026675 -0.09819252331721605 -0.995164001595425 0.002615013036329523 11.893255365388022 0.05790694411675858 -0.003090361446234655 0.9983172018397731 -11.472095643673931
-0.9943593924572399 0.09224155541772175 0.05235354893596169 115.61756903587846 -0.09265716299338357 -0.9956825343257044 -0.00556246211322588 11.417982399479413 0.0516144241282267 -0.010382017764515073 0.9986131207474971 -11.122306390448443
-0.9948452304929776 0.08595423984051188 0.05380368034641092 114.46512477556905 -0.08635401870423354 -0.9962512250660691 -0.00514587290857882 11.10268108640473 0.05315967286400205 -0.009765511138813267 0.998538273664659 -11.14546627975089
-0.9948733283223219 0.08332933005662839 0.057299941930036 113.44767209661524 -0.08358017700946657 -0.9964990665207814 -0.001991088718440891 10.955079700388003 0.05693342255598425 -0.006770020349445024 0.9983550231358297 -11.267626837150274
-0.9946142465288862 0.0853478470275782 0.05880685002223753 112.3122056026069 -0.08556894084376256 -0.9963314714251742 -0.001247161029859932 10.959751736611777 0.05848467290373975 -0.006272483998775269 0.9982686006180057 -11.291655527092647
-0.9942820167888144 0.08751610420256983 0.06118988965160206 111.19891194612062 -0.08761655685053418 -0.9961537268507381 0.0010447234300541913 11.131300920511087 0.06104596674659562 -0.004322497726317105 0.9981255962840493 -11.353832285462698
-0.9944723335591046 0.08617838718612793 0.0599838592248172 110.1464133858149 -0.08643342325015235 -0.9962562371455891 -0.0016653209221506847 11.06371034729666 0.05961577920956822 -0.006840725876132508 0.9981979579916654 -11.17965790988169
-0.9955664932785784 0.08220340408117313 0.04571605646229964 109.20126713909012 -0.08261915716541966 -0.9965546237410805 -0.007277140204284263 10.933251605158716 0.044960341749944004 -0.011021899008117966 0.9989279680797764 -10.21597962682476
-0.9958389216651591 0.07837871396069647 0.04649321772723398 108.15953710908113 -0.07885137258328938 -0.9968508407322444 -0.00841797916045556 10.68749652861113 0.04568701279899587 -0.01204900532335419 0.9988831354729275 -10.208961404096089
-0.9960833882292209 0.07885578244197172 0.039995615625480846 107.22378634703455 -0.07925923767175203 -0.9968169257858199 -0.008601727187457801 10.42202823871752 0.039190010684983054 -0.011738059566194621 0.9991628300833367 -9.610767992637914
-0.9963778669281788 0.07369094111178959 0.04243573368883344 106.18766756776336 -0.07419256404113996 -0.997190040353957 -0.010367586984206242 10.322253181035036 0.041552493747692466 -0.01347845009385746 0.9990454051975907 -9.629648764649914
-0.9958559274170614 0.07960075257719096 0.043985134050508023 105.0090212992989 -0.07994945641131887 -0.9967794902503744 -0.006223522775480908 10.599392335206522 0.04334808240084963 -0.009714319602894856 0.9990128005920763 -9.809088019522983
-0.9964531089511309 0.0723130066081114 0.04303522669782959 104.07060138512517 -0.07279449243922939 -0.9972995349194094 -0.009726228460162734 10.245889567746232 0.04221567874798436 -0.01282445807197396 0.9990262107387504 -9.554856328102241
-0.9965815915410504 0.07163634984430385 0.0411505137573614 103.17549636761086 -0.07196324728177389 -0.9973859969483625 -0.006516450873886888 10.195213665050291 0.04057613143427745 -0.00945549958039069 0.9991317085777648 -9.55451623753934
-0.9969672064317575 0.06636191368611627 0.04065077750278495 102.33271440328403 -0.06672798061464953 -0.9977413846026579 -0.007714016740072378 10.075522804337957 0.04004704611772508 -0.010403166012894234 0.9991436374386582 -9.384662796746053
-0.9972399672437956 0.06395805530118459 0.03770696081219285 101.42184030512652 -0.06429383001847483 -0.9979008451412751 -0.007759296868625988 9.708724172671882 0.037131538523973884 -0.010162205884075789 0.9992587144570834 -9.16124657571596
-0.9980438357132697 0.05378970239585096 0.03186173113502003 100.68074925277563 -0.05418007631336616 -0.9984647541519672 -0.01151755386093765 9.173417694677777 0.031193289750075508 -0.013221294657775731 0.9994259232390112 -8.688304542060505
-0.9981066657897055 0.05414600151657256 0.029176946823298477 100.22066394346393 -0.054581091949712446 -0.9984065456645389 -0.014327385518155707 8.76051710333934 0.02835468405289276 -0.015892768606384396 0.9994715762833318 -8.449529859938192
-0.997701155780084 0.05927377151352374 0.03284849715979568 99.01510435253363 -0.05977665383195053 -0.9981058215977119 -0.014543746058647297 9.064917528309229 0.031924213565096955 -0.016473885495705227 0.9993545195199417 -8.527758935273363
-0.9976776689850558 0.06033400272983823 0.03160817810553513 98.04942676234974 -0.06082683974767729 -0.9980375807419346 -0.01486885984551068 8.96699870854143 0.03064905177759951 -0.016756955015475954 0.9993897338294794 -8.468762113973465
-0.9977944194991526 0.05928089013873302 0.02986758243841646 96.97249315941639 -0.059680586373159414 -0.9981370805407437 -0.012672650068786909 8.939098432860312 0.029060695561396267 -0.014427214352374438 0.9994735271429324 -8.356479142173686
-0.9975139710383528 0.06427494664348492 0.02888959704250842 95.95313246606852 -0.06467649441979524 -0.9978191644985622 -0.013185826821276841 9.033622480164745 0.02797907526826799 -0.015021524335825839 0.9994956353850516 -8.246879332744253
-0.997476155864822 0.06536536273291221 0.02772522021452009 94.85442159500005 -0.0656843244800842 -0.9977825117025017 -0.010753085987315076 9.078378077459957 0.02696086049708933 -0.012547059235163216 0.9995577438576635 -8.255619731919175
-0.9961070431579602 0.08771751865078782 0.008740451525040625 94.2701088176618 -0.08777039227041201 -0.9961234916968265 -0.0058606766186333654 9.296397258583628 0.008192485081528759 -0.006605014116465091 0.999944626955278 -7.336863154578476
-0.9965631562216187 0.08283630647972591 -0.00014829162711122015 93.06269328485533 -0.08283542750172541 -0.9965582356153232 -0.003158318838281406 9.281794788832219 -0.0004094047095192107 -0.003135180389505381 0.9999950015033658 -7.099200076226963
-0.997436916926875 0.06958088202801406 0.016676258801622153 91.9346355320807 -0.06968397024030668 -0.9975529366375813 -0.005681804052376951 9.079010137539312 0.01624010600221148 -0.006829309038637311 0.9998447977036764 -7.777516820933077
-0.9976388347872103 0.0685708710649579 0.0038459024698927866 90.86900262218415 -0.06857724261334981 -0.997644605856905 -0.001549903276519417 9.023091177385396 0.0037305656360027686 -0.0018099850855649573 0.9999914033800626 -7.327304290090345
-0.9979786587077023 0.0633333907871245 0.00524198200860362 89.77605587081342 -0.06333471982392641 -0.9979923374270923 -8.775892091773374e-05 8.884690658856673 0.005225899807483442 -0.00041958099202410844 0.9999862568670635 -7.385579455057682
-0.9981324089421099 0.06099757974071764 0.0033150392462687767 88.71542369072627 -0.060993935268593445 -0.9981374276871094 0.0011896682805029148 8.752605604317951 0.0033814316317574552 0.000985249177460604 0.9999937975828607 -7.309932628132795
-0.9982272867491155 0.05947371686413779 0.002271781651515297 87.75198617271931 -0.05946857274080364 -0.9982276005516412 0.0022685574912739365 8.657778845897823 0.0024026746928953 0.002129436376954477 0.9999948463142445 -7.236213303906803
-0.9980270011130813 0.06269857244353993 -0.003315729599385176 86.84444736861721 -0.06271116104618588 -0.9980243322141854 0.003839607880294857 8.658409420926304 -0.003068440886391839 0.004039965591113455 0.9999871315914806 -7.07047417101352
-0.9936845629357169 0.1118546667427743 -0.008917561949664558 85.40726329396347 -0.11194539977406652 -0.9936597027803827 0.010422213768545827 15.296332240225887 -0.007695248708626638 0.011354672970885101 0.999905922849268 -6.037412151117269
-0.9937413126827448 0.11136850018099438 -0.008675288756969617 84.52553154016996 -0.11144486395037231 -0.9937309386691175 0.008880531002221104 15.192905119943246 -0.007631891421160869 0.00979176691071785 0.9999229347975364 -6.067968755825982
-0.9938579648454311 0.11030178522197424 -0.008936547999748915 83.68243692410412 -0.11040961590471655 -0.9938058477407589 0.012635414993283169 15.089516864673644 -0.007487484829986766 0.013544488662368133 0.9998802350270765 -5.9594713644846635
-0.9939931517445861 0.10929230629742803 -0.005727658252749788 82.8036505257939 -0.10933338982164553 -0.9939773581237903 0.007431110775980741 14.950497090888208 -0.004880999383245534 0.008012697513693186 0.9999559852931424 -6.1270278007366015
-0.9941395108712497 0.10800201647887565 -0.004711407557691826 81.9457331322394 -0.10803099853284986 -0.9941268955425671 0.00640460107280752 14.813627004572494 -0.003992027138357955 0.006876045040798978 0.9999683913624099 -6.189812985963512
-0.9940871098192138 0.10845442490219077 -0.005334398787736615 81.12152929605443 -0.10848198774444917 -0.9940849130858836 0.00518111088951765 14.741136515158951 -0.0047409309533954684 0.00572916173372864 0.9999723497574973 -6.196872062414519
-0.9939486892523024 0.10950210761101282 -0.008677071071995892 80.29263034824194 -0.1095983657722699 -0.9939091315357489 0.011525470485575617 14.703006588529634 -0.007362156864062309 0.012406719091334485 0.9998959305686308 -5.884722719422632
-0.993711403039488 0.11101335704479716 -0.014617866702631757 79.47314634729551 -0.11135408666350105 -0.9934655410887738 0.025029703404600572 14.72884534816008 -0.011743715452513338 0.026500060883488302 0.9995798276878881 -5.342823672127433
-0.9936915964023759 0.11081813057545016 -0.017214911416127028 78.68952495770363 -0.11122855016016592 -0.9934788366644539 0.02506014224057023 14.67745153876097 -0.014325532051920664 0.026816842387054188 0.9995377111924433 -5.263105808635145
-0.9934742588311494 0.10962721868308506 -0.03147649859369352 77.92694815399561 -0.11076089412107668 -0.9931631201318531 0.03686517521284132 14.650933457876478 -0.02721987092928999 0.04011096774929593 0.9988244034327634 -4.323506691621282
-0.9935918260616282 0.10810730803490849 -0.032986256728697295 77.1634349177872 -0.10933372886011108 -0.9932798579540297 0.037963923880048184 14.530607967563766 -0.028660406784801258 0.04132715490172684 0.9987345229592628 -4.2890221875968315
-0.9934713529599005 0.10928509100264984 -0.03273285402415766 76.39660785386296 -0.11052532375302289 -0.9931143231244707 0.03883418615487773 14.471231233535772 -0.028263468600183875 0.042198460748763274 0.9987094003027748 -4.3659070909271325
-0.9937966056722167 0.10990115196723846 -0.017030659137593166 75.60315292550216 -0.11032462573757489 -0.9935469970007993 0.026321886455220572 14.354426895863066 -0.014027954599720336 0.028037502509506734 0.9995084366541341 -5.2102794022446215
-0.9934489962380528 0.10937764424079963 -0.03310019356353515 74.71997863637891 -0.11069244472032447 -0.9930126286540535 0.040903569714780694 14.32796663183916 -0.028394974123041927 0.0442995516219655 0.9986146780268469 -4.367325290277269
-0.9936149681512821 0.1086621105013744 -0.030361831419096506 74.06130571521685 -0.10992439815602609 -0.9929847598464571 0.043564818405660066 14.218723050323572 -0.0254149907686221 0.046624161698314806 0.998589137628773 -4.524298434715268
-0.9935854901910548 0.10889644424162 -0.03048668747730875 73.32818601924333 -0.11018104060930879 -0.9929275210501587 0.044216243977098335 14.178759215625476 -0.02545607927504903 0.04729167339737265 0.9985567012720059 -4.594806126291807
-0.9935831958354093 0.10921542556715116 -0.029401084532450515 72.67156506425539 -0.11046439569664306 -0.9928667441668787 0.04486920559628037 14.129184645227378 -0.024290949690651535 0.04782906172665117 0.9985601286940518 -4.683363812712528
-0.9935570359974859 0.10948463256310646 -0.029283637964184057 72.01454366939853 -0.11077976183588377 -0.9927316987173685 0.04702785057087843 14.023280481345969 -0.02392196872082378 0.049968886261895024 0.9984642456384107 -4.7041586607963275
-0.9935578823036308 0.10952778556993407 -0.029092932139577008 71.35797116331008 -0.1108133496893858 -0.992727940253195 0.047028057277198866 13.950514766249208 -0.02373048762562073 0.04994898225985981 0.9984698108246789 -4.819472772906494
-0.9935028351197032 0.11006792584367696 -0.028933860951980098 70.66867557781237 -0.11132217927875412 -0.9927164533008124 0.04605882919142518 13.87313742724198 -0.02365352002866022 0.048980557840097416 0.9985196121979465 -4.875945200695658
-0.9933357789677755 0.11170086337603215 -0.028406818609971195 69.97313464824668 -0.11302547995133103 -0.9923167204343621 0.0503266055696894 13.816488451348404 -0.022567035788101222 0.05320191225365339 0.9983287461694705 -4.844602281477708
-0.9930981358972549 0.11360083899284742 -0.0291709077253733 69.29634201939734 -0.11488193273494307 -0.9922752601667105 0.04681826131085685 13.78747961205926 -0.02362697628739426 0.04984633829288587 0.9984773951123359 -4.877751979376618
-0.993156981476218 0.11288639456197595 -0.029931122061327187 68.55428581224669 -0.11424509065273368 -0.992271829910813 0.04842184245975788 13.700206984922808 -0.024233642045746896 0.05150997464808403 0.9983784117783013 -4.841113445052291
-0.9930367048740997 0.11320145263216949 -0.03261186739154589 67.85809843558712 -0.11465995033367929 -0.9922926103093553 0.046994375354138786 13.629595724667139 -0.027040683465389688 0.050406414744693366 0.9983626569490291 -4.638077097321339
-0.9930100926462329 0.11334477939346903 -0.032922893052887106 67.1850672471504 -0.11478474457881117 -0.992336259791005 0.0457516110752679 13.56429996011481 -0.027484874289379232 0.04921085742243709 0.9984101728233058 -4.688279609061708
-0.992900417352643 0.11475682556710044 -0.03129907677085069 66.52893648083395 -0.1161205440472076 -0.9921726057417323 0.04592972529680257 13.473946991975662 -0.02578333708281543 0.049238109238893865 0.9984542193448136 -4.850005327609784
-0.9935273151123728 0.11350265691805951 -0.004541034920348636 65.89467243064294 -0.11352653097946502 -0.9935202965628566 0.00539880370347879 13.129522932986646 -0.0038988317962431454 0.005879386889899746 0.9999751156506008 -6.521987895400342
-0.9933999631516324 0.11464984064362056 -0.0034535851998647943 65.29708596655647 -0.11465671408348577 -0.9934034279111813 0.0018620767700325825 13.034197244931129 -0.0032173165711784687 0.0022457637255596727 0.9999923026800616 -6.6256690023633755
-0.9932118410473456 0.11621902996007494 -0.004834860752120462 64.67861930585244 -0.11623093832846096 -0.9932196471169022 0.0022586624963915384 13.011040390744506 -0.004539579125742544 0.002805290738251941 0.9999857611812503 -6.595334546628463
-0.9926035691025832 0.11775719976043866 -0.029519425966514773 64.08421783235187 -0.11885148226128943 -0.9921633315266859 0.03855189668696343 13.19101192995674 -0.024748328612382277 0.041775177778776595 0.9988204817445704 -4.91902999006381
-0.9926025796724725 0.11831066638413622 -0.027252615421258425 63.48438677970198 -0.11926520609286322 -0.9921890124927283 0.036561921507680645 13.092451705333668 -0.022714080284804223 0.03954174640109197 0.9989597193322534 -5.030638374389607
-0.9923950405859481 0.11996919370838041 -0.027558591788765047 62.89120609355224 -0.12098783999884616 -0.9918927262898017 0.038868523329363705 13.059835865833817 -0.022672141337606724 0.04190718428089212 0.9988642359764548 -5.049566407553469
-0.9924127084565458 0.1198666939299643 -0.02736771419486823 62.294936688362164 -0.12086853828404542 -0.9919225854137041 0.038475719607057896 12.96534071739573 -0.0225346965151625 0.04149168871596384 0.9988846916538856 -5.03626563038965
-0.9923716595748139 0.12032328971294953 -0.026847629790925105 61.73966446435429 -0.12127867913897057 -0.9919151743437185 0.03735999053775293 12.882321249334339 -0.022135294419633834 0.04033104089070429 0.9989411573669588 -5.080865273751372
-0.9928007644966891 0.11974340126543985 -0.0028565482984866165 61.04991401452891 -0.1197593682612932 -0.992782995675446 0.006294220472010093 12.50380026338943 -0.0020822412094301003 0.006591005316156935 0.9999761111749013 -6.551628214149435
-0.9927851890319209 0.11984595269021908 -0.0038099950967877337 60.5480933353024 -0.11986047957660202 -0.9927833014857744 0.003844701117599547 12.430893787154254 -0.0033217276425856488 0.00427363016529276 0.9999853509980479 -6.619029925314622
-0.9926501449152519 0.12092645891183326 -0.004741448595170634 60.046409718614925 -0.12094471708705462 -0.9926520728430506 0.003773286251464853 12.370298296389127 -0.00425031863142457 0.004319006303249018 0.9999816403195066 -6.610972321626848
-0.992731806749801 0.12028079129664704 -0.0040113728730122745 59.49933314682201 -0.12030405648768253 -0.9927178868438964 0.00617504111723413 12.142172966624504 -0.003239422769969482 0.006612744153774162 0.9999728885099234 -6.652236756044714
-0.9925907459666304 0.12141585950487555 -0.0046690558040487305 58.954228141965835 -0.12147104293133813 -0.9924919579436733 0.014300319797387039 12.079351659724473 -0.0028977147173142384 0.014761520173272206 0.9998868439836548 -6.532149492646802
-0.9927815319497587 0.11993232041368837 -0.0010336051893183806 58.49003893759023 -0.11993664213072429 -0.9927563633999585 0.007071407448573361 11.920183021256717 -0.0001780278250409378 0.007144329855531312 0.9999744631024409 -6.803362543130711
-0.9926153547440424 0.12128898513338005 -0.0019338075605207505 57.99180339434731 -0.12130163311264669 -0.9925742529306036 0.009070072958055526 11.892319989022594 -0.0008193476505271083 0.009237667702031428 0.9999569961577659 -6.730608340724318
-0.9924844093940042 0.12218798469557213 -0.006692795071982078 57.51307562509324 -0.12227538906753423 -0.9923866632874997 0.014745838649811417 11.879565195220236 -0.004840076262284812 0.015453379084753385 0.999868874771411 -6.542113561715473
-0.9918720575427445 0.12480832580639831 -0.02475284378267381 57.005738823440474 -0.12571594479883777 -0.9912867386664338 0.039320515858859616 12.262689131817025 -0.019629638031858097 0.04211274811116591 0.9989200136934248 -5.341551580053972
-0.9918599452180307 0.12570978831905202 -0.0202706238895921 56.502572048413846 -0.1263473593547637 -0.9914019410786732 0.03403727382630991 12.159667604836791 -0.01581751738335419 0.03632134835365813 0.9992149747664973 -5.613822906754107
-0.9918913868470172 0.1250859843679218 -0.022471609052679833 56.019735143404844 -0.12580526555415972 -0.9914686521442149 0.034102008360021516 12.115852711953192 -0.018014212654335802 0.036652535110791876 0.9991656918711787 -5.520531331532764
-0.9919953264986828 0.12471111961123359 -0.019809312206329945 55.57126094790259 -0.12526385452460273 -0.9916798486247346 0.02966554535592111 12.018471482713359 -0.01594487235491865 0.03190947315355443 0.9993635707632412 -5.62396686305837
-0.9918355487562742 0.12599301950979042 -0.019697798307068 55.11111844997668 -0.12653821057313086 -0.9915247825208084 0.029439546735915933 11.972746150800807 -0.01582167779629671 0.031691713141959926 0.9993724580104482 -5.659421007949171
-0.9918158392081742 0.12625715420765163 -0.018986103001287273 54.66709995694757 -0.12676460581843002 -0.9915249456508386 0.028443221755037246 11.943357213524548 -0.015234034511184383 0.030617203717742635 0.9994150844514135 -5.657669538867953
-0.9921609425573557 0.12451489793355755 -0.010616226085278945 54.15221956865527 -0.12461642194248987 -0.9921594590864202 0.009505531420683938 11.561495602120228 -0.009349408855658835 0.010753973123134298 0.999898465153399 -6.529623591015527
-0.992480944143487 0.12213137182455944 -0.008093425004883527 53.71836733780484 -0.12211512096305327 -0.9925128586273355 -0.0024744073187646133 11.427914023423838 -0.008335031147976358 -0.0014674725384462236 0.9999641862487467 -6.79281466395169
-0.9923266524106369 0.12331261071962726 -0.009045161856902335 53.35630562048965 -0.12328566259734519 -0.9923651188784934 -0.003480837717576796 11.43545689453358 -0.009405334307845797 -0.002338989267039225 0.9999530333049526 -6.804569593712863
-0.9921796625579704 0.12449607627694148 -0.008957912591930099 52.894922042064145 -0.12445006407637235 -0.992210491017963 -0.005524768347049593 11.551080812863441 -0.009575946832881621 -0.004366749998230332 0.999944614834596 -6.7749521471805325
-0.9922624790014817 0.12383052484660433 -0.009009654935164946 52.52360068960559 -0.12374372940272779 -0.9922674991499398 -0.009628061291161538 11.67423666489147 -0.010132235653659897 -0.00843867566243708 0.9999130594975381 -6.81776544926597
-0.9921733488069493 0.12431407849282547 -0.011749715132178987 52.101864145183555 -0.12419613267636626 -0.9922043560787395 -0.010287682276122449 11.90227038280928 -0.01293702227881539 -0.00874789499589668 0.9998780464575202 -6.9103617133985225
-0.9923368843551418 0.1229119560069249 -0.012655394853054579 51.76842875265395 -0.12277120668863549 -0.9923700035443288 -0.011358119282972446 11.838430877303715 -0.013954882892810789 -0.00971736260416821 0.9998554066001114 -6.893307578667948
-0.9923059213218242 0.12322020853826139 -0.012072229182609818 51.48677560907227 -0.1231070190854938 -0.9923458793210951 -0.00971172725784099 11.706464779334189 -0.0131765079415606 -0.008150828315830186 0.9998799646138704 -6.940839781846653
-0.9926509587893343 0.1205185615225559 -0.010924758265204617 51.15686733839638 -0.12042069328163743 -0.9926801810214182 -0.009214924679903386 11.594757228478745 -0.011955360479279224 -0.00783163685444729 0.999897862193931 -6.9854396919932995
-0.9928393245790259 0.11905073332425008 -0.009848779844498876 50.82160109397649 -0.1189787316685988 -0.992867705036807 -0.00760142785773857 11.516419270298965 -0.010683491002395492 -0.006375201165731606 0.9999226069202066 -6.979046317161641
-0.9930075650130286 0.1177703663534674 -0.008131213677716752 50.52744296582913 -0.11769847867344846 -0.9930102294771282 -0.008817724862028645 11.463710367842626 -0.009112845047442237 -0.007799036014561913 0.9999280629587255 -6.95909781198853
-0.9930382452400877 0.11756918955332656 -0.007247700204951203 50.21398769254947 -0.11750692398009246 -0.9930357625796095 -0.008490998449614932 11.389528114414514 -0.00819550530619193 -0.007580231243728182 0.9999376849519539 -6.979207500340903
-0.9930391682756151 0.11751562371439855 -0.007955404043638536 49.9026963062565 -0.11745384421218168 -0.9930474431679778 -0.007833906900823131 11.353117107969647 -0.008820700100474125 -0.006844983605955473 0.9999376687819967 -6.983808353035716
-0.9932030367949086 0.11621671376606131 -0.006434527395089885 49.27378396991306 -0.11616451522114538 -0.9931980346040055 -0.007966772381871379 11.389243938642183 -0.007316632067952165 -0.007165158767600607 0.9999475623226575 -7.008312339893504
-0.9929480036015501 0.11821317120330065 -0.008939144129049744 49.09244600495505 -0.11818320342791162 -0.9929844934322933 -0.0038113292347174113 11.47058499972528 -0.009326980820038452 -0.0027279950656060024 0.9999527816210657 -6.964226117179609
-0.9928722321233944 0.11884284055927884 -0.009006104935831278 48.90108358120228 -0.11881185871473807 -0.9929091168408165 -0.0039022971623319863 11.528497806827161 -0.009406003777489826 -0.0028044504267672674 0.9999518299151903 -6.977111060755321
-0.9929805388419514 0.1180392262230113 -0.007509364408939617 48.655587944519596 -0.11800184782588552 -0.9929995428568009 -0.005241354392461092 11.50569513761674 -0.008075480842068822 -0.004318444032634831 0.999958067946008 -6.957937246494498
-0.992844975969473 0.11918082526859243 -0.0074016606567453725 48.473521659671675 -0.11915428411837789 -0.9928679711641791 -0.00393044686588757 11.468747406310236 -0.007817305700659319 -0.0030203848472697362 0.9999648828868742 -6.949277115804629
-0.9927598875617312 0.12008632659192028 -0.002660792004681486 48.314807413150085 -0.12006740378507444 -0.9927451454850613 -0.006394893600960585 11.425696054263781 -0.0034094276272784306 -0.006029119464244641 0.9999760124731722 -6.898470733262731
-0.9926214656230635 0.12105715441498624 0.006913128761381071 48.17725389647089 -0.12108558281219231 -0.9926345975378285 -0.0038519353510359467 11.442614654759588 0.0063959064531938226 -0.00466059393875807 0.9999686851320808 -6.775156822728468
-0.992241370655338 0.1235929320752497 0.01348515854776427 48.067459316572084 -0.12367180723784436 -0.9923096670960555 -0.005177710134944084 11.464631478897816 0.012741524812255956 -0.006805272129643763 0.9998956654655028 -6.7431582719931535
-0.9923640540250633 0.12258510822805996 0.013655603965333921 47.91800124104231 -0.12269761012862156 -0.9924140209869619 -0.007727057474738667 11.440186548708482 0.012604790663417237 -0.009343564052725658 0.9998769009548766 -6.7292933336506735
-0.9922135040429609 0.12381036912114476 0.013540860123159613 47.77447597265374 -0.12389409175072727 -0.9922800583704052 -0.0055262817235932635 11.422779022741514 0.012752114493328668 -0.007160883919777609 0.9998930469392423 -6.693219179838892
-0.9922834688031678 0.12261622637752874 0.018405938413684507 47.58105744684584 -0.12285861187516542 -0.9923433226410979 -0.012668523897201007 11.39398100207008 0.01671164348771474 -0.014832094881095544 0.9997503338000852 -6.758228475167133
-0.9924406706060472 0.12166682640751718 0.01608411262532788 47.364000314961224 -0.12185941244061317 -0.9924797267908858 -0.01158773095652284 11.363031578336729 0.014553313253314897 -0.013460135995445089 0.9998034935987861 -6.782923230688592
-0.9921819030862792 0.12308427431507414 0.020623593392602106 47.223767373949855 -0.12340984146583815 -0.992237343135488 -0.015331859535170031 11.300592489787412 0.018576388708995025 -0.01775714796249352 0.9996697462056036 -6.824389930427648
-0.9922563074319416 0.12263961169843059 0.019670943139335133 47.04353916222449 -0.1229178791648578 -0.9923234039680715 -0.013618256820735029 11.190078545879198 0.01784979952678291 -0.01593071183846193 0.9997137575712257 -6.808543709087835
-0.9923607805144311 0.12288872153820068 0.010883171206153236 46.885090843167255 -0.12290108448626379 -0.9924188131227009 -0.000472008724132403 11.112046876654912 0.010742659302758193 -0.001805956489775725 0.9999406651358221 -6.6832440214078845
-0.9923240997536207 0.12309051554045425 0.01189983328267259 46.73999485304607 -0.12312257538075298 -0.9923894608095507 -0.0019973747133205325 11.060184598855061 0.011563411251924813 -0.0034471811846306863 0.9999271995811012 -6.681919493087771
-0.9925238321122936 0.1210586871590843 0.015531804545773393 46.393823851553044 -0.12118016847273469 -0.9926049141003475 -0.007131007836364735 10.982313175190624 0.014553675070189257 -0.008959841916113955 0.9998539452213984 -6.7964822108588265
-0.9923309758653887 0.1226778896840585 0.015144956940151274 46.250692720381906 -0.12279446708543953 -0.9924072930821912 -0.007020220116569191 10.930784962060912 0.01416873993180346 -0.008826098795562804 0.9998606636870994 -6.794213650729154
-0.9924641664454625 0.1219988978811632 0.01145195343589616 46.10069441001913 -0.12204240228119131 -0.9925198009045978 -0.0031775553070503178 10.891492794739712 0.01097863229874778 -0.004551233687275215 0.9999293754584769 -6.735226192131003
-0.9924997785624674 0.12218764454575466 0.0037906561197646083 46.0083727750279 -0.12216631129130151 -0.99249481368579 0.005425605246119056 10.878618043460486 0.004425148464590992 0.004921821529814994 0.9999780966270743 -6.611318590913926
-0.9924000975916112 0.12303456131071808 0.0021314368968644985 45.93115124280424 -0.12300785024452164 -0.9923562562991342 0.009906026559243613 10.869273183727678 0.0033339283715591275 0.009568558253523185 0.9999486624895132 -6.498875558016389
-0.9923305907028432 0.12360901182221343 -0.0009005285646787484 45.87256669014888 -0.12360917162498422 -0.9922274439267451 0.014334301824377043 10.866130622534149 0.0008783197277583436 0.014335679786601344 0.9998968531001196 -6.43493971505511
-0.9922570216960503 0.1242014597277154 -1.721626383831043e-05 45.74053808010229 -0.124189463281941 -0.9921592352674932 0.014036704854583658 10.834196993625774 0.0017262979575424055 0.013930157032001315 0.9999014804571659 -6.377575653798673
-0.9922779342287947 0.12401122430027259 -0.0023911273888228765 45.61442247131564 -0.12403389842358256 -0.992137994917488 0.016667065817283194 10.804566351013161 -0.0003054250956445424 0.01683494249049217 0.9998582356648651 -6.364341067322813
-0.9920689827782322 0.12565695181394346 -0.0030763403894165466 45.549024138644704 -0.12569013475309973 -0.9919429294559505 0.01584975482767581 10.82206137145887 -0.0010599222192374533 0.01611071578726891 0.9998696522055834 -6.424034971912374
-0.992115743763865 0.1252726731521618 -0.0036205437697748796 45.44832005784543 -0.12531321775998536 -0.992004383221759 0.014963325949127708 10.818598505510158 -0.0017170994483686431 0.015299053243031246 0.9998814882471606 -6.449402996142549
-0.9921508592918782 0.1249836799425104 -0.003968898388616392 45.356823683879874 -0.12503021387855076 -0.9920354811766565 0.015265965547179438 10.838292817104485 -0.0020292914707303873 0.01564237304994517 0.9998755913319943 -6.434625418301468
-0.9921191913890682 0.12520411083503882 -0.004841560441994785 45.27092509580269 -0.1252601148052816 -0.9920271796818196 0.013855627431027393 10.854157550727095 -0.0030681780379678294 0.014352888299860046 0.9998922846391927 -6.461128525304531
-0.9921001721148316 0.125322250804153 -0.005619781411103734 45.13564648367905 -0.12537985921621894 -0.9920427214910454 0.01145118507261819 10.826411028742712 -0.004139974957580645 0.012065330083613256 0.9999186408990123 -6.526236136084687
-0.9920619905753102 0.12561796645965342 -0.005756158293766476 45.10422054445867 -0.12569012462580093 -0.9919617656989431 0.014623541396954208 10.793590050102516 -0.003872909412003151 0.015230951840832115 0.9998765017134448 -6.462248511043546
-0.9921341202112238 0.12506973395650747 -0.0052391946662528055 44.97984863851514 -0.12512858198178872 -0.9920549005351377 0.013035041060387479 10.795778600150063 -0.003567279625978783 0.013588081993679297 0.999901314402481 -6.467772489254536
-0.9921578893857573 0.12492595560449053 -0.0040284172946912075 44.891180515571385 -0.12497000305619776 -0.9920659240632234 0.013700388633615147 10.784535143247703 -0.0022849213837628063 0.014096379992121372 0.9998980304037969 -6.4832941672390545
-0.9921048039227929 0.12534594887674644 -0.0040559996926148876 44.74347122760629 -0.12539124148719366 -0.9920072745614165 0.014092685178216026 10.755023571885554 -0.002257120204808025 0.014490007502408203 0.9998924667637846 -6.498009996329421
-0.9920946971210834 0.12538800643325249 -0.0050950747717568015 44.69304931023765 -0.12543448108160316 -0.9920499858537334 0.010149705582011757 10.761654132912431 -0.003781917506432051 0.01070856714532134 0.9999355097653426 -6.582414975578831
-0.9920313967635788 0.12588218934806905 -0.005232804242812399 44.66666294795071 -0.12594120362765365 -0.9919508828400819 0.01312475758252923 10.778260732563552 -0.003538511569235592 0.01367919726146748 0.9999001742664945 -6.471270363899405
-0.9920527363333821 0.12575812634963818 -0.004032615836835364 44.57884561401793 -0.12580470746813066 -0.9919437599358274 0.014857748929094876 10.755650651612662 -0.0021316454484709086 0.015246992536547231 0.999881485630312 -6.453631764764651
-0.9920233322488183 0.1259942385261113 -0.0038936014407579566 44.49123245138025 -0.12603860522419771 -0.9919145935367979 0.014822588231088465 10.751887969801073 -0.00199455937334161 0.015195097464448517 0.9998825584767246 -6.5116476097617255
-0.992200381535768 0.12460302410911132 -0.0035340151585621267 44.45832706158714 -0.12463972432427523 -0.9921106696938261 0.013466929866906471 10.745321300014766 -0.0018281139587873524 0.013802371627180947 0.9999030715708531 -6.441830366490192
-0.9921666848867849 0.12487156539466562 -0.0035159005475392437 44.38123406112584 -0.12490766547573444 -0.9920793882927552 0.01328767963488881 10.711594352975071 -0.0018287991080294785 0.013622755982623188 0.9999055335446783 -6.495258452798952
-0.9920146600620682 0.12608269329457408 -0.003173117320272514 44.31835326348671 -0.126114396267904 -0.9919232493354434 0.013543503305966613 10.720761110212802 -0.0014398874693870305 0.013835529603251386 0.9999032477418408 -6.466246063522111
-0.9920926533307072 0.1254304168252845 -0.004402015706197172 44.264305395098084 -0.12545819014478118 -0.992076067437647 0.006731934569978002 10.697710171119134 -0.0035227450714499582 0.007230971753066588 0.9999676511341125 -6.588113432367162
-0.9922050588048864 0.12453229492945027 -0.00456385819291162 44.24179587277208 -0.12455946223045382 -0.9921924594846159 0.006250096858250648 10.69277743750811 -0.0037498867798746414 0.006769849442981827 0.9999700532954305 -6.630079620878274
-0.9922083056575508 0.12447001162064321 -0.005467576367181319 44.19804529263223 -0.12449618599218605 -0.9922087672794717 0.004739388900699897 10.703907348959806 -0.004835065415742453 0.005383153435350783 0.9999738215581071 -6.596432196400996
-0.9920799724430819 0.12542439772777464 -0.006785921600225546 44.194305177509136 -0.12544312199852764 -0.992097895131424 0.002406162726677459 10.713587839768655 -0.006430507025282075 0.00323835304274524 0.9999740804885751 -6.646757896566006
-0.9921452616989667 0.12495891624759836 -0.005748820619952645 44.152948595877554 -0.12498033382007093 -0.9921529417279432 0.0035293595480459516 10.689875870523784 -0.005262684345380341 0.004220126872579223 0.999977247082489 -6.652289181277547
-0.9921709300574034 0.1247072396857221 -0.006704470075961759 44.12454720003681 -0.1247338989391926 -0.9921832737483178 0.0037156089003572176 10.707802378856458 -0.006188699739000129 0.004522793831292885 0.9999706217342142 -6.630266838498241
-0.9920867278437151 0.12545183595731926 -0.005075558224308398 44.12953055331025 -0.12548021840327703 -0.9920796111002307 0.005723637713461587 10.692698019136024 -0.004317316969780127 0.006315227165015773 0.9999707389119149 -6.645683545217186
-0.9921929171583619 0.12460570850183209 -0.005160673361192806 44.09839895374397 -0.12462746427343387 -0.9921949998421635 0.0041324855698799835 10.680031844117977 -0.004605463012485641 0.004743384547642936 0.9999781447679146 -6.643761734088565
-0.9921830128124135 0.12469914202488909 -0.0047951084185214364 44.08710894955704 -0.12471791901411428 -0.9921848151965399 0.003838381195788945 10.686555548544323 -0.004278990918198711 0.0044064125625653885 0.9999811367046165 -6.66083744260922
-0.9921235662213386 0.12517050044892467 -0.004814059163107753 44.0777226386978 -0.1251853883931661 -0.9921290539439128 0.0029255517792719887 10.668227948974014 -0.004409975182823363 0.003505158730497851 0.9999841328647 -6.6670624383224775
-0.9921694085610886 0.12480871799591739 -0.004759057443999479 44.067278821077686 -0.12483162463830993 -0.9921660150174854 0.004864579579170769 10.679427244932942 -0.004114633118586817 0.005420567916445647 0.9999768433507672 -6.646477784370173
-0.9921922969442614 0.12461980335489725 -0.004934622200911221 44.1014257037133 -0.12464500133791054 -0.9921878929429074 0.005177715615463127 10.686022257797472 -0.00425082650216482 0.005752365540265163 0.9999744200552099 -6.616124496048297
-0.9921915325464524 0.12469500509711814 -0.002668041783779779 44.0985368573969 -0.12470570236244231 -0.9921844098603706 0.004310989251199202 10.684488234489667 -0.0021096306360704063 0.004610047056517193 0.9999871483797796 -6.673968394700841
-0.9922599004028682 0.12409968878198718 -0.004422363249385059 44.08053524761417 -0.12411914932930103 -0.9922574032090503 0.004436501617934095 10.69378053878208 -0.0038375542038155603 0.004951062618087188 0.999980379885873 -6.633655876505161
-0.9921953982738051 0.12461059529979455 -0.00452671882438813 44.082501424688445 -0.12463278457996584 -0.9921903223780263 0.005003317622566614 10.692764453847104 -0.0038679002222623054 0.005528446293306851 0.9999772375556646 -6.641119852782159
-0.9921132560623115 0.12527940211914723 -0.004044570448777497 44.09853693800282 -0.12530085159330337 -0.9921031265016004 0.005575210825503453 10.68759053709685 -0.003314171908680865 0.006038028686884958 0.9999762789557296 -6.639526851392895
-0.9921353314286444 0.12516038164377677 -0.0015372045275564474 44.093906999917586 -0.12516951688499178 -0.9920851783015757 0.009979530906348937 10.698037142896128 -0.0002759959309422854 0.010093456351340504 0.9999490216831735 -6.5587881285260865
-0.9921343005701873 0.12517524254005016 -0.0008296307283141818 44.0961746762489 -0.1251770033488335 -0.9920783382045748 0.01054934584971299 10.684842734001482 0.0004974582511073238 0.010570218554534404 0.9999440099400573 -6.567467924640483
-0.9921762220092646 0.12484325276841689 -0.0007118410127555948 44.070162344412466 -0.12484187110198751 -0.9920908372671478 0.013049054767488369 10.673088991637599 0.0009228754963807173 0.013035829423957966 0.9999146040797955 -6.530138579311821
-0.9920729536438192 0.12565206687706765 -0.0016771219253403813 44.0934423306367 -0.1256632060117864 -0.9919719281050547 0.014158125101273384 10.68715305746468 0.00011533981213198666 0.014256645505289888 0.9998983622127147 -6.512650758921795
-0.9921319922818054 0.125194318615897 -0.0007017672250432557 44.08303242043003 -0.12519393803503875 -0.9920634785232493 0.011684710506748493 10.66070160694468 0.0007666617357263974 0.011680632116783643 0.9999314851844295 -6.5830281733961105
-0.9920744949555642 0.12564305736435494 -0.0014207726089614982 44.08875478720026 -0.12565063701613338 -0.991977127227999 0.013903110225082548 10.689453074287965 0.0003374553444711467 0.01397144203823136 0.9999023376966736 -6.492238675868392
-0.9922240692165648 0.12444030331638474 0.002450995277643816 44.06702128165879 -0.12440766408973529 -0.9921738743708257 0.010664714329046837 10.644181120401104 0.0037589337665737254 0.010276863651412395 0.9999401264527953 -6.601226470356416
