-0.9929847675929216 0.10137919102239959 -0.06085647834118517 130.6174194289568 -0.10395795000928611 -0.9937439764092624 0.040812424335982575 9.165662597299717 -0.056338228214188525 0.04685263042730319 0.9973118043339004 -1.0422030071474016
-0.9933198403054162 0.0987120161882618 -0.05976313843569201 129.51426058056535 -0.10135157670936946 -0.9939265743127302 0.04286983523980183 8.424009342795 -0.055168403585385384 0.04864054620387686 0.9972916045524675 -1.1769677946302688
-0.9938632036569779 0.09893142331641268 -0.04948237966471137 132.34412640701214 -0.10403239338774872 -0.9879980279428504 0.11418037443912765 10.294199149880942 -0.03759246656859018 0.11862744312186523 0.9922269580069208 -2.0184778578310953
-0.9960365686176935 0.0775977826750576 -0.04347111800041241 127.41876629300117 -0.0807011548714555 -0.9939215506314615 0.0748817387135571 8.499172954696293 -0.03739622412362804 0.07809311950656449 0.9962444414434838 -2.626287168535651
-0.9940637337169972 0.09332379876939174 -0.055928185129522696 125.51354072642958 -0.09592557612548369 -0.9943346516965889 0.04579174904309522 7.9582942630849045 -0.051337872507789595 0.05088486040741283 0.9973841555928703 -1.6701387288383327
-0.978452076762687 0.20260335897265042 -0.03979211494498232 122.14239432924005 -0.20389666274477697 -0.9784804578985085 0.03165666489491087 19.221788629230314 -0.03252206021053582 0.03908800895064428 0.9987063848579034 -2.7793511786777416
-0.995548998287139 0.08387902238667153 -0.04297093916742326 124.2916619068127 -0.08732590970117576 -0.992472576913027 0.0858625038679639 9.128729527805978 -0.03544541584374894 0.08923280606968605 0.9953798917079868 -2.9732865989579764
-0.9946665561244228 0.09330097192160883 -0.043970112190770835 122.37319079577657 -0.0966565887232411 -0.9919635580692931 0.08164437101780724 8.553583171574887 -0.03599924976957329 0.08545892639736484 0.9956911297762246 -3.0378224160229443
-0.9964035624859442 0.07463755912361156 -0.040114528956403044 120.49001574000168 -0.07776679129461575 -0.9934997585172799 0.08312975398647957 8.049502438450471 -0.03364917290312363 0.0859503612219424 0.9957310221986472 -3.0141963644820553
-0.9976193259765711 0.05448183748352634 -0.04227776983811473 118.65179699215096 -0.057969490196077667 -0.9945897902331314 0.08620143485133165 7.550612183432266 -0.03735262567039785 0.08844703809874074 0.9953802804994156 -2.825310984933295
-0.9903154668543753 0.1355195001207293 -0.030161916319009024 115.30047452380923 -0.13685523345692827 -0.9894369279726531 0.04780387682495419 19.031687309274712 -0.023364956333297757 0.05146873469469965 0.9984012460751847 -3.772874345867732
-0.990190777178575 0.13679004402228187 -0.028472945876348143 114.00453834050757 -0.13835560955397957 -0.988362108509555 0.063230275718987 18.86156222222395 -0.019492308622684525 0.0665494276379188 0.9975927142805484 -4.209846638751869
-0.9946763589574773 0.08812143338711485 -0.053418666296590006 117.57921282768893 -0.09165107214759938 -0.9934883424089741 0.06768304419621496 6.841990640277035 -0.04710649536212332 0.0722186020030261 0.996275790943168 -2.7015312361053403
