-0.9945132978326923 0.1024635042112333 0.02108389761650915 128.62091684306955 -0.10279794687220775 -0.9945824272274717 -0.015439480858374686 11.061777991599683 0.01938769075489155 -0.017522150412328037 0.9996584875306804 -7.816332842606098
-0.9965496066121166 0.08162881750974144 0.015020576327299867 127.731385532427 -0.08186002128087717 -0.9965235998538792 -0.015480692819299001 9.059865300751387 0.013704688144489786 -0.016656863036959325 0.9997673381525513 -7.200894793368095
-0.9919762120415099 0.1216640926014033 0.034366310760040014 126.29969243407541 -0.1225559336083368 -0.9921428177031594 -0.02515298028906975 12.425476476155996 0.03103607386843807 -0.02916295340857727 0.999092730564746 -9.04577235656755
-0.9939797623922041 0.10953849908814774 -0.0023556681131590576 125.41795677372444 -0.10956225581677972 -0.9936206473342306 0.026723047944484934 10.817010729339916 0.0005865620873977977 0.026820261158688137 0.9996401000041477 -5.665517679251962
-0.995030553909055 0.09512976581012264 0.029402796539795845 124.04066131524591 -0.09578578388144039 -0.9951639007569214 -0.021769111982234423 10.769867468671812 0.027189711172940775 -0.024477301468661707 0.9993305665890306 -8.356658503466548
-0.9934106838839489 0.11460881762012426 0.00017907804153457363 123.22721684692036 -0.11456455216670396 -0.9930680652459486 0.026282716288666675 11.058390675507777 0.0031900677219239386 0.026089015167021033 0.9996545337042928 -5.8146076857672835
-0.9937940548340432 0.10710571103641872 0.03002903994311644 121.90525715065324 -0.10789674307126836 -0.9938197833574847 -0.026086989897311178 11.424615057966728 0.02704938836894964 -0.0291651310758828 0.9992085496622822 -8.326047405702424
-0.9952622735432519 0.09659938272592629 -0.011025702630336257 120.93327604628314 -0.09702445295691794 -0.9940947659603143 0.04859888701112906 10.760083095754878 -0.006265970789410007 0.04943840154454195 0.9987575191520676 -4.762785784228134
-0.9968831015300238 0.07597358487185017 0.021262555951804023 119.84079175089272 -0.07662690466706369 -0.9965521833094537 -0.03181294425712777 7.866312905270528 0.018772303135967172 -0.033343070387743874 0.9992676519792392 -7.201839917282767
-0.9910719411402711 0.13299808896225154 -0.009376343468965398 118.56730603161076 -0.1332524229140352 -0.9904269116884318 0.03603226874433415 13.126701868762648 -0.0044943600209270745 0.03695999101344904 0.9993066395217748 -4.8999548535360935
-0.9935881025191079 0.10876805018807369 0.030857637478659924 117.53768511024728 -0.10930238010939647 -0.9938767287164758 -0.01618758222400781 10.620762116494582 0.028907996037444827 -0.019456602327294382 0.9993926997887151 -8.1909061472684
-0.9899089881737091 0.14170193325982708 -0.0008701972929670974 116.43761494265674 -0.14168971812657297 -0.9896973155616611 0.020572976139858635 13.629545202198258 0.002053998567067644 0.020488672003484427 0.9997879752274577 -5.4826365363287035
-0.9909140917031027 0.13447495118752797 -0.002397992353281337 115.56644135218713 -0.1344909351376453 -0.9905571397128335 0.026622196185339658 12.771363429836171 0.0012046700860087315 0.02670281758618346 0.9996426903163677 -5.341451318582441
-0.9943353747137433 0.10612930722965523 -0.005807989311098308 114.29670467129736 -0.10626169903956217 -0.9938211459028218 0.03206214705275614 11.831290229214488 -0.0023693691375428253 0.03249769381603034 0.9994690020138397 -4.933201209889071
-0.9949888591674 0.09478373574989367 0.03183101585016822 112.99822395456374 -0.09528910280216808 -0.9953403507364943 -0.01475035873842093 10.628318309752988 0.03028460037572624 -0.017709591555095487 0.9993844172024314 -7.950063359724726
-0.9900792532684353 0.14046751954287628 -0.0034566169732873683 111.73191730019211 -0.14049655205775535 -0.9893436890975905 0.038207115864217864 14.865840275385349 0.0019470766061844983 0.03831371551091655 0.9992638630994543 -5.2994799544565785
-0.9940819466012686 0.10770676910474165 -0.0141539863804666 111.15193810375604 -0.10820749181749745 -0.9932673099222614 0.04136652939708046 11.390123194917205 -0.009603236746366633 0.04265328743263757 0.9990437802795196 -4.105017988381832
-0.9938122662583605 0.11031409552299895 0.012960700728289077 110.25448171595406 -0.11030902698571976 -0.9938967210188977 0.0011074806326279436 11.299718260361988 0.013003768680251312 -0.0003290544490414044 0.9999153932824948 -6.114712689032695
-0.9870283867801468 0.16045816077037486 -0.005304934719505733 108.62340604915059 -0.16054443619483472 -0.9863431171607088 0.03677960354034683 16.57829140013135 0.00066910169037607 0.03715419050243477 0.9993093206965719 -5.133150479385325
-0.987167124493304 0.15960354049073558 0.005270501157173996 107.56942015259034 -0.15944889915217061 -0.9869513400256208 0.022429912634604407 15.738022009877053 0.008781621649059893 0.021301696750646915 0.9997345251799438 -5.778472964367314
-0.9883535035802639 0.1423603879181068 0.05376682910891258 106.49156165980594 -0.1426660185028012 -0.9897691196962334 -0.0018699893863934442 13.940900938827085 0.052950534701536045 -0.009518909998189167 0.9985517669241152 -10.009876489555007
-0.9866703669859522 0.1621630169450418 0.013592014092543705 105.28825679696065 -0.16115937757977333 -0.9853055938911112 0.05657332997968265 16.045560011257862 0.022566389385762695 0.05362874772146094 0.9983059227951734 -7.403669748106486
-0.9897458922146768 0.13585275710127523 0.044125924717408796 104.39798505925106 -0.13481167447225606 -0.9905357323528161 0.025783237932138756 13.49971803361571 0.04721102911578236 0.019570164032537266 0.9986932098545498 -9.51002208333534
-0.98554660684901 0.16843829549888434 0.01806727256222118 103.06259544120775 -0.1673909354737742 -0.9846728500359554 0.04898625443207966 15.988495208425313 0.026041513965632677 0.04525393918212807 0.9986360300624508 -7.463970841461922
-0.9870647260048675 0.16026956539649542 0.004110119774920506 102.3817112937291 -0.15966906043943999 -0.9850318891543064 0.06494588891909366 15.549379490395395 0.014457448437892819 0.06344953708831219 0.9978803226980459 -6.515072656246097
-0.9865650100670241 0.16127885622316576 -0.026050171723257298 101.35073559550071 -0.16305905290801317 -0.9819133811316101 0.09621775937654568 15.633677278079242 -0.010061122015237527 0.09917279107723309 0.995019362290883 -4.524265751757321
-0.9953596193246737 0.09609378818503742 -0.005021164216399109 100.89452463297295 -0.0956901190644337 -0.9939731413250749 -0.05348640423319495 10.930678292755971 -0.01013061356844771 -0.052757731154889284 0.9985559536010591 -5.1596541472397845
-0.9887882968193696 0.14550616911732067 -0.03355083936136217 99.84443468329108 -0.1453986331337334 -0.9893571004634326 -0.0056360664855232695 13.650502961635137 -0.034013843591870915 -0.0006946303973499589 0.999421120415575 -2.8408636538798504
-0.9905530843219686 0.1339133830700231 -0.029526140536522246 98.88137714078448 -0.1340250724271938 -0.9909762556942452 0.0018277338714914313 13.07587907632859 -0.029014946167902025 0.005767710547628339 0.9995623374327017 -3.3209079664250245
-0.988203552396455 0.1492450856393042 -0.03434593780278528 97.79889639910684 -0.1498184896094573 -0.9886033265365138 0.014760858108123604 13.824982243000454 -0.03175152283239329 0.01973238894470119 0.999300992506448 -3.1431492630989784
-0.9882063133892197 0.14915488221338127 -0.03465693710653735 96.72507409349703 -0.14921464198322199 -0.9888044464496902 -0.0008702293640567354 14.321012583627814 -0.03439873246956546 0.00431135631092954 0.9993988890384295 -2.872399374212808
-0.9888353955838886 0.14568499197756016 -0.03131203527347526 95.78819991338821 -0.14581546639539447 -0.9893099577411886 0.0019124000715993678 14.092152826547162 -0.030698700304103512 0.006456827908505223 0.9995078284700989 -3.0925024224791846
-0.9887041522911154 0.14606133387159875 -0.03361823894793978 94.91179590997686 -0.14659223316456346 -0.989099391726275 0.013896419054807572 13.582882051486179 -0.031222050191131844 0.018667619943903882 0.9993381327396135 -3.0846918406319777
-0.9897477257331999 0.13873913187762044 -0.0339248093849964 94.07203111912759 -0.13912073150343426 -0.9902331746811615 0.009147777152086025 12.850398640084975 -0.03232431703706787 0.013773635929546479 0.9993825221012094 -2.915675133645136
-0.9894021340005942 0.14007178271206847 -0.03825327336241323 93.04650045208112 -0.1403548110724052 -0.990089621190958 0.004803021838642837 12.891423804923445 -0.037201401101361914 0.0101211510124873 0.9992565326572953 -2.5948935754722076
-0.9911927582811365 0.12988638236642025 -0.0258155690776929 92.06132312407476 -0.12998396070539886 -0.9915138061426119 0.0021312409385365783 12.458856523835411 -0.025319673978502818 0.005468080501012175 0.9996644508060012 -3.3723294780876767
-0.9842526887355338 0.1748248304646714 -0.026132802564613422 89.76362887751017 -0.17486652861867008 -0.9845918996625485 -0.0006987758994605691 15.96584514254308 -0.025852309098754796 0.0038819804096835394 0.999658235769789 -3.6150667506988783
-0.990962498471011 0.13297582191313978 -0.017628312755955573 89.97484636722785 -0.1333302503613 -0.9908546885944062 0.02073717505068607 12.148466066461891 -0.014709553449725578 0.022900150152657187 0.999629537458905 -4.730197367709065
-0.9907739598120223 0.13426640270163304 -0.018425353835812938 88.73631333167427 -0.13488914269391722 -0.9901228949892028 0.03823051139480472 11.598180399216487 -0.013110291442691364 0.04036317534301384 0.9990990613220092 -4.862451179235416
-0.9907936790223453 0.13470152157909238 -0.013541997402553704 88.11535343237546 -0.1349148666095717 -0.9907228938098996 0.01631338250231885 12.209536660333505 -0.011218929409460026 0.0179902130399639 0.999775218665521 -4.768779678522777
-0.9904850237578744 0.13752525045985653 -0.005120859041270529 87.13382714563367 -0.13759147037580494 -0.988824892470369 0.057392676456070886 11.968065879513158 0.0028293093133419543 0.05755117302819435 0.9983385485354631 -6.640213099274194
-0.9904255626838921 0.13746887213719533 -0.012629884228874278 86.25498115432362 -0.13778609180904805 -0.9900329937929735 0.02914899835877054 12.717263483274055 -0.008496922166062298 0.03061013548905394 0.9994952835902033 -5.111323022669293
-0.9909760079087158 0.13357965945595252 -0.011091723443477353 85.25040986891744 -0.13385723736898156 -0.9905477079113866 0.02995794311119458 12.866321224412957 -0.006985109394929406 0.031172310327292497 0.9994896174126137 -5.053594305334913
-0.9932184929425558 0.1156248015579418 -0.012162670003575573 83.72839179253288 -0.11595315243771953 -0.9927677084487911 0.031098930867530492 12.41094761770246 -0.008478898317846588 0.03229833317734709 0.9994423074681701 -4.740108854342454
-0.9903929144389134 0.13799550836213434 -0.008894644516600285 83.63313585538444 -0.13817239739717382 -0.9901184804330124 0.02395377428597532 11.92142529252657 -0.005501238652983141 0.024952642683753277 0.999673497696314 -5.011011435059091
-0.9914157988957207 0.13074595952296456 -0.0004558161712140722 82.81992176513182 -0.13069024494304016 -0.9908787964194565 0.03285225537251989 11.704019428776723 0.0038436410720522076 0.03262981573273773 0.9994601150363954 -5.703582078354813
-0.9907405709467535 0.1356740974100874 -0.005065606780980587 81.92645569152623 -0.1357582123052202 -0.9904369729330963 0.02458272643174918 12.117943175365696 -0.0016819250257172202 0.025042802141246056 0.9996849649710277 -5.27566193425764
-0.9867698275164618 0.1611173015519256 -0.01806993756933148 80.40117024783518 -0.16184126955993638 -0.9855100755203873 0.050767061319635154 13.430023421065556 -0.009628653611059869 0.053019865978983186 0.9985470358682235 -4.706440506954069
-0.9865256286380563 0.16164514650185235 -0.02525926864904407 79.73323932853683 -0.16252779588085223 -0.9859711522793272 0.038021078878633964 13.488214399058974 -0.018758987350135745 0.04161410200133273 0.9989576401971358 -4.822330466288426
-0.9855227906670984 0.16953943114591066 -0.001100164740283866 78.87133638542096 -0.16949504154974826 -0.9850689372174879 0.03017647791344964 15.018506100371628 0.004032364787957464 0.029926079194132517 0.9995439809324508 -6.258595256567466
-0.9911157022157091 0.1330022243735141 0.00027043143362360546 78.96173804805474 -0.13291763371801404 -0.9905538722905268 0.03370354190664598 12.628125966318619 0.004750522946614344 0.03336816449772162 0.9994318376606764 -6.098657073795676
-0.9905815846054693 0.13692343349730254 -0.0003124097142060619 78.28968041663583 -0.13682976351769413 -0.989814227898645 0.0393117039201289 12.27136450818856 0.005073465897318312 0.03898419691005768 0.999226947362345 -6.07088911915851
-0.988353335888287 0.14959147008755277 -0.02792983199990547 77.17571901769108 -0.15101081987661347 -0.9867954226326814 0.05857069362224387 12.946248538284038 -0.01879935420940764 0.06210624725615695 0.9978924783427702 -4.866299316694798
-0.9865104941246067 0.16352344307864558 -0.007558342790242758 76.37066868337061 -0.16369070228588617 -0.9858511213204204 0.03609599114066646 14.735286388560592 -0.0015488599624271756 0.036846304495548585 0.9993197440648554 -5.651124206879478
-0.9846954681571701 0.17337733194370103 -0.017752063508829186 74.9333717068598 -0.17410148577488943 -0.9832069587731662 0.054706022255320966 14.331528799392139 -0.007969168194583962 0.056959432828176504 0.9983446876556157 -5.378024559273904
-0.9875143252495936 0.15652264844637037 -0.017779706133208603 73.80711288387599 -0.15731760171693734 -0.9857345460521431 0.059821207856550186 14.436472237293685 -0.008162696667191018 0.061871360440184604 0.9980507527878595 -5.296611643221856
-0.990866501257228 0.13326225642347567 -0.020609408026045148 73.30968004843976 -0.13410424690979214 -0.9898492127972027 0.04705939741982084 14.342611527219606 -0.014128964824702958 0.049393389615240466 0.9986794607957603 -4.965856593265331
-0.9928806291784866 0.11763724169297037 -0.018695870373132265 72.58893426913406 -0.11837339208712397 -0.9919516940158353 0.044939701655752076 14.172784443720946 -0.013258817742441423 0.04683285284914496 0.998814741404076 -5.152964146050642
-0.9893772774294692 0.1435999627759529 -0.022619761205594828 72.11305979537418 -0.14477309200098165 -0.9874028275412134 0.06384675399807885 13.973329821512069 -0.013166424675222022 0.0664432604133859 0.9977033318611878 -5.17543207348294
-0.9912112359047777 0.12977890595627523 -0.025646079328559036 71.19514128871833 -0.12986976256148794 -0.9915292359542808 0.0019023722417821874 12.78127232498587 -0.02518194965360895 0.005216302973960783 0.9996692751079929 -4.310202883865667
-0.9929643379541289 0.11662945890007026 -0.020479083670885953 70.7044916985624 -0.11747395464612922 -0.991985773544536 0.04651983517869775 14.018122834163266 -0.014889376451735391 0.048598296286298456 0.9987074206527959 -5.050227058746292
-0.9933323749164301 0.11277912406461468 -0.0239094566668635 70.20848154014064 -0.11381078723563767 -0.9923713529513235 0.04739411936482841 13.852305727709505 -0.018381992593047337 0.04979926723136968 0.998590073719711 -4.977818501233376
-0.9936083588732603 0.11092109202011541 -0.020950907432777208 69.56043404220678 -0.11186218662009918 -0.9924173657109597 0.05093744634245057 13.614070007962525 -0.01514200719067043 0.05295548678262231 0.9984820659570571 -5.1351821856109305
-0.9934557465739133 0.11184417278115061 -0.02316377806337128 68.9337689937876 -0.11280106597307361 -0.9925875379053478 0.04523161626937711 13.589103465468215 -0.017933184731304855 0.04754850796715078 0.9987079354223128 -5.01962111789129
-0.9931048258256213 0.11409674639549945 -0.02692094693410271 68.19022994557375 -0.11526884409430783 -0.992222936271854 0.04697593338328252 13.546252791693613 -0.021351779856249885 0.04975517257561851 0.9985331863783778 -4.921459779259466
-0.9935859911191158 0.1107079068920425 -0.023035572565767038 67.54946699639244 -0.11167106927469211 -0.992686067430091 0.04586876733942113 13.358508126976277 -0.017789056717446385 0.04814697167812444 0.998681840517459 -5.104506338984264
-0.9927532200950598 0.11641679890471153 -0.029802230179564872 66.83848997200062 -0.11775014752450202 -0.9918933953955118 0.04777441709459408 13.486320909697511 -0.023998890575476085 0.05093742340902534 0.998413457515278 -5.078253220419061
-0.9930329751265535 0.11383126179040627 -0.0304623398725104 66.24795896351179 -0.11507425437684053 -0.9924366470318935 0.042748305319679464 13.271272717122827 -0.025365848909879623 0.04595590786062262 0.9986213638020157 -4.883006027677636
-0.9930981481088753 0.1143532237204273 -0.026065464651112053 65.58375977704623 -0.11543860667949789 -0.9923016844987909 0.04484746401713813 13.20441306187012 -0.020736352394496588 0.04754689438457702 0.9986537420566601 -5.117381395843752
-0.9929309167464778 0.11579149622873397 -0.02608685435448852 64.9545496147927 -0.11690934622814192 -0.9920567629562737 0.04642826549878741 13.12290379435315 -0.020503641957216115 0.04914985731239173 0.9985809392295988 -5.184528762066462
-0.9929218240115086 0.11624125342968016 -0.024376677434715995 64.34700345007158 -0.11728126631354424 -0.9919966130974852 0.04677418278290385 13.071369151177958 -0.018744491818974474 0.049302034483508846 0.998608007890105 -5.1933124121198
-0.9926074957202133 0.11801902015797894 -0.02831731486217915 63.71453772512121 -0.11918941133933456 -0.9918966151913491 0.0439885098239651 13.063928601246532 -0.02289636793546908 0.047038448665963385 0.9986306327579128 -4.950676014617839
-0.9928317808625079 0.1167343340240711 -0.025654437615036437 63.1424208191153 -0.11785988561795877 -0.9918733251840585 0.0479202895488506 12.864797251235167 -0.01985200925622732 0.050600415495133416 0.9985216550882691 -5.164619239621868
-0.9923727053830715 0.12033974031284825 -0.026735005369776525 62.56964119018725 -0.12140500311090768 -0.9916873670485034 0.04262618040655185 12.97128104041884 -0.02138314360252817 0.045546821380284305 0.9987333218791862 -5.021738044272535
-0.9925500739357795 0.11893515474761854 -0.02643444145888913 61.95390509375155 -0.12005274191599832 -0.9917139731040471 0.045724552579976055 12.777190672984254 -0.02077714822911617 0.048557435222092965 0.9986042687652239 -5.07818931098723
-0.992425479167015 0.12059502442013631 -0.023420255874474386 61.4008314832446 -0.12149013302676655 -0.9917226631630327 0.041548850115961246 12.762002312812266 -0.01821581393343047 0.04407946748688209 0.9988619447495308 -5.07854088864358
-0.9923709810885578 0.12105105738047799 -0.02337685608470975 60.817999385903484 -0.12196786460197152 -0.9916077094377155 0.04287179245289506 12.731078501436183 -0.017990994907794808 0.04539594795526398 0.9988070544461937 -5.118753081913655
-0.9923133632530928 0.12191422586932575 -0.021239365339428964 60.30299819801262 -0.12268607346755016 -0.991642712075376 0.03991063724005943 12.623308808633924 -0.016196187404877698 0.04220963300569457 0.9989774924366789 -5.200444808777448
-0.9921747518728757 0.12332257206663316 -0.019514224680113657 59.75009576735505 -0.12400633518326483 -0.9915180484704404 0.038915143476404214 12.564155307763388 -0.01454959038638779 0.041030510309322456 0.999051953925995 -5.184501335404965
-0.9921104149979986 0.12341725554748227 -0.022025110343290914 59.18383314445422 -0.12426886286000556 -0.991327305101434 0.04274837872730588 12.474120209586454 -0.016558205699547673 0.04514814717636567 0.998843066067218 -5.300382167333568
-0.991788939948214 0.1259224390480052 -0.022321244154445162 58.66040369369201 -0.12680631488623823 -0.9909511872309855 0.04399889805976091 12.446669457871977 -0.016578814836210466 0.046468095180480805 0.9987821879814075 -5.2938738611490965
-0.991864324657338 0.12535296383228725 -0.022176472454232578 58.15556332382296 -0.1261933114306786 -0.9911264676593331 0.04175611638188506 12.374499610122896 -0.016745435862112724 0.04421492467028224 0.998881690098582 -5.33656113590026
-0.9917600338738307 0.12623465640453158 -0.021836820579421594 57.67887760160383 -0.1270837337233774 -0.9909484372414759 0.04325412525543773 12.269383667273635 -0.016178993587801477 0.04567281742039585 0.9988254271469974 -5.3772697690905975
-0.9917108441574525 0.1267415079478502 -0.021123251255917783 57.222308981617196 -0.1275225423171019 -0.990987539627113 0.0410085052738007 12.219113440941085 -0.015735398993938398 0.04336227008487356 0.9989354887837364 -5.35646163614248
-0.9914900420503208 0.12797631787725697 -0.02386542640811171 56.66108012095526 -0.12889437605078244 -0.9907679655064374 0.042012835523464784 12.223275561604153 -0.018268451974432453 0.0447314273058724 0.9988319994241558 -5.188157172463939
-0.9916098161747166 0.12728443170472273 -0.022553179632977784 56.18585986988927 -0.12810127008489708 -0.9909740795699057 0.03950238250054418 12.129079977855735 -0.017321578120600447 0.04206004120526493 0.9989649222396312 -5.246215359163674
-0.9917489835086135 0.1253442707353069 -0.02688433565241043 55.72506337254615 -0.12633705182983287 -0.9912162132040786 0.03910713510750198 12.036168756525738 -0.02174633404929266 0.042180949197528135 0.998873297510859 -5.444588967894576
-0.9916214700274983 0.12620424674844882 -0.02755627484195625 55.243262214342614 -0.1272146830271255 -0.9911219433732521 0.03864864533639161 11.992839287998141 -0.022434005500959926 0.04183038927247168 0.9988728317110762 -5.4191103813599755
-0.9916430511685748 0.1265161502018408 -0.025253174200181933 54.8846193048445 -0.12744063433311234 -0.9910728725912018 0.03915923817696425 11.948058028796147 -0.020073459837633933 0.04205026696623736 0.9989138257418508 -5.559878272205574
-0.9914748055195115 0.12771087040864504 -0.025838800272470677 54.43641886335989 -0.12859106813300028 -0.991048326724823 0.03588246497039064 11.90805649867311 -0.021024918940832586 0.0388991989043908 0.9990219242379726 -5.510509778414404
-0.9917435280036258 0.12571993979227794 -0.025283816989418405 54.00148866262367 -0.1265241275131742 -0.9914072582169824 0.033215862351053116 11.788297457264886 -0.020890663463816257 0.0361406293985049 0.9991283376457372 -5.628877029872729
-0.9919838460472644 0.12385529277563431 -0.025058244805702453 53.55235833583535 -0.12467881198621626 -0.9915966642602514 0.03451447913049825 11.686976246533265 -0.020572871043844837 0.03736203794502432 0.9990900035019923 -5.6113433806479875
-0.9918282962885835 0.1256476235787181 -0.022120247971265612 53.15745887039763 -0.12634809494277863 -0.9914106429104772 0.03378011290929167 11.718301116001253 -0.017685858351258275 0.03629892302608991 0.9991844667535265 -5.547995721695233
-0.9921069407373377 0.12364485681493308 -0.02087504548555058 52.679399984636525 -0.12432102914913631 -0.9916248838531746 0.034991019340459985 11.621561532085481 -0.016373754978879048 0.037310040289443305 0.999169585726819 -5.547972012749884
-0.9920813758187924 0.12378445000478046 -0.02125920248995014 52.39274463076448 -0.1244640607095751 -0.9916294989420025 0.03434580643566226 11.618286884694289 -0.01682977555340673 0.036719841571644006 0.9991838729131794 -5.536537503387789
-0.9921072924863796 0.12379034255141945 -0.019976768666365205 52.03031153240043 -0.12439946433362307 -0.9916883944139243 0.03284663846190938 11.585560443674638 -0.015744633017463695 0.03507248887293629 0.9992607402752344 -5.526847978021388
-0.9922808576085499 0.12240512820501288 -0.019891812706643898 51.569126587391054 -0.12303302531338696 -0.9918130923043791 0.034200359879110596 11.524179052980873 -0.015542660836455979 0.036383712327630456 0.9992170190561149 -5.547745324906475
-0.992331604619103 0.12191246993380601 -0.020379797563181576 51.267208424085574 -0.12254010661975313 -0.991912516597522 0.033067834625060494 11.501666677429714 -0.016183594894139685 0.0353115999610465 0.9992453063009599 -5.466416941106045
-0.9926488275880161 0.11911883022159452 -0.021424504073166088 50.984491166279575 -0.11977937193874573 -0.9922596057315497 0.032768535082186905 11.338861656010081 -0.01735532039756829 0.03509386157309246 0.9992333129623905 -5.7526849085391545
-0.9926192340256573 0.1208447019427756 -0.010179108737525311 50.63412447024599 -0.12091707347473259 -0.9926391799547188 0.0068205396515562625 11.432870894685676 -0.009279956068605766 0.00800102688369197 0.9999249301743508 -6.208815511042769
-0.9928472558674705 0.11901975426251964 -0.009414064570171589 50.34601039837993 -0.11911562602743274 -0.9928261518081025 0.010377857293868175 11.360095399374666 -0.008111359475188694 0.011424989330739783 0.9999018329147442 -6.215724288152491
-0.992775000057756 0.11966066671020355 -0.008895173005564238 50.17462251756859 -0.11973336051756026 -0.9927726779059138 0.008144469454766047 11.328266808922146 -0.007856312080212162 0.009150674619766961 0.9999272691123617 -6.160605451390335
-0.9927167237464767 0.12000825965274634 -0.010560492847847644 49.90958293408495 -0.12010116419161115 -0.9927239648783786 0.008651006645277485 11.31126186052215 -0.009445462079240914 0.009856326459472507 0.9999068136955759 -6.072359686954464
-0.9936416414692028 0.11258699256772403 0.0006763452930200759 49.23763795754858 -0.11256860023274043 -0.9935578842690667 0.013078258615875122 11.20467512496636 0.0021444300039527315 0.012918967115727525 0.9999142471775408 -6.030886680912909
-0.9929599307359243 0.11841001479044748 -0.0031055354199015926 49.20859540432095 -0.1184317843277094 -0.9929287473857753 0.008149544519559963 11.297660109919523 -0.0021185877073484076 0.008459965262743402 0.9999619695637841 -6.177563595005467
-0.9935218926179916 0.11362090504038633 0.0021304522006085893 48.79733971149438 -0.11357866339296241 -0.9934237229469858 0.01446353718941123 11.1233737634513 0.003759801942235484 0.01412786692900689 0.9998931279218789 -6.024866406107489
-0.9930770843137741 0.11742296662740744 -0.0031227422684811986 48.75691319887044 -0.11745259112507321 -0.9930038655780823 0.012174226258611079 11.134733817065886 -0.001671361380126438 0.012456719287526605 0.9999210152285698 -5.964285077332933
-0.9928692943146727 0.11904030409839803 -0.006322215374879014 48.63320950148931 -0.11916015849275834 -0.9925769988776132 0.02432607504487321 11.094645015369647 -0.003379502192193057 0.024905969149344988 0.9996840859319858 -5.746217800088666
-0.9928569249394571 0.11907637353393251 -0.0074795632070795 48.34986926132876 -0.11924479111162362 -0.9924427198517243 0.02895043360734289 11.150809644830387 -0.003975725406339645 0.029635537439284747 0.999552864298923 -5.599518307678077
-0.9927577841850417 0.11986851106508353 -0.007970068697974788 48.186948753643 -0.1200492486033476 -0.9923580657114658 0.02852450397765355 11.112660139739294 -0.0044899721360384 0.02927472412234163 0.999561319118435 -5.647549082428999
-0.9928555466795586 0.119320598345653 -0.0006769328457100937 47.8974645653558 -0.11931314927162476 -0.9926905190559226 0.018163308822391803 11.126082048634315 0.0014952720586507197 0.01811430890003244 0.999834804342472 -5.932478039567708
-0.9928207753138395 0.11952602958407833 -0.004520658922981181 47.722617701950966 -0.11959726370943391 -0.9925763100772736 0.0221079892030807 11.099341888010738 -0.0018446187813585559 0.022489929418584746 0.9997453678093756 -5.755425784397284
-0.992954856933461 0.11819427808580561 -0.008412176890576292 47.55162846695709 -0.11838525887750437 -0.9925770801930507 0.027850859160086467 11.020153804288102 -0.005057921783619654 0.02865052361169168 0.9995766928675421 -5.612903522136143
-0.9929745125526651 0.118005603996527 -0.008734692107626334 47.357037759735 -0.11820895762991124 -0.992581913816189 0.028421588643949267 10.916582068466735 -0.005315990674312806 0.02925443197895858 0.9995578614831382 -5.618245554179181
-0.9929529795838729 0.11802743367773154 -0.010672639550178763 47.21603376845605 -0.11829864874776949 -0.992526201043689 0.029952795299324653 10.939508646925747 -0.007057622827193765 0.031004276176688182 0.9994943345606286 -5.620908691401633
-0.9929011967139807 0.11839314027073929 -0.011413934500477093 47.04469582003156 -0.11869572302985616 -0.9924449348018562 0.03105441547608427 10.913042888958776 -0.00765107171367279 0.03218875149760676 0.9994525228237019 -5.571760681239188
-0.9929864969629387 0.11794039842745703 -0.008238887549067469 46.888903156608876 -0.11812742525289074 -0.992602538700859 0.028037681211814627 10.899841134472195 -0.004871165404171908 0.028814277422602758 0.9995729133806214 -5.776012983421251
-0.992913278181189 0.11842120902187625 -0.00998194696864353 46.75654748640107 -0.1186691133882918 -0.9924902254010096 0.029678173985134997 10.88067829531412 -0.006392459551968819 0.03065240181866977 0.9995096631466976 -5.787591145797531
-0.9928514631335469 0.11878937816355938 -0.011621350570819103 46.59548463055182 -0.11908387712392657 -0.9924540846611521 0.02922191041882643 10.869006291098943 -0.008062404275885124 0.030396931998278667 0.9995053897615499 -5.7282962901980525
-0.9927823661236389 0.1194716245498087 -0.010473988799966453 46.45078807488191 -0.11972370245672136 -0.9924075615419071 0.028168543883258772 10.839530935865383 -0.0070291239856565485 0.02921921836530124 0.9995483123361878 -5.801559365706769
-0.9926125300763528 0.12011524736682631 -0.017108257813929228 46.318911739325614 -0.12056738599886152 -0.9922975497578475 0.028444299569031745 10.847398817204205 -0.013559888230477393 0.030296866085086416 0.9994489628473328 -5.78521039188618
-0.9926138228998931 0.12015379308694525 -0.01675901533151492 46.19310540013883 -0.12062036012580137 -0.9922345510959341 0.03035332493439851 10.809509375354889 -0.01298180693060713 0.032150608365497026 0.9993987247693228 -5.754591658596115
-0.9927601309729278 0.11982177278076862 -0.008370490922950597 46.03462306720658 -0.12001893804020503 -0.9923334444633312 0.029492194073053996 10.779093227504159 -0.004772511112392843 0.030283291882091633 0.9995299622174744 -5.706312494514449
-0.9925000332977323 0.1219154899502523 -0.00896087128530985 45.90316692382061 -0.12214123080408419 -0.9920052675563176 0.03173434855457293 10.803712434866723 -0.005020322864638741 0.03259083384496013 0.9994561690777771 -5.699980588657778
-0.9926682979384475 0.12034715119836549 -0.011234476686694889 45.730293242122286 -0.12064969150133055 -0.9921806671035261 0.031955840884501936 10.745979011646153 -0.007300836158965982 0.033076986326439 0.9994261407262394 -5.571137240373381
-0.9924116562986567 0.122325241456391 -0.012475565926801628 45.575499491691694 -0.12265125813054663 -0.9919960162681914 0.030009541599874366 10.821624325737096 -0.008704787277878125 0.03131196274070752 0.9994717543121349 -5.510489510803897
-0.9922237579027482 0.12380914287387172 -0.012779295527755955 45.44240153899556 -0.12415709315932333 -0.9917631352250798 0.03147856138304081 10.842538721235522 -0.008776700494838216 0.03282041665420323 0.9994227282682119 -5.47920986943212
-0.9923412236312789 0.12291282707394377 -0.0123017406356897 45.35544927082611 -0.12324960220630429 -0.9918606653894488 0.03196804669024836 10.844745573590613 -0.008272329657633373 0.03323939520949676 0.9994131834072159 -5.488725776102805
-0.9924400189009747 0.12197819507433816 -0.013569407143975249 45.23297224506702 -0.12235100055097155 -0.9919939803532212 0.03127579906486713 10.80467434869252 -0.009645804684345305 0.032699585156028686 0.999418678824155 -5.518415441858573
-0.9922152008116337 0.12327737938683471 -0.017654546435555255 45.1287992105284 -0.12377557128303189 -0.9918371010931393 0.030639400266962883 10.813800107563903 -0.013733289186859858 0.03258608025943612 0.9993745764934392 -5.454257013265483
-0.9922497418698002 0.12344084302488212 -0.01424106852104564 45.06407048347001 -0.12383828282441398 -0.9917992398524853 0.03159663803526635 10.774533496309363 -0.01022396529803483 0.033115345405677656 0.9993992417608945 -5.539517366167537
-0.9924338337842895 0.12184143348658891 -0.015157527705891643 45.020816310436835 -0.12225521443812108 -0.992036499478465 0.030286073453006174 10.627380837573083 -0.011346722121906128 0.03191001078727487 0.999426337009712 -5.531122762991689
-0.9922309236158855 0.12336976580797308 -0.016052884627144593 44.939285270148844 -0.12388373213227037 -0.9916291453275444 0.03639311816737289 10.693759782025618 -0.011428697797526264 0.03809906851157377 0.9992086097733588 -5.51494047538949
-0.992165166209542 0.12416026406823741 -0.013874861689533564 44.82469201725167 -0.12457393015444139 -0.991608058190754 0.03456580473588181 10.801518111817352 -0.00946672521388533 0.03602343345195708 0.999306105933544 -5.584110526494013
-0.9921509432442771 0.12415394329369238 -0.01490986868222175 44.7686285269028 -0.12458377241960822 -0.991674357215438 0.03257073672866564 10.762544311436583 -0.010741949040764266 0.034172614854218616 0.9993582155187598 -5.501760791186834
-0.9922320516735446 0.12371940007845654 -0.013002525752039001 44.69289273080045 -0.12408391497308421 -0.9917391328345638 0.03250652933640856 10.74291071383944 -0.008873425305853031 0.033867424596102286 0.9993869420172422 -5.589631501170072
-0.9921847815181007 0.12361244500268881 -0.017009490419756683 44.65184040815343 -0.1240929745082592 -0.9917892111999379 0.030904598769413743 10.701678592431438 -0.01304963607060905 0.0327738308389926 0.9993775978130418 -5.453390339264802
-0.9922011665374669 0.12369073428056729 -0.015409327526929077 44.58665531390748 -0.12411674028944356 -0.9917921792330623 0.03071331945691334 10.72320013834935 -0.011483897492629703 0.03238634689608188 0.9994094479406884 -5.516621609696824
-0.9921393701541491 0.12406692332007262 -0.016336117287189336 44.51707109825719 -0.12453777003391316 -0.9917011708377977 0.03192384052583468 10.753668989010741 -0.012239853966048228 0.03370736265016209 0.9993567929813961 -5.541801623466657
-0.9920725766086361 0.12437820424838306 -0.01794617087457206 44.474021747125896 -0.12490760871886532 -0.9916447192499339 0.03223104199153712 10.786522589902692 -0.013787386454564638 0.03421714616492808 0.999319315776038 -5.40094350086677
-0.9919974040150435 0.12469172147644647 -0.01982738063021187 44.41727643228293 -0.12528063183500213 -0.9916079318764921 0.03191351949638454 10.7514854816771 -0.015681636216876006 0.034142115266382674 0.9992939518733736 -5.4584644996142435
-0.9921367509356337 0.12399012888457459 -0.017062103682736616 44.37593881377434 -0.12448953340534413 -0.9916971983481276 0.032233877535855396 10.707921673247514 -0.012923757789974866 0.034104467854858045 0.9993347095727887 -5.48582908639286
-0.9920032235025036 0.12508198991401798 -0.016855276912472482 44.33319117178756 -0.12557871395774625 -0.9915473178767715 0.03261752614936128 10.747516354552777 -0.012632939537797656 0.034473355080913336 0.9993257710216974 -5.496493460574951
-0.9921442295251521 0.12416630148172621 -0.015249832664332963 44.29595642652177 -0.12459720614077785 -0.9917032950365585 0.031624529016922934 10.719577999905862 -0.011196608497842275 0.03327618051968097 0.9993834758330598 -5.593067335826066
-0.9920445588478304 0.1243913681777709 -0.019348922018552202 44.28136038871919 -0.12496128097964915 -0.9916541046580113 0.03173034778953619 10.756310624151384 -0.015240456566108061 0.03389578495597206 0.999309163495403 -5.460464252479322
-0.9923792647338437 0.12212920769588692 -0.016366171021060034 44.24569429322485 -0.12261121983437825 -0.9919165839299697 0.032679952500360265 10.614958946624002 -0.012242699744815302 0.034437583426754605 0.9993318613707306 -5.585775029726549
-0.9920889171824391 0.12395133659786899 -0.019890866230162715 44.2515704968708 -0.12451655787845739 -0.9917557743700763 0.030267322605692037 10.651108659937979 -0.015975206348772017 0.03250461750609287 0.9993439060818384 -5.5075083326853225
-0.9922629403202787 0.12315678976118791 -0.01570548957133881 44.17914971335469 -0.12359701530292982 -0.9918454371177446 0.03108708215513097 10.668110702027143 -0.011748832927764437 0.03278771118011698 0.9993932814064771 -5.6047110085513205
-0.992093638190048 0.12449527002964715 -0.01584742260064133 44.17026428770449 -0.1249513863341866 -0.9916438556658262 0.032087607785280414 10.71235646330587 -0.011720243854231819 0.033814068972287864 0.9993594171385694 -5.6444929927080345
-0.9922908552671513 0.12304108196197154 -0.014823990785738607 44.175015267951856 -0.123464384806922 -0.9918269047942035 0.03218596915740237 10.645262424654405 -0.010742636428595393 0.03376807776554557 0.9993719591256233 -5.661005502851675
-0.9922192015714457 0.12339057995228143 -0.016607853924152042 44.152096275493314 -0.1238884842425563 -0.9917360050281689 0.033336763532968335 10.660576338628445 -0.012357164116764834 0.03513489874484274 0.9993061789988026 -5.588850443086897
-0.9921200001219307 0.12376000601355312 -0.019528601321851462 44.17214209687029 -0.12431489557645883 -0.9917783858550496 0.030355231650727565 10.69649066402376 -0.015611281045355696 0.03254372846310116 0.9993483845195563 -5.543060020503922
-0.9921130966300972 0.12380081340942695 -0.019620450917573324 44.14208984452495 -0.12435753444217337 -0.9917752678038696 0.03028236780756289 10.670755185153176 -0.015710096196669125 0.03248348459960569 0.9993487960195687 -5.5268608046865975
-0.9921190718434644 0.1243592509792431 -0.015314175797091881 44.16367765230899 -0.12481966683399767 -0.9915934068681538 0.03409642542934893 10.700112782905524 -0.010945229824552729 0.035739224270975735 0.9993012107430906 -5.665086697055288
-0.9922446159702063 0.12358629172784864 -0.01330603528859557 44.162064779004496 -0.12396550999953096 -0.9917382469093025 0.03298184269899489 10.629205077230218 -0.009120000476905008 0.03437554529347628 0.9993673736304775 -5.695499277856937
-0.992085189066543 0.1244726488949299 -0.016538963446531024 44.17873364956163 -0.12492940997850377 -0.9917038008453638 0.03026902560843938 10.70258012121185 -0.012634087115016375 0.03209565493863966 0.9994049473445875 -5.60736331605149
-0.9921460199556857 0.12423430857361908 -0.014564053671060949 44.15792543828519 -0.12464218965076539 -0.9916982431801566 0.03160568038277061 10.658224773285147 -0.01051663658982029 0.033172745539509475 0.9993943012186034 -5.675764967415356
-0.9920303328615645 0.12518273695832025 -0.014321349454497938 44.19278991723988 -0.12558889503373705 -0.9915574812207145 0.03226748951247882 10.693970586839669 -0.010161108540837686 0.03380893081505379 0.9993766597586549 -5.7232415092350335
-0.9920113305469387 0.12527051760014007 -0.014859928892564472 44.182212625429386 -0.12570700044460772 -0.9915046927495117 0.033409494083640114 10.720428427660213 -0.010548464614285208 0.035010593766716135 0.9993312705096311 -5.705552531904533
-0.9920240068607216 0.1250226479463073 -0.016053264854797127 44.17287357122688 -0.1255299708503658 -0.9914401682425573 0.03589734270781385 10.689261925609351 -0.011427870768915395 0.03762619161793376 0.9992265376149836 -5.6504724143769245
-0.991972635485886 0.1255079611270411 -0.015428614355087565 44.1981764163952 -0.12594320722755906 -0.9915361112779733 0.03153487886435991 10.768014000748956 -0.011340149929396987 0.033224866071764114 0.9993835646407699 -5.800392482322927
-0.9920531192621114 0.12487157424827984 -0.015417474082175062 44.19377978590649 -0.12533982937030627 -0.9915139163191067 0.03449754946327007 10.685880989605508 -0.010978876797779277 0.03615582512271693 0.9992858552856441 -5.62700649022014
-0.9918567118616096 0.12640360049459118 -0.015568972897195367 44.22642871562301 -0.12683007255011625 -0.9914584112447226 0.03040314899838598 10.727843650937137 -0.011592921633595887 0.032130181357859854 0.9994164575460553 -5.850573293577267
-0.992062160582994 0.12461757503832847 -0.01682645330939085 44.231222556621404 -0.12512882396714195 -0.9915633362157662 0.03383678006634298 10.6497638720492 -0.012467836701165453 0.03567366345392953 0.9992857162912828 -5.721758361690077
-0.9919833912339444 0.12504621657679632 -0.018231709624468472 44.20765941724984 -0.12554749224979547 -0.9916463588171108 0.029585912771966684 10.629667767626618 -0.01437980200800951 0.031637679507065475 0.9993959568307378 -5.640154308126814
-0.991908332114438 0.12608741435330448 -0.014826483860257596 44.26990305367597 -0.12651529040200737 -0.9914241038048204 0.032743360995956344 10.69349285046671 -0.010570807748515487 0.034354189504540895 0.999353815066031 -5.751041172396264
