-9.907256504041783707e-01 1.312947925795316939e-01 -3.499089985575993406e-02 1.298713530558928824e+02 -1.331989399391746987e-01 -9.893204938842656837e-01 5.918617051028870341e-02 1.242229059998775398e+01 -2.684637834603014611e-02 6.329800804204341325e-02 9.976335169527992264e-01 -3.149401521088225575e+00
-9.920089296523733058e-01 1.189681156709560539e-01 -4.201036709736015451e-02 1.284466713881105591e+02 -1.209652368245875409e-01 -9.914608705772802733e-01 4.871091863343523370e-02 1.085750981326040332e+01 -3.585658893319877694e-02 5.340346026095795645e-02 9.979290433002898641e-01 -2.358813638899357468e+00
-9.911624504400800006e-01 1.263920193058217512e-01 -4.027473517495179511e-02 1.272188151360145554e+02 -1.282511492356153415e-01 -9.906031426221608704e-01 4.750848920816889975e-02 1.174622358424895374e+01 -3.389158534739322715e-02 5.225391165162242280e-02 9.980585599852068723e-01 -2.335715058437868308e+00
-9.910856413988802238e-01 1.256909914835292463e-01 -4.417042079105054642e-02 1.260090199298614806e+02 -1.274528254584739728e-01 -9.910527876752002197e-01 3.962510976472916058e-02 1.137723896929549561e+01 -3.879469932378476482e-02 4.490152225818673515e-02 9.982378597324761405e-01 -2.042995193688651234e+00
-9.901148298581980978e-01 1.360624361036041341e-01 -3.405344588179497201e-02 1.250459121084631136e+02 -1.375962105463801599e-01 -9.893395175702910382e-01 4.769278579681172914e-02 1.264613821944399952e+01 -2.720122310021947168e-02 5.190695960405494747e-02 9.982814037166649612e-01 -3.018732017031815928e+00
-9.923394225874346830e-01 1.203561852306280489e-01 -2.787219143820002590e-02 1.243922845768761931e+02 -1.214409817447446305e-01 -9.917434063715782067e-01 4.119592056711161160e-02 1.074957043709627058e+01 -2.268387823343969920e-02 4.426516232015783453e-02 9.987622525271270257e-01 -3.344668108797972828e+00
-9.893241934982288655e-01 1.371995824669714759e-01 -4.913160622214754469e-02 1.229112505284900294e+02 -1.396225645469716670e-01 -9.889499703044091206e-01 4.983468374772277720e-02 1.263946342105520948e+01 -4.175140271183959417e-02 5.616253916800330315e-02 9.975482893403186946e-01 -2.065568928937935755e+00
-9.888344563708437729e-01 1.467802022705916032e-01 -2.572916856764387653e-02 1.214546878926858824e+02 -1.478181887091686020e-01 -9.880081224164845022e-01 4.460642471431573719e-02 1.292084654922914844e+01 -1.887328748571987305e-02 4.791160882768935592e-02 9.986732582576864914e-01 -3.799841483976008405e+00
-9.894263558739526676e-01 1.414724644016937261e-01 -3.195353060463876349e-02 1.205108893311913079e+02 -1.428442404031944057e-01 -9.886873107187506005e-01 4.574849295177798453e-02 1.267792391605296842e+01 -2.511989820091804770e-02 4.982914247542275660e-02 9.984418096586998859e-01 -3.199308835638657200e+00
-9.910140466426562433e-01 1.281819145796995740e-01 -3.821722297119663214e-02 1.196748885244146976e+02 -1.299298948522387143e-01 -9.903883186808939421e-01 4.742573820319918865e-02 1.166991789709405403e+01 -3.177076927985460209e-02 5.196513249395977307e-02 9.981433981268680311e-01 -2.603280084062107758e+00
-9.917799772180224682e-01 1.243754533493603293e-01 -3.005367520887219923e-02 1.188126582046065494e+02 -1.257733784305980484e-01 -9.907857152130656875e-01 5.024662981621600549e-02 1.101718399732403419e+01 -2.352730472393426558e-02 5.361355363968487581e-02 9.982845550235422971e-01 -3.404045271643850512e+00
-9.929797449031216861e-01 1.140950463428169054e-01 -3.120170848145513778e-02 1.176259881128742251e+02 -1.155565064018952010e-01 -9.920453527593657839e-01 4.992706577332981649e-02 9.926366421878528357e+00 -2.525707901401112385e-02 5.318212546124976431e-02 9.982653662684606299e-01 -3.466434630207054113e+00
-9.911888951106677670e-01 1.296127828774178425e-01 -2.729653318765700581e-02 1.163409990441522837e+02 -1.308856558039058204e-01 -9.900529962281814367e-01 5.161404619270001937e-02 1.141331542503589169e+01 -2.033517430648236479e-02 5.473199406537286593e-02 9.982939895198973401e-01 -3.938255441021433434e+00
-9.951075222769500961e-01 8.889717410635157580e-02 -4.310813779014482233e-02 1.162799267848368032e+02 -9.156165847499105059e-02 -9.937163721859612053e-01 6.437572793282761441e-02 7.306555878911127344e+00 -3.711444200224755380e-02 6.800782370784522191e-02 9.969942096669290876e-01 -2.941180639171413702e+00
-9.912329470027807510e-01 1.296188880900558116e-01 -2.561617899846272556e-02 1.137688006604723512e+02 -1.307338073606494622e-01 -9.902489557212601490e-01 4.812148486843887546e-02 1.109308554112185341e+01 -1.912894114090708808e-02 5.104850187079330165e-02 9.985129613918766189e-01 -3.954630613731732858e+00
-9.923855688700742306e-01 1.203834744075923113e-01 -2.605190564960915139e-02 1.132872888816087880e+02 -1.214396047403603629e-01 -9.916367972333286485e-01 4.369078590883607865e-02 1.046802593478335552e+01 -2.057437967289930947e-02 4.652183855334259682e-02 9.987053686842242151e-01 -3.752585515788333215e+00
-9.902291374754539355e-01 1.366532099163742520e-01 -2.778768637671578598e-02 1.116971866301922205e+02 -1.377560785286013889e-01 -9.895473022573648691e-01 4.265441857057535729e-02 1.144156106490718905e+01 -2.166836687526709979e-02 4.606557081729680675e-02 9.987033819218974484e-01 -3.621415701185458857e+00
-9.879290181350011135e-01 1.482323125539767861e-01 -4.498262599841601483e-02 1.104960649490049605e+02 -1.500022240155124975e-01 -9.879200543458905859e-01 3.890114409131104761e-02 1.276442890369796146e+01 -3.867283177132550820e-02 4.517906302827753157e-02 9.982300658398712834e-01 -2.591753473988501089e+00
-9.912449307138411214e-01 1.124366217802396928e-01 -6.922061410272946358e-02 1.107025883522108813e+02 -1.169517019043124773e-01 -9.910052265948940953e-01 6.504567843667333205e-02 1.075777647249970315e+01 -6.128447401908980463e-02 7.257166764137093495e-02 9.954785614466812316e-01 -1.463713210856881330e+00
-9.884788689582975074e-01 1.447609589720182943e-01 -4.420170110330611662e-02 1.083359333659003880e+02 -1.467410788443929137e-01 -9.881316900753245314e-01 4.541826558187797569e-02 1.284217141656686856e+01 -3.710230993493574686e-02 5.138120109907885757e-02 9.979896746816111497e-01 -3.124881682147004902e+00
-9.886202067689624506e-01 1.452847217705381666e-01 -3.901841088705546023e-02 1.073845768847604063e+02 -1.470617479862239285e-01 -9.879927946443496367e-01 4.736116563265758972e-02 1.363945655861422956e+01 -3.166905504321441966e-02 5.256032106927210901e-02 9.981154660668097867e-01 -3.376222990604214047e+00
-9.908242838307159683e-01 1.288598542733408736e-01 -4.077225193686188909e-02 1.067700562509066913e+02 -1.307279853344732456e-01 -9.903011328087318876e-01 4.705167593330303322e-02 1.092206374946595027e+01 -3.431373517615544932e-02 5.195001746290542344e-02 9.980599998316055377e-01 -3.167792685460675717e+00
-9.908731447343739340e-01 1.289560344157054395e-01 -3.925241689358524577e-02 1.058948993815998136e+02 -1.309258748003334361e-01 -9.899952515518739560e-01 5.261004858873733619e-02 1.023254104665325315e+01 -3.207532310016279753e-02 5.726904130957041067e-02 9.978433897939610331e-01 -3.375741919639784872e+00
-9.909026575493244948e-01 1.287073259684377302e-01 -3.932362526193084601e-02 1.051028990240292700e+02 -1.304362131596642216e-01 -9.904297965970081385e-01 4.511332740306255029e-02 1.077017112120351783e+01 -3.314087443404430816e-02 4.983214078146340487e-02 9.982076137692416085e-01 -3.152388414935204164e+00
-9.918546548034810062e-01 1.165612855613835791e-01 -5.135961889408693914e-02 1.042114167145081325e+02 -1.193545127238807152e-01 -9.913182476075506067e-01 5.516006030400123772e-02 1.031444829436144062e+01 -4.448419985920006037e-02 6.084076485855229033e-02 9.971557337218259764e-01 -2.529939962464482495e+00
-9.904614633732775619e-01 1.328712753296469595e-01 -3.648717260544152158e-02 1.026133728034346433e+02 -1.343417151896890427e-01 -9.900727354646472467e-01 4.133136883099343406e-02 1.166274622954499307e+01 -3.063320310314610398e-02 4.583887740580366854e-02 9.984790454415241046e-01 -3.433713238252365407e+00
-9.880392247976585995e-01 1.488810806138096965e-01 -4.016110178401773728e-02 1.006314312321844540e+02 -1.505675453042682743e-01 -9.876702975705746734e-01 4.285787673112127077e-02 1.258470969597103917e+01 -3.328520034924014465e-02 4.839222181422509622e-02 9.982736540175713991e-01 -3.289233006595651432e+00
-9.905502708546862767e-01 1.331229592834628217e-01 -3.299149316598785908e-02 1.002672659021666419e+02 -1.345620986573504430e-01 -9.898318404613688504e-01 4.610823368758136531e-02 1.156430197214769606e+01 -2.651796588423415216e-02 5.011192792611984803e-02 9.983915024502612034e-01 -3.731266184154157450e+00
-9.875129514079130644e-01 1.549504555782416360e-01 -2.843461126389096316e-02 9.869375825048173567e+01 -1.560770033382769817e-01 -9.868105830481281870e-01 4.295162643203903619e-02 1.380841148617964542e+01 -2.140420123659621254e-02 4.685327630282989930e-02 9.986724341189727738e-01 -3.950128046266353277e+00
-9.891275668639223362e-01 1.440508603159744994e-01 -2.959740042781427993e-02 9.783720513126384333e+01 -1.452771396457853414e-01 -9.883855679457835830e-01 4.459284441286328476e-02 1.273632503178254893e+01 -2.283000582995464017e-02 4.840783736874072068e-02 9.985667088958483095e-01 -3.932963978019749174e+00
-9.885007721478831222e-01 1.481630381729469870e-01 -3.023140060269799770e-02 9.688892414466675973e+01 -1.494097370715020967e-01 -9.877833699909093212e-01 4.428029401017144484e-02 1.292798340775915911e+01 -2.330137187513988198e-02 4.828797043534210909e-02 9.985616245279866909e-01 -3.944241410166277273e+00
-9.901534278076700168e-01 1.361861728063272214e-01 -3.239623029129880954e-02 9.638273682927271580e+01 -1.375920392245801871e-01 -9.894173120915044084e-01 4.606314443939578396e-02 1.207570813730736603e+01 -2.578022774808786874e-02 5.006704375123645356e-02 9.984130763302674350e-01 -3.830663448193352139e+00
-9.887605061599933354e-01 1.456040520806848593e-01 -3.394291495908144385e-02 9.509837913376127005e+01 -1.470243909394585435e-01 -9.881549902367912086e-01 4.397207908444635688e-02 1.258012049344022820e+01 -2.713834790689163140e-02 4.846829157101321256e-02 9.984559753865324128e-01 -3.719422818082263049e+00
-9.877030962711101925e-01 1.527876947537094854e-01 -3.314383725988128554e-02 9.435327264752432086e+01 -1.540619309116624536e-01 -9.872483980170578821e-01 4.006896625224035807e-02 1.311476519086576609e+01 -2.659915525411188017e-02 4.468244559779963737e-02 9.986470667834393966e-01 -3.734409411316438998e+00
-9.874213508223832481e-01 1.561862678522380754e-01 -2.459523682522556098e-02 9.210211746428088020e+01 -1.570846872171207942e-01 -9.867651660605940567e-01 4.023565696378646889e-02 1.360928942861097646e+01 -1.798546585438661610e-02 4.359308183412963916e-02 9.988874642492033828e-01 -4.395404936443754629e+00
-9.928172748856998187e-01 1.168232850664585321e-01 -2.581043887294357658e-02 9.206483138021123125e+01 -1.177827353540430722e-01 -9.922555327255007107e-01 3.944851110184335874e-02 1.264723860713413472e+01 -2.100204611585360093e-02 4.220518738157401362e-02 9.988882000589623944e-01 -4.320909905342547930e+00
-9.923623234099141488e-01 1.198953855397726781e-01 -2.901922815558651697e-02 9.079907351311369723e+01 -1.209656484145509442e-01 -9.919112332607762372e-01 3.846319324670038203e-02 1.272879807952733877e+01 -2.417293900467974016e-02 4.167975356639042755e-02 9.988385591087886040e-01 -4.172711588434244945e+00
-9.913411976180683816e-01 1.291935191932796767e-01 -2.348753932684990303e-02 8.960151052095247337e+01 -1.300851761579752963e-01 -9.906325991733353487e-01 4.153192024252006648e-02 1.210414277478982470e+01 -1.790186719655746661e-02 4.422768424344856314e-02 9.988610689667200004e-01 -4.638929109535940398e+00
-9.919527966846264366e-01 1.228751831878327344e-01 -3.051783914541845999e-02 8.898053314463456331e+01 -1.241354479242685743e-01 -9.913088449014542114e-01 4.355645289491311828e-02 1.214959217253072943e+01 -2.490059674365848602e-02 4.699429089476853810e-02 9.985847469820012812e-01 -4.200884270163394163e+00
-9.899606521224291189e-01 1.387310180375434243e-01 -2.704832496850835891e-02 8.799570583510704580e+01 -1.398087408477501625e-01 -9.892378059345836583e-01 4.315181679023574052e-02 1.212344830075342550e+01 -2.077073017257385565e-02 4.650019294581726054e-02 9.987023124155164355e-01 -4.421844268330767491e+00
-9.906016095258831644e-01 1.332524124282991052e-01 -3.085847998149767249e-02 8.729623475592703130e+01 -1.345959629026158844e-01 -9.898057873449559452e-01 4.656640536642053796e-02 1.203978943708595040e+01 -2.433881622116523466e-02 5.028218293263167493e-02 9.984384428218304741e-01 -4.382453303143182488e+00
-9.926512462511540846e-01 1.182378395949686828e-01 -2.575493358456640985e-02 8.601956832673197084e+01 -1.193247994492542402e-01 -9.917977927235921420e-01 4.581190440274377634e-02 1.160153033118422883e+01 -2.012698567660401588e-02 4.854844628332958406e-02 9.986180214732000016e-01 -4.622822892177841148e+00
-9.898766199728248338e-01 1.387892733176919191e-01 -2.969536736804302690e-02 8.509517910644605365e+01 -1.400344894502656978e-01 -9.891218852883507662e-01 4.503596127565715618e-02 1.198356658589560197e+01 -2.312182941679671172e-02 4.873842073319651497e-02 9.985439135805967981e-01 -4.423761207025415310e+00
-9.895361842261760632e-01 1.410597209619471326e-01 -3.033636809569792425e-02 8.430961049618443326e+01 -1.423389510938842806e-01 -9.887843647950049775e-01 4.522281435771240143e-02 1.209785464243954323e+01 -2.361700888327927100e-02 4.906765797423906506e-02 9.985162000850713593e-01 -4.427783662149327171e+00
-9.889987414560126311e-01 1.449645828871978792e-01 -2.944077286287968484e-02 8.386853436882927326e+01 -1.462537324689938134e-01 -9.880933181139734955e-01 4.776442648463202767e-02 1.174915487445724338e+01 -2.216608078373170573e-02 5.154478059763734077e-02 9.984246593788790314e-01 -4.557643263248623455e+00
-9.893944988889404879e-01 1.418172022081075068e-01 -3.140711266843412841e-02 8.347333330321224310e+01 -1.432607889947035695e-01 -9.884295522056079086e-01 4.983338904025207822e-02 1.197652548654343896e+01 -2.397648650069469575e-02 5.380428871834323085e-02 9.982636057728415668e-01 -4.486416390913373853e+00
-9.920408418084392110e-01 1.235057356052634836e-01 -2.452144890918886780e-02 8.229875415265915706e+01 -1.245399434350946410e-01 -9.911271006738575640e-01 4.644214464273007520e-02 1.079113134024374254e+01 -1.856800132450006982e-02 4.912640412686018060e-02 9.986199606178407517e-01 -4.760612973891904964e+00
-9.898506717679442790e-01 1.402711229269701931e-01 -2.279604512533800822e-02 8.102446517204569432e+01 -1.411929086957494084e-01 -9.889260088017657324e-01 4.571555150541123380e-02 1.161947130934879624e+01 -1.613103017737568465e-02 4.847020928587938982e-02 9.986943619932975302e-01 -4.886742640418566097e+00
-9.831168744657829972e-01 1.803831375573484441e-01 -3.071050024986286126e-02 7.991350371416545784e+01 -1.815898224664629634e-01 -9.824547650778265862e-01 4.251788979325678286e-02 1.473093639996078075e+01 -2.250216694517632315e-02 4.737676921065607505e-02 9.986235998723100860e-01 -4.576364072662187255e+00
-9.885383188957204137e-01 1.477422644361768844e-01 -3.105181756505769053e-02 8.020211587287528232e+01 -1.490729300437097504e-01 -9.877505345509824952e-01 4.611011843870297527e-02 1.247926178984110734e+01 -2.385903608711103380e-02 5.021060439308388385e-02 9.984536251641711324e-01 -4.588158669494883490e+00
-9.908724061421805285e-01 1.308928139395564849e-01 -3.223268535183957534e-02 7.989564711473572345e+01 -1.322784196220640474e-01 -9.901701899164123688e-01 4.544683380814704826e-02 1.108247201381528235e+01 -2.596718021455520983e-02 4.929570224553905117e-02 9.984466131405443923e-01 -4.519156132823942684e+00
-9.901822836371056979e-01 1.358936058316949080e-01 -3.274099975972261795e-02 7.886172931188733060e+01 -1.373798280617228307e-01 -9.893313504052183571e-01 4.847950027711515897e-02 1.141299942244212318e+01 -2.580364340432746845e-02 5.250149521153918419e-02 9.982874160218664361e-01 -4.580431131549570267e+00
-9.946685335461533661e-01 9.987589990859095657e-02 -2.567709077356051389e-02 7.759917807781681631e+01 -1.009954527578977718e-01 -9.937853341470463953e-01 4.680414678712148391e-02 1.002589393741098789e+01 -2.084290995450933243e-02 4.914788145680641651e-02 9.985740127065875216e-01 -4.855525038355209766e+00
-9.933865506680132906e-01 1.114704992660010829e-01 -2.752251342620120472e-02 7.599279329852087983e+01 -1.126817907083791093e-01 -9.925051672363871536e-01 4.728960828580016512e-02 1.068410042776806890e+01 -2.204484054512576702e-02 5.007814695513227582e-02 9.985019800695841274e-01 -4.848119884397687152e+00
-9.918853988619933393e-01 1.230596081074178672e-01 -3.193255982275196303e-02 7.597102362624609384e+01 -1.244622132660593017e-01 -9.911362892362920451e-01 4.645442527712146524e-02 1.103965183656414695e+01 -2.593285547908038419e-02 5.005186321569283364e-02 9.984098847644381491e-01 -4.636597240313570900e+00
-9.934124973740481312e-01 1.112710046349750098e-01 -2.739294778916811710e-02 7.489866931474011835e+01 -1.124774173347881517e-01 -9.925252324743956134e-01 4.735497324825253818e-02 1.057841290971902026e+01 -2.191895642480764031e-02 5.012411025814011989e-02 9.985024451247364041e-01 -4.756919641316536662e+00
-9.901993273880458357e-01 1.358854311286231964e-01 -3.225587771632225376e-02 7.436849214555819287e+01 -1.372633911959389164e-01 -9.895007605998726863e-01 4.524385272790631268e-02 1.082937359935958810e+01 -2.576923510026586650e-02 4.922798370096053561e-02 9.984550826867902851e-01 -4.596747298620100786e+00
-9.939820156528231809e-01 1.067698528926263879e-01 -2.449389866963908730e-02 7.382021035970535650e+01 -1.078735426758753446e-01 -9.929399532162210829e-01 4.933100543801452464e-02 1.006189536397965867e+01 -1.905390640545212566e-02 5.167637584289591635e-02 9.984820984025882806e-01 -4.948035524770879157e+00
-9.932190428565188522e-01 1.142256073862757265e-01 -2.164355618694937741e-02 7.331013928904926047e+01 -1.151912544055762183e-01 -9.920632471043533407e-01 5.041317936053324456e-02 1.065255879468888978e+01 -1.571330059698033618e-02 5.256447813879509823e-02 9.984938997421792806e-01 -5.087744526240133958e+00
-9.960131078134437654e-01 8.592756479190859220e-02 -2.396544747628841232e-02 7.253337659343584676e+01 -8.702259834782079262e-02 -9.949921120023481613e-01 4.917076804262496964e-02 1.020431404406540743e+01 -1.962030684266297814e-02 5.106026500166366972e-02 9.985028256832123583e-01 -4.971852674078518497e+00
-9.935120173471077010e-01 1.110679158866351018e-01 -2.444973307583476682e-02 7.141814609528695712e+01 -1.121614922992220514e-01 -9.924734576569429478e-01 4.915521835658797495e-02 1.012124292972755413e+01 -1.880614346674435930e-02 5.157861870069458538e-02 9.984918502726182199e-01 -4.986645662715686100e+00
-9.922961426321614820e-01 1.210987572103955634e-01 -2.614299752190895818e-02 7.052899106179204125e+01 -1.222737044334757661e-01 -9.912683567044020538e-01 4.935773698893890921e-02 1.049790009386298451e+01 -1.993756558479187549e-02 5.217409317517582995e-02 9.984389603175048977e-01 -4.935175008647085804e+00
-9.936927824102834705e-01 1.096098716656491445e-01 -2.367129525710091886e-02 6.945203379113327458e+01 -1.106071235791440122e-01 -9.927990103689705581e-01 4.600205673598194850e-02 1.348635226046437552e+01 -1.845855897021460995e-02 4.833012563435418879e-02 9.986608436085349094e-01 -5.055856125513159327e+00
-9.933824222874603205e-01 1.124829029777685424e-01 -2.321550404346729019e-02 6.871029092324441478e+01 -1.134473350252651752e-01 -9.924995292655067747e-01 4.554543427626101676e-02 1.346753023135964966e+01 -1.791829417002574476e-02 4.787777089048610851e-02 9.986924720796660493e-01 -5.077539179613825837e+00
-9.935538088550281977e-01 1.106392751083822706e-01 -2.469371809101275628e-02 6.798987238090714413e+01 -1.116782058582300313e-01 -9.926954785303991891e-01 4.564718218673528838e-02 1.327232245870090210e+01 -1.946297114917203142e-02 4.811068185750344561e-02 9.986523694686016972e-01 -5.080741140544899892e+00
-9.936590545076307013e-01 1.095197051142898087e-01 -2.543850598366257862e-02 6.737702092969337286e+01 -1.106229400511206523e-01 -9.927501924701482849e-01 4.700660044004736915e-02 1.316978449477683100e+01 -2.010593269281480203e-02 4.952261647129621580e-02 9.985706093854299636e-01 -5.081586123727703352e+00
-9.934368707202669846e-01 1.115537637561004186e-01 -2.527729584770724985e-02 6.663964086049463731e+01 -1.126297730073544806e-01 -9.925654258368636906e-01 4.613469047905730674e-02 1.306908060975042574e+01 -1.994287155442234921e-02 4.867887863472977056e-02 9.986153657184677623e-01 -5.122607490448998213e+00
-9.932260616545189880e-01 1.133139738075005787e-01 -2.572807397003300939e-02 6.617988046219062426e+01 -1.143862355425392108e-01 -9.924189435552019933e-01 4.494918899361841080e-02 1.315998628695674455e+01 -2.043965676475897192e-02 4.758764348788831200e-02 9.986579177168769528e-01 -5.119112121621666844e+00
-9.931873139779592297e-01 1.136916112772468623e-01 -2.555732533795417386e-02 6.544351508273565798e+01 -1.147405753506852699e-01 -9.924108931473281103e-01 4.421786438438790601e-02 1.305832042402898807e+01 -2.033616781599609583e-02 4.684908417147340409e-02 9.986949502179601756e-01 -5.157539854726568507e+00
-9.931389008467863544e-01 1.142390394726498920e-01 -2.499130819313382171e-02 6.480377475955383204e+01 -1.152510275354612229e-01 -9.923741792859115396e-01 4.371142800955966218e-02 1.307630098518278672e+01 -1.980717740765245913e-02 4.629179351657155411e-02 9.987315683286279722e-01 -5.190214285313865972e+00
-9.928859813948549551e-01 1.160000933265296214e-01 -2.685900775926833295e-02 6.431657305055769314e+01 -1.171025836024854189e-01 -9.921469930277730942e-01 4.394688998747829645e-02 1.297130257031339085e+01 -2.155024044410948358e-02 4.677951019607863581e-02 9.986727514870004097e-01 -5.106276623690416905e+00
-9.926987952623804734e-01 1.178298083515286337e-01 -2.579221100372317693e-02 6.368024825282191159e+01 -1.188787720422316146e-01 -9.919406224801827765e-01 4.383650341164356534e-02 1.289938087023080016e+01 -2.041909504237829354e-02 4.658259049763054105e-02 9.987057238346941368e-01 -5.188286141775606097e+00
-9.923254674053059166e-01 1.210607942457046365e-01 -2.518830751441264795e-02 6.312173868376052610e+01 -1.220636884272055384e-01 -9.915879899853901058e-01 4.305478003985249019e-02 1.299169780201178526e+01 -1.976417735165167736e-02 4.579893244752716169e-02 9.987551427052975273e-01 -5.200774173975487358e+00
-9.924075522782065395e-01 1.206205443791151383e-01 -2.404026736260072086e-02 6.247672526935033943e+01 -1.215899055682134050e-01 -9.916021660458602671e-01 4.405722593481931071e-02 1.284116615046302279e+01 -1.852417461298489290e-02 4.664577758859515810e-02 9.987397190399823765e-01 -5.241932134431749546e+00
-9.925454221315050951e-01 1.196037600685358748e-01 -2.342062303315109104e-02 6.189562848220838021e+01 -1.205511704168382159e-01 -9.917138209259173109e-01 4.439721495373975119e-02 1.265707753883937414e+01 -1.791648171163351053e-02 4.688963597626070318e-02 9.987393862870785899e-01 -5.276864347661063270e+00
-9.925835932729805133e-01 1.189822491486244860e-01 -2.492056887057264927e-02 6.137052932764731139e+01 -1.199773456673033645e-01 -9.918361305072798118e-01 4.320331870325026802e-02 1.256138096061561527e+01 -1.957669256863139515e-02 4.587280902540044614e-02 9.987554447912624367e-01 -5.222124548837618008e+00
-9.920271924519685758e-01 1.238374890339478812e-01 -2.337361216483601484e-02 6.064335583511500261e+01 -1.247621567366343914e-01 -9.912352388682299509e-01 4.344082725118109806e-02 1.268778821876722240e+01 -1.778914506908082366e-02 4.601062416019071483e-02 9.987825432906308754e-01 -5.280954694395340709e+00
-9.919912629379390445e-01 1.239511990702332617e-01 -2.427827225822872664e-02 6.015154914893225424e+01 -1.249058177635188199e-01 -9.912442005951040969e-01 4.281905505029255654e-02 1.264844555654287106e+01 -1.875822335990013495e-02 4.550862594744825573e-02 9.987878123108808737e-01 -5.240301011328389436e+00
-9.918898806682214797e-01 1.248249684721303709e-01 -2.394142589559429893e-02 5.965573733208577067e+01 -1.257885055246892314e-01 -9.910728979799054983e-01 4.417875923538758937e-02 1.253353563575973695e+01 -1.821308611542268516e-02 4.683202040959556084e-02 9.987367247470714249e-01 -5.297901316966308727e+00
-9.920155390402121132e-01 1.238737459919268258e-01 -2.367414954513247238e-02 5.908143952035302249e+01 -1.248243125648446916e-01 -9.911978631559665853e-01 4.410994295802135590e-02 1.235081525409205661e+01 -1.800170257146978259e-02 4.671285828306305510e-02 9.987461377024468012e-01 -5.334476132669989212e+00
-9.917563011429639808e-01 1.258481146517826665e-01 -2.411827485162588644e-02 5.861444619662626820e+01 -1.268275336448575208e-01 -9.909198535977943312e-01 4.463877748425396086e-02 1.238016428312068129e+01 -1.828157139825067543e-02 4.732965016052802232e-02 9.987120147284164196e-01 -5.336209992639022737e+00
-9.916096701772845190e-01 1.271056132452012544e-01 -2.354623308426412320e-02 5.814907290588052291e+01 -1.280549653006574085e-01 -9.907668856776499222e-01 4.452981143524535612e-02 1.233138959428264769e+01 -1.766883903216636548e-02 4.717140369092695518e-02 9.987305296230224450e-01 -5.382828188492514876e+00
-9.916116085332637997e-01 1.273851718263702415e-01 -2.189602294570154942e-02 5.762754857978666223e+01 -1.282359946092459790e-01 -9.908000351960137841e-01 4.325297610748838478e-02 1.228194354993381765e+01 -1.618479251179952630e-02 4.569801149222630504e-02 9.988241808431583824e-01 -5.431906273382416828e+00
-9.915433131881288276e-01 1.276570755666132095e-01 -2.335656502332781811e-02 5.707210752472613535e+01 -1.285528080109050730e-01 -9.908118797124958466e-01 4.202373820952663014e-02 1.220102503068238065e+01 -1.777733457018544974e-02 4.467090863606266310e-02 9.988435694828335931e-01 -5.397164235607673000e+00
-9.915534097839793226e-01 1.278903786650915919e-01 -2.158440619207081454e-02 5.658658550220523153e+01 -1.287111119150661509e-01 -9.907802416252264877e-01 4.228430529931923726e-02 1.203646399944621237e+01 -1.597764736599667154e-02 4.470530002089462968e-02 9.988724397713101277e-01 -5.443741095079275283e+00
-9.913746217228933677e-01 1.286437942589710171e-01 -2.504263569288071867e-02 5.604497504485016179e+01 -1.295912596490533530e-01 -9.907261378993517109e-01 4.083901450337715927e-02 1.196900413122309104e+01 -1.955670796331657885e-02 4.373206925919403271e-02 9.988518615350059360e-01 -5.362448449022722663e+00
-9.911654906562592515e-01 1.296760854456331380e-01 -2.784031241983135271e-02 5.564457371811732145e+01 -1.306961854304589665e-01 -9.906697177161496448e-01 3.862664254283343368e-02 1.197958779154117970e+01 -2.257160264722133866e-02 4.192401774283562033e-02 9.988658065477236114e-01 -5.325259607574427179e+00
-9.912628174834665629e-01 1.295642618680889757e-01 -2.472101780503882518e-02 5.514719383216198167e+01 -1.304713291670645814e-01 -9.906646579966054134e-01 3.950655213820400413e-02 1.192312422252487103e+01 -1.937160138241720425e-02 4.238676023295964712e-02 9.989134615254888772e-01 -5.388169066685038366e+00
-9.913921407942007935e-01 1.290184396813235101e-01 -2.226803524536349888e-02 5.467026049460738335e+01 -1.297969277338482386e-01 -9.908112215594235828e-01 3.802473908888564375e-02 1.186707827677363092e+01 -1.715752669664943886e-02 4.058775004998848440e-02 9.990286551563640760e-01 -5.412169849133608324e+00
-9.913405738177476501e-01 1.291867176028598241e-01 -2.355119312684084837e-02 5.427092245132566006e+01 -1.300007820643582779e-01 -9.908184022794557233e-01 3.713071999088923131e-02 1.195388255905110064e+01 -1.853815970785747946e-02 3.987086278707229620e-02 9.990328577855988046e-01 -5.411574573585825831e+00
-9.915086227539593455e-01 1.276073156267372721e-01 -2.504044734195473229e-02 5.382370411973466418e+01 -1.284561096233787225e-01 -9.910665776745359867e-01 3.586176957304151175e-02 1.178391278093172900e+01 -2.024052630179007037e-02 3.877385220766280810e-02 9.990429968124519000e-01 -5.424248474789240326e+00
-9.916097877766401059e-01 1.273392648767611712e-01 -2.224276075971451730e-02 5.343781986183415711e+01 -1.281087759443292340e-01 -9.910506436931825203e-01 3.750684152758651524e-02 1.168199524427148717e+01 -1.726760874045647418e-02 4.004164402189169802e-02 9.990487958215107378e-01 -5.491942637684694262e+00
-9.917609652173133838e-01 1.257488484920454841e-01 -2.444207385121427434e-02 5.308309118785853542e+01 -1.265701458153727366e-01 -9.913186086959577814e-01 3.560076180907240095e-02 1.171292336173042159e+01 -1.975312784089913731e-02 3.840108274561560009e-02 9.990671502879401311e-01 -5.430575140004907375e+00
-9.919958942160758131e-01 1.242385700025287198e-01 -2.255933470152160156e-02 5.270159556111860155e+01 -1.250107274830415394e-01 -9.914710325132678470e-01 3.684439850554865198e-02 1.168520747838606866e+01 -1.778943148639734392e-02 3.936965088493581816e-02 9.990663475048036091e-01 -5.458715187786825851e+00
-9.919413990931618130e-01 1.249505107469346260e-01 -2.096737058337518403e-02 5.232883273929230228e+01 -1.256729173931105392e-01 -9.913566291285329513e-01 3.766101056552624560e-02 1.158271533873456249e+01 -1.608037931781538046e-02 3.999254614290570498e-02 9.990705769133644276e-01 -5.505943934164339915e+00
-9.918710812496172036e-01 1.253818491359165455e-01 -2.170599198318701531e-02 5.191311622961639927e+01 -1.261043520779845939e-01 -9.913659859080086179e-01 3.593291487806715701e-02 1.154756916984848658e+01 -1.701324683026797166e-02 3.837803918780864632e-02 9.991184492042930465e-01 -5.505095203130862203e+00
-9.921143685698294856e-01 1.236067401228458512e-01 -2.074737268891021363e-02 5.156113014849940868e+01 -1.242697011921234523e-01 -9.916495144788790572e-01 3.447146355211420932e-02 1.150267143096436584e+01 -1.631321681672982804e-02 3.677790410025616463e-02 9.991903045601887579e-01 -5.516720616238451669e+00
-9.920820842516751004e-01 1.239865171586637393e-01 -2.001203812000947047e-02 5.124728470954262605e+01 -1.246384055869661500e-01 -9.915665619724194357e-01 3.551085793015167080e-02 1.139449654923020816e+01 -1.544040024064316508e-02 3.772395447273356461e-02 9.991689032888022570e-01 -5.551395029683829918e+00
-9.924714214473087104e-01 1.206726887224300188e-01 -2.094229707692481929e-02 5.100697990568798446e+01 -1.213839284939782631e-01 -9.919201654192808526e-01 3.688261566043710138e-02 1.139510629490321492e+01 -1.632236238194203354e-02 3.914700028209386340e-02 9.991001415549826126e-01 -5.531692426305371058e+00
-9.925366155822994418e-01 1.206412207480767190e-01 -1.779782528425469246e-02 5.060395937757537865e+01 -1.212083769133526917e-01 -9.920005486800438366e-01 3.526245573584742277e-02 1.138440357274571824e+01 -1.340134674074455745e-02 3.715652398847058002e-02 9.992195937983945342e-01 -5.528645007033794911e+00
-9.923779324551864622e-01 1.221832917678188635e-01 -1.604002458696584740e-02 5.043304435406955832e+01 -1.226739923943696020e-01 -9.918518125085344916e-01 3.436675157128361163e-02 1.144137266784757934e+01 -1.171028462491723043e-02 3.607249972369839380e-02 9.992805632041920072e-01 -5.510039673397582938e+00
-9.923589139695176975e-01 1.224832025691974940e-01 -1.488794658885232540e-02 5.002448706504508635e+01 -1.229427579745108051e-01 -9.917833827254163293e-01 3.536665111869438660e-02 1.136824349571492121e+01 -1.043379733656210097e-02 3.692677670909709498e-02 9.992635033038163028e-01 -5.531925339903540184e+00
-9.923762729715293052e-01 1.222097796405639814e-01 -1.594059607862796310e-02 4.974407168442179028e+01 -1.227014938024796054e-01 -9.918345414897391521e-01 3.476471956566860172e-02 1.138253045884882297e+01 -1.156184508533273335e-02 3.645561778442820561e-02 9.992683882071815571e-01 -5.541921862719018321e+00
-9.926139363442330055e-01 1.203294509636452514e-01 -1.544009734406564908e-02 4.948314352219075118e+01 -1.207852952764442989e-01 -9.921265270363801569e-01 3.310387886204487623e-02 1.131820972550953464e+01 -1.133515858683460838e-02 3.472430822231702824e-02 9.993326456182110018e-01 -5.529760302659431304e+00
-9.924833171584521718e-01 1.212605505484267016e-01 -1.651496420972131327e-02 4.930991826881793116e+01 -1.217451845332944288e-01 -9.920309220121936722e-01 3.244626040997097144e-02 1.131807703490413530e+01 -1.244890377141750701e-02 3.421298952634820728e-02 9.993370283055461600e-01 -5.529808989747701631e+00
-9.926611763240478226e-01 1.202864925239884725e-01 -1.244784058518497855e-02 4.904172143591481614e+01 -1.206311230784294780e-01 -9.921759510708614282e-01 3.217163753166220330e-02 1.125021813557103734e+01 -8.480634633947620876e-03 3.343713254614280594e-02 9.994048413947659304e-01 -5.596094751271031953e+00
-9.923603740774595838e-01 1.229504370694002036e-01 -1.020186185400442577e-02 4.879589337962895712e+01 -1.232278210644958960e-01 -9.918081866787749057e-01 3.363666084284897689e-02 1.122773459278541708e+01 -5.982647953984032187e-03 3.463684254379621047e-02 9.993820576046255066e-01 -5.588899107263283206e+00
-9.921566528608196656e-01 1.240749051326522356e-01 -1.518532516407191876e-02 4.858016239580319251e+01 -1.245363662420250761e-01 -9.916113948758653596e-01 3.460541916482163388e-02 1.122152260487898623e+01 -1.076427736763802337e-02 3.622512206555219411e-02 9.992856803057313941e-01 -5.526029253472001024e+00
-9.922492815503851649e-01 1.233524092543870354e-01 -1.501820208558886198e-02 4.839792800647246906e+01 -1.238118314079885429e-01 -9.916901702821872000e-01 3.494619534495162910e-02 1.124609365487709667e+01 -1.058270599351568246e-02 3.653476832861968920e-02 9.992763466814517104e-01 -5.542583110985917827e+00
-9.922531055246397447e-01 1.231789276742980832e-01 -1.614702306056731151e-02 4.816420025911568104e+01 -1.236788222950720717e-01 -9.917096211538263262e-01 3.486511475154868006e-02 1.116687868632450886e+01 -1.171851067382018510e-02 3.659206318239942995e-02 9.992615760748748688e-01 -5.566471422036460837e+00
-9.922342627735392107e-01 1.233743143926617214e-01 -1.580969090121915610e-02 4.796603879258359626e+01 -1.238388103522710393e-01 -9.917577639310215520e-01 3.287075802403426061e-02 1.119015735648389764e+01 -1.162397646185141416e-02 3.457334566802913733e-02 9.993345620664448870e-01 -5.545493200696219205e+00
-9.922364640343341868e-01 1.233889958327982483e-01 -1.555490752191774836e-02 4.772245053401943693e+01 -1.238123471494500527e-01 -9.918498814195022550e-01 3.007183768018323669e-02 1.113866564565080708e+01 -1.171759932690072739e-02 3.176426349678073552e-02 9.994267003790329174e-01 -5.540097453998337862e+00
-9.921716640153810385e-01 1.237074883247114843e-01 -1.708351419765059831e-02 4.758507883913560477e+01 -1.241924301717159951e-01 -9.917719444072250479e-01 3.105882442648830871e-02 1.112156018736457774e+01 -1.310074093299330375e-02 3.293732865766970525e-02 9.993715540117715790e-01 -5.542715049261338400e+00
-9.922280935733027718e-01 1.229605172473053065e-01 -1.908196850864592869e-02 4.735641010567194797e+01 -1.235179078308038247e-01 -9.918434800073587798e-01 3.146168482445643733e-02 1.101905945212003601e+01 -1.505778101151934723e-02 3.357413238145573464e-02 9.993227911269919606e-01 -5.528654312384913005e+00
-9.920824800130687571e-01 1.237939101369330275e-01 -2.115232053766617076e-02 4.724941430102142448e+01 -1.244133401347840562e-01 -9.917452900869194732e-01 3.102580195448170763e-02 1.107552689093717646e+01 -1.713690892855984638e-02 3.341178539708916650e-02 9.992947407791923364e-01 -5.505176950345582298e+00
-9.922476970032985122e-01 1.228568377732752043e-01 -1.872712481942160126e-02 4.708480549239838098e+01 -1.234153878562746082e-01 -9.918276636013740877e-01 3.235008122594682650e-02 1.099460829752879043e+01 -1.459965177448980037e-02 3.441050896733715420e-02 9.993011393172092083e-01 -5.535384108736877806e+00
-9.921690092806760841e-01 1.231024005874615523e-01 -2.112950526173482807e-02 4.687906844314342436e+01 -1.237278803743508127e-01 -9.918189516970468134e-01 3.140984993025447425e-02 1.101527173268613424e+01 -1.709001583006483638e-02 3.377818858634844268e-02 9.992832257847388266e-01 -5.508536061738298351e+00
-9.921742751589026632e-01 1.234241658335554354e-01 -1.888605308678648065e-02 4.671157468732218376e+01 -1.240013826054465335e-01 -9.917243224325020812e-01 3.326447666403542502e-02 1.095476355132127466e+01 -1.462411791676924283e-02 3.534605471740097371e-02 9.992681279772065439e-01 -5.589006163575857222e+00
-9.921033472707125878e-01 1.237076171378662937e-01 -2.067302097710541076e-02 4.664496408995162824e+01 -1.243285565500980849e-01 -9.917224331307183949e-01 3.207842969127248922e-02 1.095029806305284303e+01 -1.653355256494545150e-02 3.439536432951305345e-02 9.992715349454432960e-01 -5.533423494080727423e+00
-9.920032506317975063e-01 1.246487962752533540e-01 -1.980475506229160618e-02 4.642593959859019037e+01 -1.252518919126579811e-01 -9.915802996206650732e-01 3.287054877077437431e-02 1.094767749806417534e+01 -1.554073062139696079e-02 3.508827427107803765e-02 9.992633780442625735e-01 -5.589601850472670108e+00
-9.920448822822343082e-01 1.237541504554403038e-01 -2.306212875430986922e-02 4.629843703030194746e+01 -1.244390517367602589e-01 -9.917397677229906616e-01 3.109912409706620459e-02 1.098138107336815494e+01 -1.902298453145622945e-02 3.372155633717202616e-02 9.992502102565277156e-01 -5.542520714692268591e+00
-9.922100516192617903e-01 1.225689135299063703e-01 -2.227273898292016913e-02 4.617769872625749628e+01 -1.232231315313839226e-01 -9.918992085226958633e-01 3.085482114111067972e-02 1.092638259441677562e+01 -1.831047026436557340e-02 3.335898032238105576e-02 9.992756902429623667e-01 -5.563086678798336848e+00
-9.920004405549218696e-01 1.240310790467636787e-01 -2.348227777149231033e-02 4.609268473181435866e+01 -1.247394445281132108e-01 -9.916867911269047209e-01 3.158131224698727119e-02 1.087851863909407513e+01 -1.937000045585523383e-02 3.425784194778471597e-02 9.992253015949009720e-01 -5.517318528015145773e+00
-9.919318631822122700e-01 1.247844178843183355e-01 -2.236130267084995155e-02 4.591350201090842376e+01 -1.254898537812496051e-01 -9.915274802718316849e-01 3.354925429504698742e-02 1.093549306456963599e+01 -1.798542192516321830e-02 3.608469092378301102e-02 9.991868792568829871e-01 -5.509872182145698183e+00
-9.918052185535268794e-01 1.259170398049938577e-01 -2.161729716543581148e-02 4.573023338995885467e+01 -1.266195220343726557e-01 -9.913347380287125254e-01 3.497047064784149228e-02 1.091212093514476500e+01 -1.702659947782250716e-02 3.742106711856460488e-02 9.991545219063614480e-01 -5.549876442761300765e+00
-9.919527524745035407e-01 1.244947888937336378e-01 -2.303875857248716824e-02 4.567277287555353382e+01 -1.252366735560865585e-01 -9.915377816393768917e-01 3.418483842685284685e-02 1.082890566631707330e+01 -1.858796532337166074e-02 3.679504205689291402e-02 9.991499449157611457e-01 -5.532037240459541039e+00
-9.916342580487360614e-01 1.272136062247375965e-01 -2.186770805159957490e-02 4.548979188319464129e+01 -1.278695145210565487e-01 -9.912811373808925186e-01 3.179770320311542386e-02 1.090569105567593766e+01 -1.763194601517072482e-02 3.432790503572151486e-02 9.992550772528386860e-01 -5.540197620520030952e+00
-9.916615464740494712e-01 1.270405480809029264e-01 -2.163507309904476317e-02 4.542347629279971954e+01 -1.276888439773005701e-01 -9.913038536941092271e-01 3.181554297743813958e-02 1.087030830063205755e+01 -1.740506732069155987e-02 3.431280802429930582e-02 9.992595733026777838e-01 -5.586875932220688235e+00
-9.918582080015954094e-01 1.255087867562208748e-01 -2.156014069633285443e-02 4.539656690737206191e+01 -1.261310559355180161e-01 -9.915463801982276060e-01 3.044228382338189445e-02 1.082958475016778088e+01 -1.755710535525214014e-02 3.291383239268231425e-02 9.993039716166303155e-01 -5.569651349599497259e+00
-9.916344405602706136e-01 1.274715988353696816e-01 -2.030093064551520901e-02 4.522498955189236369e+01 -1.280367673814976071e-01 -9.913300556521802420e-01 2.951790912550250959e-02 1.086990169989983457e+01 -1.636222763610469325e-02 3.187024083686432890e-02 9.993580765950633715e-01 -5.597271770408235980e+00
