-0.9878121594391025 0.15470350601586821 -0.01714534603503418 127.9477576585824 -0.15515208340683226 -0.9874657236530114 0.02897025414029448 15.088812449731982 -0.012448641644091919 0.03127730545989053 0.9994332201224794 -4.88019803262313
-0.9892286007144099 0.14366994857587617 -0.028030722516929413 127.17743820953143 -0.1445631313696208 -0.988946190320581 0.03296867754435679 13.398184675862655 -0.022984268037638197 0.03666576777620872 0.9990632336825118 -3.7948252668186666
-0.9932898883626525 0.09852832645252682 -0.060558786009781596 127.8968678037665 -0.10108998050768135 -0.9940405273877927 0.040795168237918164 8.769694277718221 -0.05617840792929621 0.04664331460207488 0.9973306310775105 -0.9417994041928462
-0.9933846847748942 0.09586414481934538 -0.06322130805944214 127.06094169952154 -0.0984651871552053 -0.9943606217660002 0.03938985655759841 7.885395447804193 -0.05908870427739569 0.04535437817006785 0.9972218937666939 -0.5466331582900199
-0.9932979306102832 0.099464931093373 -0.058872306969658145 125.80229751127916 -0.10186089691699028 -0.9940262337194449 0.03919444293273885 8.264075046169385 -0.05462214500187616 0.04492854504801383 0.997495788018815 -1.174130684380735
-0.9875751720243438 0.15538039195939476 -0.02349922117097156 122.44160832486386 -0.15602830011327654 -0.9873314544148816 0.02884040025316259 13.644844357288111 -0.018720287520750025 0.03214860677456046 0.9993077693671771 -4.119853321863864
-0.9871922709323324 0.15681004996887254 -0.029360320846944638 121.21412439161654 -0.1577278254430399 -0.9869609391583304 0.03209419973641603 14.250257653678739 -0.023944796772711878 0.03631408548304679 0.9990535190384193 -3.7577492770076204
-0.9860768192186747 0.16311248236685255 -0.03235467038475236 119.95619125676481 -0.16426146634339853 -0.985731741132758 0.03675738290590786 14.550736785710047 -0.025897437601047006 0.041560228819117355 0.998800315431572 -3.6199399623763098
-0.9872546897492946 0.1581032466219436 -0.018208266683903514 119.0570825169948 -0.15860143440122376 -0.9868782491947756 0.030280460236415292 13.883647081878546 -0.013181903273298098 0.0327823835901951 0.9993755814268426 -4.547288676621296
-0.988396014297099 0.15097590566599653 -0.016721089376696124 117.87085658210619 -0.15146673033296673 -0.9878925094669061 0.033559191608553106 13.122571631820236 -0.011452009598844987 0.03570245996442021 0.999296845701341 -4.69789570127519
-0.9890226694906142 0.14654759068731654 -0.018919907436489577 117.00361451223301 -0.14718113719991394 -0.9883737818556318 0.03814420261236104 13.235120833216765 -0.013109999473831202 0.04051013458548787 0.9990931172366587 -4.8006220406346864
-0.9910635912591843 0.13094294433840992 -0.025434295910038904 116.00138064417504 -0.1319882385027269 -0.9902277985945469 0.045033451872468266 12.519254960363275 -0.019288934065897136 0.04798804245424913 0.9986616468073758 -4.527106795653311
-0.9897749775347733 0.13655743067350135 -0.04120148023909285 114.68494224220717 -0.13864925028511238 -0.9889172891168713 0.05309407387946156 14.370228094117428 -0.03349446583267786 0.05826374012706063 0.9977391730031456 -3.0926917414772666
-0.9933253948812897 0.09952745449968439 -0.05830047756872688 114.72726625706811 -0.10241863204163881 -0.9935389598841196 0.04889538836230135 9.2982962331177 -0.05305736230390704 0.05454008611282023 0.9971009453972873 -1.9675459391916976
-0.9940995545774441 0.10525933475257113 -0.026202061681751005 112.32997980581735 -0.1063640534912826 -0.9933034214267531 0.04511098654220025 12.278363912410196 -0.02127824508345398 0.047631769118449956 0.9986382983126677 -4.01897460849222
-0.9912758614466144 0.12598869674638483 -0.038717112565758036 111.57609023847655 -0.12772594836471513 -0.9907303601781667 0.046254032641247514 13.165569877915011 -0.03253073358559641 0.0507956859722371 0.9981791170220912 -3.213398916898065
-0.9922453272819964 0.11916949052492411 -0.03532482151516952 110.52878105650339 -0.1206395652690342 -0.9917689569731176 0.04290024797318657 12.409332738280426 -0.029921660695003717 0.046829141701429246 0.9984546688301722 -3.4272896264514334
-0.9917765462455135 0.11970534879197604 -0.045275951540760195 109.97916079054461 -0.12195523815503438 -0.991239658235413 0.05070364708678461 13.291296619632769 -0.03880982097199764 0.05580832744263154 0.9976869390666584 -2.8589048375428434
-0.9924899415878193 0.10806614849797588 -0.05731861299634657 109.16286565698385 -0.11125763637594027 -0.9922261180884141 0.05575902555852782 12.539816307998803 -0.05084736173146677 0.061717405421897506 0.9967976262376154 -2.4059038231865078
-0.9779626960690787 0.2026110984778467 -0.050375667448718624 105.97223794093235 -0.20543911023245717 -0.9768725348803858 0.05928593917001406 19.86717488434001 -0.03719861669739377 0.06832856920772498 0.9969691417219682 -3.280190741947641
-0.9790680862207484 0.19577868048751454 -0.0556452227115626 105.36138150427409 -0.19905362239249416 -0.9780827173532279 0.061088897742161107 18.97566723111315 -0.04246572684505374 0.07088657335132607 0.9965800297828783 -2.9776514952457607
-0.9834494496131391 0.17132196541589986 -0.058957308466850614 104.95939331790424 -0.1747263447776741 -0.9828813039871941 0.058438401014022055 16.8679207934409 -0.04793625450798856 0.06777260831985424 0.996548538238496 -2.4086438563660377
-0.9887179020645107 0.13512341463122113 -0.06464188236401763 105.18287863899033 -0.13897583733983912 -0.9885159303646288 0.05934620502655597 13.401494692134257 -0.055880468616994694 0.06766031505810895 0.9961422865200507 -1.9696180917078634
-0.9882143807231409 0.14375995992552854 -0.05258718146279546 103.35193236407474 -0.14665786022150776 -0.9875918382392777 0.0561589981963634 14.469151413886316 -0.04386125587849769 0.06320945313306467 0.9970359849410642 -2.6395999946175652
-0.9900428865097779 0.13008851768776244 -0.05377788055688021 102.62824462424402 -0.13297860237904144 -0.9896364024578697 0.054189318500657065 13.383218270603365 -0.046171140127859465 0.06080105670174906 0.9970814697522234 -2.615178015315282
-0.9884320026105549 0.13410377458391315 -0.07084034060934723 102.38467665972642 -0.1384349834589508 -0.9885382423402346 0.060232041187447016 14.650475258411104 -0.06195104171861695 0.0693420584727106 0.9956674883497784 -1.821124500104549
-0.9901157688988913 0.12445609616350906 -0.06466408822135505 101.1276275398765 -0.12808804806376595 -0.9902129041646616 0.05542433011782325 13.726448574465724 -0.057133318833885706 0.06315920007041091 0.9963667494078174 -2.1814870475433974
-0.9955252278121459 0.07950715593631517 -0.05106988294975417 101.19894765940737 -0.08274252613670446 -0.9944675163573593 0.06471501586606272 10.834808316977375 -0.045642032799819016 0.06865108203769696 0.9965961237015573 -2.9547770552218937
-0.9964365468651059 0.07543727227166813 -0.037728318591725415 100.01871490494884 -0.0777970389597909 -0.9948102982726625 0.06557508047844166 10.444175381892919 -0.03258571467127152 0.06827655822370743 0.9971341348065931 -3.7150005356475755
-0.9963210647464887 0.07749601318098953 -0.03658830254983055 98.96442181574511 -0.07953280534833579 -0.9951463143351519 0.05795123759323404 10.267872237549511 -0.031919724557863564 0.06064800908698932 0.997648710808544 -3.844889113875341
-0.9966711410520118 0.07285553261460945 -0.036588358278647086 97.74311986630744 -0.07489280230945909 -0.9955152218968328 0.05779715506787719 9.852442917568991 -0.032213425094528965 0.06034496117445163 0.9976576471438229 -3.882156479215525
-0.996540298602928 0.07447775575166173 -0.03688491776577778 96.59041205616015 -0.07652577005755311 -0.995400497035503 0.057633818358471194 9.960674956319659 -0.03242282803043109 0.06025706929211342 0.9976561761563194 -3.860530188548524
-0.9972926756078975 0.06704969093463889 -0.030193676894554745 95.27675718384953 -0.06857333468279438 -0.9962571327838057 0.052625309005055056 8.852928506516703 -0.026552155267040845 0.05455331633333804 0.9981577624442518 -4.271777364080042
-0.9966522775924257 0.07319844347562385 -0.03641737830464824 94.91424963994986 -0.07511133881368076 -0.9956972274565515 0.0542707841933218 9.301056545837874 -0.03228814568002198 0.056824458713547396 0.997861942625567 -4.0335930596525085
-0.9974051692654794 0.06426605129893505 -0.03244692547748459 93.52590918668858 -0.0659094353888518 -0.9964481294234583 0.05241251468127662 8.707700650090239 -0.028963332840368713 0.054415071615633255 0.9980982543476635 -4.200192676727126
-0.9970092956080865 0.06834124459213449 -0.036082388483517504 92.95622796009656 -0.07028739702792393 -0.9959678113412095 0.055747650993082175 9.107442853072577 -0.03212703363393712 0.05811706341347484 0.9977926942256542 -4.037286955403021
-0.9963237808601366 0.0755767994325201 -0.04033696914873683 91.61528234801386 -0.07771093480338562 -0.9954983091372452 0.05425981124994655 10.16746257653623 -0.03605460171120499 0.05719496387298738 0.9977117829328422 -3.837666183986302
-0.9961287485230196 0.0775693188468634 -0.04135839865854312 90.76461956856565 -0.07976481500071704 -0.9953293743107293 0.05437840492437553 10.14269140037278 -0.03694713322933867 0.05746683746172079 0.9976635063678984 -3.9081555891967987
-0.9902165076089514 0.13411363332453022 -0.03853312101603799 86.81758284705771 -0.13570517569192872 -0.9898514069254805 0.04216986480985237 15.895711292578829 -0.03248651026450124 0.046986440215793075 0.9983671173905413 -4.177185416952383
-0.9897338720368674 0.13733697895933503 -0.03956534788468462 85.5900853486713 -0.13900882567059397 -0.9893505097333519 0.043152233731760206 15.800389305989118 -0.03321759968142313 0.04820915992507329 0.9982847629663235 -4.191263336686836
-0.9929972525195759 0.11278009931517928 -0.035172513231707066 85.76898268107897 -0.11405135052148249 -0.9928037351919002 0.036510722168144154 15.38678315974373 -0.030801719640333142 0.04026651943578363 0.9987141039755727 -4.196542032992266
-0.9893230010780665 0.14043083796589503 -0.03897665052420353 83.23332715500479 -0.14237523018019896 -0.9884123077589329 0.05263462455267493 14.902168730298474 -0.03113347666138887 0.05762195431310621 0.9978529034943596 -4.444209691916192
-0.989875412183715 0.13583047998049252 -0.04119161398145421 82.70576162203662 -0.13767402901995307 -0.9894175633500509 0.04581208429946822 15.240129067913694 -0.03453302893668269 0.05101927128759225 0.9981004477855693 -4.278563207121173
-0.9908805078294585 0.12787072702424523 -0.042484072002669696 82.10921074990462 -0.12963315739533102 -0.9906850191714469 0.041694571505024466 15.2967480455436 -0.036756818515133995 0.04682168257934685 0.9982267609782323 -4.176128592440653
-0.9914898126927691 0.12394292729086573 -0.0398258973662805 81.54656189975972 -0.12547497479364292 -0.9913460244414906 0.03858873572154845 15.151451000544995 -0.03469844415809472 0.0432574918207772 0.9984612197648874 -4.227982528624303
-0.9895365098992674 0.1371988378460223 -0.04465394126040821 80.30022352288142 -0.1390255679184642 -0.9894501873608137 0.040745775199470056 15.189524236425891 -0.03859257754200685 0.046527471727549514 0.9981712314694919 -4.17649650554773
-0.9886811963357509 0.14223045118964314 -0.04774924885803102 79.08879543815999 -0.14426975273718698 -0.9886306358121191 0.042375752251494536 15.114723591028163 -0.04117924789583545 0.04878488175776943 0.9979600717737308 -4.162893693792783
-0.9888624262104031 0.140921447817153 -0.047877422386768405 78.30279085597779 -0.14288644009320417 -0.9889126890233939 0.04043709591469813 14.96818002349664 -0.04164813641418753 0.04682775922079508 0.9980343649892996 -4.180021537283413
-0.9900425058075477 0.13476504125182076 -0.04067210777317511 77.79871902719628 -0.1363540684708821 -0.9898841003276516 0.03920504980169085 14.788657234905514 -0.03497720265767417 0.04436047311413427 0.9984030968097709 -4.361903818438191
-0.9934833523797078 0.10939750736832331 -0.03198458888248254 78.325129567608 -0.11053946782915607 -0.9932039813147481 0.036426330484774345 14.669910689845874 -0.02778227126118793 0.03972451235870853 0.9988243631997789 -4.512537662579755
-0.993445998136329 0.1090673081034225 -0.03419606834111121 77.6393278885431 -0.1102979702260812 -0.9932303105878946 0.03644047054425992 14.66099276454506 -0.029990107551042217 0.039973396560136584 0.998750579983079 -4.452920526964315
-0.9935189923971472 0.10817524865999098 -0.03490168081209846 76.89085299064911 -0.10946492209734407 -0.9932854461169632 0.03743599020259263 14.54232034825301 -0.030617684046678695 0.041013877036632077 0.9986893507563025 -4.4676215669729995
-0.9934279233105968 0.1087739744638701 -0.03562560408105048 76.08319808966257 -0.11012025005256158 -0.9931801531902558 0.03829770015740709 14.446401824037403 -0.031216849859766336 0.041969105164623544 0.9986311143242662 -4.489074862519133
-0.9935410649842519 0.10766309203005872 -0.03584425762212899 75.25317031044068 -0.10902828414044684 -0.9932889994538602 0.03859788622889203 14.345930579042482 -0.03144813901242404 0.04225662289482337 0.9986117325438231 -4.526246876334071
-0.9932583210297199 0.11008835129330227 -0.036310640516948885 74.25296265686812 -0.11150528537753625 -0.9929736239212967 0.039622639102968926 14.22881881888129 -0.03169351728828278 0.043404344323264815 0.9985547475505665 -4.551105372800909
-0.9933496048556248 0.1098943829189892 -0.03434802958005674 73.68858372717585 -0.11123824348340045 -0.9929875143199183 0.04002311321577306 14.22018374852383 -0.02970884918514324 0.0435777581755814 0.9986082131008591 -4.619102453696697
-0.9934449268924935 0.10933026980008476 -0.033377677226263607 72.9479546321175 -0.11062992468547543 -0.9930584787132797 0.03994843701271672 14.154337959087535 -0.028778411972604154 0.04337914200528518 0.9986441072991064 -4.6821084690593935
-0.9935211441432567 0.1089375762829876 -0.03237808848380992 72.27925746727544 -0.110190902156074 -0.9931118275586428 0.039835449604136874 14.09522515460373 -0.02781548529699419 0.043145132248283334 0.9986815289875838 -4.741096031084862
-0.9935326598900974 0.10936633952342963 -0.03052634126385986 71.66718871958913 -0.11054664894654699 -0.9930615154719162 0.04010317811982118 14.039087283779843 -0.025928596923080763 0.04321840195875063 0.9987291312431703 -4.820138910823036
-0.9935090275357076 0.1096135073148562 -0.030408735902528482 70.98852276449128 -0.11081695603533546 -0.9929863664098264 0.04120289285076594 13.953535902881221 -0.02567906657407726 0.04430524955742319 0.9986879544690351 -4.873502090790542
-0.9934725024572733 0.10990356634272973 -0.030554753581630827 70.2152550591222 -0.11113130064530943 -0.9929221101305873 0.04189889295321694 13.864289676916805 -0.02573365263942223 0.04502098753884537 0.9986545397698169 -4.891089594334999
-0.993292862881076 0.11194584699373675 -0.02893813902753181 69.55280991102494 -0.11309269752789572 -0.9927128055998304 0.04160922210257315 13.78567431923009 -0.02406928157183606 0.044602835548580216 0.9987148025065263 -4.941205120696989
-0.9931896717267112 0.11279039562914091 -0.029199360082254683 68.89763667742145 -0.1139324603302363 -0.9926440274248036 0.04095399004945242 13.768692993853245 -0.024365353650006673 0.04400183486735434 0.9987342830151658 -4.955507908243814
-0.9932946928776581 0.11174010490488959 -0.02966145743082415 68.34692542464904 -0.11286081709364158 -0.9928347669146994 0.03926272494858431 13.657705630379482 -0.02506170517007605 0.04234707264117525 0.9987885844224982 -4.955653123463952
-0.9930803387147743 0.11357663031657712 -0.02986285157316314 67.50712781846853 -0.11473498353174823 -0.9925721063830049 0.04045364241171681 13.543525246946817 -0.025046445099423012 0.04360003069193203 0.9987350564146409 -4.993095012343861
-0.9929182512328238 0.11364428095727283 -0.034616813464807696 66.59971693940307 -0.11509517636770318 -0.9924111301894596 0.043281047272056165 13.525256726773627 -0.02943546747785692 0.04695877001991515 0.9984630324516697 -4.9466375528054245
-0.9928622838452019 0.11425109105362254 -0.03422241240398427 65.94091157310186 -0.11565197134514098 -0.9923924988310293 0.04221077810096128 13.441314813721858 -0.029139437909358884 0.04586737900691066 0.9985224467689078 -4.995409506293177
-0.992992466163952 0.11328649089717417 -0.03364718594252964 65.48141377693253 -0.11460922518332775 -0.9925890350657018 0.040394714632314095 13.329224582709292 -0.028821652355884023 0.04396792521320297 0.9986171107626446 -5.016335771877729
-0.9930551827600707 0.11276051629782383 -0.03356292534349066 64.96078979390568 -0.11406246856725716 -0.9926762313872611 0.03979513667684791 13.23473753644245 -0.028829798086484462 0.04334703684260624 0.9986440192277037 -5.037315753718226
-0.9928716942583425 0.1149884962951209 -0.03135991805403308 64.44132804206146 -0.11615434766682935 -0.992492365608723 0.038302372335082005 13.176960717638837 -0.02672014705539604 0.04167193213889808 0.998773990356754 -5.100121663459872
-0.9927516892267851 0.11609320441345355 -0.031087801890500685 63.8813714568068 -0.11725692290857447 -0.9923485497879302 0.038667425099228755 13.136753216507385 -0.02636090983594618 0.04203241157498103 0.998768431023839 -5.104820533475545
-0.9927068502509929 0.11607673652762061 -0.032546900034580946 63.085941081532525 -0.11734983881387984 -0.9922688322515165 0.040392819567048655 13.08035884500023 -0.02760660781622842 0.04391760215811102 0.9986536533881875 -5.118969173512785
-0.9927426246228147 0.11622345958900217 -0.03088994493637284 62.45884663026248 -0.11743869514570805 -0.9922348250340385 0.04096589889342219 13.023525967951782 -0.025888880614686183 0.04429626881393907 0.9986829358859015 -5.1794608755004425
-0.9927664619057857 0.11682289543562394 -0.027697711405637506 61.916249122018264 -0.11785403889030718 -0.9922612531201523 0.03909003803622663 12.860335783902064 -0.02291675440183751 0.04207156591415977 0.9988517436082416 -5.266160555231655
-0.9929252922678635 0.11655892498321557 -0.022657912117802697 61.376861219750076 -0.11734210222595522 -0.9924014764659675 0.03701540967437893 12.682286940498154 -0.01817126907988464 0.03941226350930136 0.9990577953577585 -5.397221598055183
-0.9927900039352945 0.11827829884757465 -0.019448704529723852 60.95671877025542 -0.11891895944819707 -0.9922520113544244 0.03597536722335789 12.597657463155292 -0.015042910952260928 0.03802880467254137 0.9991634104816232 -5.45900587949841
-0.9927145645097419 0.11904583901615387 -0.018597892976693665 60.50095983939496 -0.11965025941950434 -0.9921729851797221 0.035729300306618826 12.55127826380903 -0.014198902460277767 0.03769423951344066 0.9991884384221176 -5.489062541610508
-0.9926763159101123 0.11927324675240995 -0.019173534892262267 60.00119001923529 -0.11990944182358364 -0.9921165877377097 0.0364198036408454 12.518068504348793 -0.014678473785852417 0.03845216437108043 0.9991526277113527 -5.489698833108497
-0.992451339636859 0.12097287588776678 -0.0201470035601553 59.45391954672743 -0.1216580762530179 -0.9918739713424238 0.03722012165253578 12.473091632045985 -0.015480663274661412 0.03939020529089713 0.99910397896902 -5.487064289959319
-0.9921966142401926 0.12212839064367925 -0.025110453780869707 58.87229061527507 -0.12305528681466085 -0.9916153193980474 0.03945192925657544 12.468921812025211 -0.02008171001825329 0.04223404472566901 0.9989059066743258 -5.393907606365793
-0.9924600139590894 0.12085781558102383 -0.020408554709048277 58.44449345020785 -0.12156006279403456 -0.9918699882052642 0.03764409158428234 12.156374894931574 -0.01569305024014175 0.03984112085118144 0.9990827859909726 -5.554140511484243
-0.9922659614351401 0.12221795815983544 -0.02170328271136043 57.85796090731199 -0.12298734245561072 -0.9916570939007622 0.03860468510441686 12.089131212976788 -0.01680402847278909 0.040975344044267885 0.9990188415678427 -5.541028517009734
-0.9921882751938593 0.12274483939106846 -0.022273997636358775 57.34202025478423 -0.1235277609020437 -0.991611156482172 0.03805531009759385 12.008852540478841 -0.017416051629764357 0.04050948954205566 0.9990273581852915 -5.53809138490616
-0.9917907216753157 0.12485346768495784 -0.02761839976908604 56.61989569549458 -0.12588108701901196 -0.9912679595199297 0.03926556201194554 12.24436253381217 -0.02247479320651743 0.04241985426947227 0.9988470551761631 -5.40029260548383
-0.9918078064859179 0.12478095184857226 -0.027331100405173035 56.093881309669 -0.12578747860205228 -0.9912956838670549 0.038863573864079036 12.233995067706351 -0.022243768127988055 0.04198310615372185 0.9988706791057435 -5.417892599593204
-0.9919233901313957 0.1234632020808721 -0.029065887947718673 55.64395591683186 -0.12450709234746407 -0.9915151643517891 0.037358570845682934 12.254143779198486 -0.02420685988373968 0.04067574943858113 0.9988791274935106 -5.415346115786549
-0.9920063373108119 0.12292427482130401 -0.028514021022243242 55.10184582477344 -0.1239198179241979 -0.9916295320427241 0.03625948022760661 12.201706655816356 -0.02381817501056722 0.03950308646674461 0.998935533805254 -5.459236700366744
-0.9920577570737944 0.12296481149677223 -0.026477570947602582 54.5605412957222 -0.12386842635058602 -0.9916553381093283 0.03572538806949981 12.104961955907024 -0.021863658960743257 0.03872138340568411 0.9990108282115968 -5.523693965798235
-0.9920231824392378 0.1239919847035554 -0.02271548441940518 54.01191425907747 -0.12472246003139566 -0.991602083933105 0.03419963601055998 12.253607516988462 -0.018284240942743415 0.03675996285105204 0.9991568403730962 -5.676416661651302
-0.9920390470941518 0.1241586280067684 -0.021051463892316775 53.62909709750839 -0.12479724697668253 -0.9916542894900554 0.03236382676729732 12.290416649783715 -0.016857526140384414 0.0347333446051398 0.9992544313561904 -5.727366467761423
-0.9917704909884784 0.12627572118310815 -0.02111244761187555 53.40408187211379 -0.1268830501604543 -0.9914503686179512 0.03044434511223062 12.291509112479014 -0.017087562332226875 0.03287261484912713 0.9993134675398555 -5.746359808674275
-0.9916069883509536 0.12798327460565437 -0.018326540174637668 52.961195154722624 -0.1284612526035851 -0.9913236545157441 0.027840951439888535 12.36154913009525 -0.014604356647137356 0.029961532316856644 0.9994443553035613 -5.8351761478274495
-0.9914379886364255 0.12942209234788862 -0.01733887830471021 52.58775940018836 -0.12984756203413061 -0.9911878835354618 0.02619523174721644 12.371662799080417 -0.01379584438746199 0.02822235895159813 0.999506464777917 -5.883995261471761
-0.9916029599308316 0.12806225392293538 -0.01798969084206529 52.12938515049088 -0.12849936815007895 -0.9913763418010062 0.02570722276491081 12.2367345503105 -0.014542429007764248 0.02780302209170743 0.999507633648251 -5.865992598097509
-0.9919596895982107 0.1251329241474832 -0.018913632822104804 51.763218650557725 -0.12558728028862476 -0.9917644706699493 0.02512110161729657 12.115247245515379 -0.015614392141082026 0.027294431869164325 0.9995054800985417 -5.884198582763366
-0.9922789130358473 0.12245874231114438 -0.01965744581516711 51.42743669631319 -0.12292017424692775 -0.9921193474529418 0.024286440098466727 12.037590341158118 -0.016528445405061976 0.026515219047266655 0.9995117576353857 -5.890498109445374
-0.99208167102267 0.12396189553863012 -0.020184312605081255 51.29769824172011 -0.12443047475747267 -0.9919404867389267 0.023898278594240555 12.000273158668461 -0.017059160955322658 0.026220587762442956 0.9995106131527086 -5.889741140255865
-0.9923550468807071 0.12161617217962777 -0.02099922843266793 51.07862987881144 -0.12208067982356714 -0.9922658460322048 0.02246771932805392 11.94757975069889 -0.018104379144480716 0.024859554749924028 0.9995270051346453 -5.899395708060907
-0.992620444426247 0.11957869243147538 -0.02013925578131634 50.60576390611694 -0.12002857738838278 -0.9925075775811344 0.022844015718532354 11.903977483611303 -0.017256706440294995 0.02509272325610183 0.9995361730935197 -5.920704383825442
-0.9927954426855191 0.11855742999154426 -0.01735928502753423 50.23695874333923 -0.11888326849099419 -0.9927240814394727 0.019122411015817766 11.919759833539839 -0.014965876378127522 0.021048371052403196 0.9996664386785652 -5.978975055538401
-0.9928580872480331 0.11836453473740297 -0.014921645438052931 49.88553405632163 -0.11862163822356124 -0.992781493878857 0.0177147496969285 11.926294422589548 -0.012717135343254337 0.019358262527023037 0.9997317300859279 -6.014418339019887
-0.9931724640747237 0.11596739813523724 -0.012649868516517577 49.36634272216597 -0.1161762069711072 -0.9930787569676298 0.017253156042774095 11.93916146707098 -0.010561512086285503 0.018604973242999916 0.9997711285254651 -6.082170455555919
-0.9933069007785156 0.11492751773565178 -0.011535446801213791 48.87966562880965 -0.11509931608257414 -0.9932325136507505 0.01553451847785635 11.888067274809936 -0.009672037174575404 0.016758266441852646 0.9998127885773261 -6.176413356230096
-0.9928951062791358 0.1185156353828645 -0.010646694169940352 48.74670590572389 -0.11866085915678821 -0.992832764981283 0.014237320105954042 11.957410386192793 -0.008883041772145533 0.015399511337115939 0.9998419608215372 -6.20517099091577
-0.992438285164369 0.1222999801471556 -0.010438629987655802 48.69738140022973 -0.12239408247886929 -0.9924416056587602 0.008907745597019026 11.966441701428552 -0.009270313596155409 0.01011801430466144 0.9999058391030468 -6.255175301698031
-0.9927948403492831 0.11948645239260748 -0.009021788651724254 48.52719069916643 -0.11953638269625855 -0.9928161377490099 0.005212469379652358 11.970188765650333 -0.008334157890412927 0.006253344686474667 0.9999457172729387 -6.291598623092169
-0.9925092597249694 0.12202030407440807 -0.006034463835706113 48.36046375062695 -0.12204744636913707 -0.9925147178094179 0.004353822052500839 11.99080303129828 -0.005458039480294982 0.005057699603656663 0.9999723143566296 -6.297107814906476
-0.9923020100655416 0.1235294382395253 -0.008786279538250516 48.20964034612199 -0.12360173168389604 -0.9922978321785674 0.00822339215074218 11.969784715853901 -0.007702775125916352 0.009246087926725127 0.9999275859348098 -6.272297922650762
-0.991902736760171 0.12642631043414237 -0.012056070574484498 48.09946321661543 -0.12653745681932713 -0.99192147123092 0.008948012784286394 12.01127481290032 -0.010827411019471593 0.010401102879028274 0.9998872857625068 -6.26470210180963
-0.9914338183411429 0.13004452777170694 -0.012141031510839883 48.09351759611993 -0.13014560862151692 -0.991463093818804 0.00794066444255234 12.02835102153437 -0.011004744706263527 0.00945274520371653 0.9998947650638381 -6.2804312438821945
-0.9915306050100839 0.12920693481943163 -0.013138771742731647 48.03114533963783 -0.12931371321393775 -0.9915743971217876 0.007627486308784967 12.018972635458846 -0.012042545543384582 0.0092619094755786 0.9998845904051625 -6.264749716574531
-0.9916214720650597 0.12851100319161807 -0.013106418207102802 47.85549227795782 -0.128623868408639 -0.9916598543530973 0.008162949221996611 11.979866266235208 -0.011948079976825229 0.009780353934687586 0.9998807869250145 -6.2547677191474245
-0.9918237490045982 0.12685366441903018 -0.013921161371599837 47.68843541214113 -0.1269535725020939 -0.9918870945342433 0.006540804643242523 11.945756836684291 -0.012978495268174118 0.00825466655227022 0.999881702573204 -6.264705983700185
-0.991849528153839 0.12673537697460172 -0.013139928619458001 47.435181327944306 -0.12681799815873976 -0.9919098866661527 0.005654385639670849 11.930299614524705 -0.012317014412124372 0.0072746791721757876 0.9998976798647556 -6.284466607107207
-0.9912477206335467 0.131489452467055 -0.011767762264595487 47.42423961437606 -0.13163069773948433 -0.9912242392825146 0.012160052278546298 11.86635182731866 -0.010065572582704331 0.013602622861614835 0.9998568161991341 -6.2444414614748
-0.9919465259061186 0.12602557871071637 -0.012635001124330103 47.04098382358115 -0.12624770580385128 -0.9918230338569631 0.018670465715477987 11.649872729790012 -0.010178728901327589 0.020115243508293464 0.9997458529329125 -6.185977579870066
-0.9922973732561463 0.12295116614227754 -0.01513055759760535 46.73277275746447 -0.12327086972923576 -0.9921200424204204 0.022407902710941383 11.504866277446853 -0.012256251676467923 0.024100459994791504 0.9996344092331395 -6.15203374584671
-0.9923039557664086 0.12267488012439659 -0.016844380570503477 46.619749670877326 -0.1230518350809068 -0.9921210536376177 0.023538496387943968 11.504141063574822 -0.01382408237678138 0.025430075018551716 0.9995810152413858 -6.137593191909687
-0.9925439586771697 0.12057338754555531 -0.01784792170670273 46.222274495659654 -0.12099847594549826 -0.9923368517927849 0.025038797751752974 11.385786562963057 -0.014692137772476615 0.02701167876634736 0.999527143352249 -6.123919243017074
-0.992640885333448 0.11979897678809538 -0.017671387182565397 46.02723073455289 -0.12022057181242196 -0.9924294637316968 0.025115207152495128 11.354350778083148 -0.014528829186298596 0.02705484573499236 0.9995283630016416 -6.124055891866036
-0.9929518109389138 0.11699963486746531 -0.018915247659386004 45.90723405450682 -0.11743346739411079 -0.9927971846251645 0.023730380025294075 11.4471597643084 -0.016002558824500548 0.0257844069396443 0.9995394351749434 -6.136264239944223
-0.9930024258316859 0.1161824858304578 -0.021161575523811295 45.80791102055001 -0.11667656749564477 -0.9928839073941769 0.023835373609619542 11.466498371724917 -0.018241734836035466 0.026137643809874836 0.9994919022614663 -6.150931876893471
-0.9926826808755875 0.11921614981961527 -0.01919908101559235 45.772101102112956 -0.11970077111357436 -0.9924574668907057 0.0264556573854739 11.427485025125703 -0.015900329696921258 0.028560217699976676 0.9994656039506642 -6.139888120232198
-0.9925453215340605 0.12076755880369185 -0.016400653689645044 45.74081689781521 -0.12116913835971502 -0.9922856462161892 0.026215190681807055 11.452012555557094 -0.013108188662582274 0.02800701794046116 0.99952177681933 -6.149195891765323
-0.9922942507795435 0.12287226428902477 -0.015953887875888695 45.95162149612104 -0.12323961432498501 -0.9920732141140534 0.024550667983702625 11.567137354653363 -0.012810828657682571 0.026327637681834007 0.9995712771799738 -6.185175326850243
-0.9924526676766342 0.12129012326181522 -0.01806677670948451 45.95429983281104 -0.12168769609485265 -0.9923059751171035 0.022824468581406753 11.594739117055862 -0.015159387872303748 0.024850709165555925 0.9995762278152248 -6.2075805375519
-0.9924790306782073 0.12086057812047958 -0.019444647603779446 46.02153426748577 -0.12125087467040155 -0.9924137430749875 0.02032702505437073 11.66564184884851 -0.01684039951170014 0.0225318266521495 0.9996042805690716 -6.228586250743038
-0.9922874373090838 0.12272253625260682 -0.017459119516874316 46.040882187291785 -0.12303721597503968 -0.9922340521603087 0.018260044322293764 11.707609332900612 -0.015082613954062395 0.02026733404445082 0.9996808240268739 -6.231714484428055
-0.9924338694149206 0.1214862310285723 -0.017779496860306387 45.951058245912 -0.12179230384437674 -0.9924051630509401 0.01728082967111917 11.680307515658853 -0.015545081614825108 0.01931548654101956 0.9996925839563274 -6.232228957774428
-0.9922942308790633 0.12263152947992294 -0.01771065615791396 45.8845400907094 -0.12292750074910329 -0.992274848191855 0.01671691375271824 11.632355878639553 -0.015523817948792396 0.018765223773044334 0.9997033947391823 -6.237923049238687
-0.9919205375049547 0.1256653688779768 -0.017374186042948173 45.76574881215761 -0.1259477616848834 -0.9919038956444298 0.016242633160245327 11.605243666143746 -0.015192386332019359 0.01829964125801217 0.9997171172523617 -6.246111351928863
-0.9918590127254683 0.1263251101143823 -0.01605196031199495 45.61328624108807 -0.1265839336141142 -0.991822263688033 0.01628204543447135 11.534209454698845 -0.01386386043087626 0.018181413788295762 0.9997385806132634 -6.233769702811743
-0.9920370397230629 0.1249157526851663 -0.016080004620930715 45.497683109526996 -0.12518804127680996 -0.9919837056487739 0.01721284545354176 11.532510009492572 -0.013800947025037497 0.01908880453115824 0.9997225372085958 -6.2447279427422515
-0.992090304701877 0.12455595323585969 -0.015576964725114974 45.45279499504539 -0.12482438742583432 -0.992021977215947 0.01764281792487219 11.55313778044925 -0.013255173341232421 0.019447653690652437 0.999723006210036 -6.244570583931253
-0.9919695289379721 0.1255204066407068 -0.015526788957821022 45.30695275294348 -0.12579119906068023 -0.9918952204849375 0.017901000475366094 11.502340001101476 -0.013154006897797459 0.019710380409633535 0.9997191970781849 -6.259363921571567
-0.99192118341551 0.12604871596095824 -0.014285905507817684 45.260958587453054 -0.12629615444746328 -0.9918294416671712 0.017989997609038928 11.453767764460519 -0.011901565584768648 0.01964891464643708 0.9997361016237519 -6.256459030792145
-0.9919060081072623 0.12637144630630584 -0.012358342897453977 45.287460578002026 -0.12656423176433748 -0.9918243447720196 0.01630841364018766 11.537632978506416 -0.01019638752806317 0.017740537647096915 0.999790631585123 -6.253123293025899
-0.9918795420222842 0.1266306478492957 -0.011817493090347277 45.249131919986574 -0.12682115270617594 -0.9917787074297715 0.017070170333436382 11.529850442451284 -0.009558731293983838 0.018430260828386058 0.9997844548410695 -6.253131148706798
-0.9921505190199732 0.12459733439979179 -0.010623176025815351 45.134685301442865 -0.12476013678899897 -0.9920520462621352 0.01635988311413108 11.562773375023696 -0.00850034568710002 0.017556815416905375 0.9998097330770617 -6.257566184141544
-0.9924503151374603 0.12226040335043077 -0.0097347704726167 44.54724825513836 -0.12241904911642051 -0.9923182971351997 0.017831813820614197 11.349801026507999 -0.007479866108210887 0.018888910590365238 0.9997936090312461 -6.251249454568278
-0.9922905742821678 0.12361228704138386 -0.00891171606206941 44.3675771465713 -0.12375933469140972 -0.9921406841959545 0.01845236678392915 11.296354599472169 -0.006560736811693646 0.019413017683690633 0.999790023693428 -6.262683324019918
-0.9922689750224163 0.12387321623484146 -0.007596545768388139 43.94912754014447 -0.12400100525619662 -0.9920874811991236 0.019651471788196036 11.087650040497653 -0.005102146943021972 0.020441525080709906 0.9997780314394523 -6.250414921470034
-0.9918650425213198 0.12710559839003183 -0.006921291938517468 43.649760824011416 -0.12722339785780623 -0.9916586582058924 0.020671541858611715 10.989015274970717 -0.004236090379218077 0.021383930022557115 0.9997623633019458 -6.260379827405544
-0.9917949274178647 0.12767412705808076 -0.006491473497019199 43.507080050552055 -0.1277873137999879 -0.9915590708780396 0.021931971896592573 10.965890797196584 -0.0036365340627738806 0.022581546436099366 0.9997383904705169 -6.2613572114275104
-0.9917513762046042 0.12804191616160399 -0.005871584279050573 43.55388634740125 -0.12813959190720084 -0.9915240194275503 0.021456092004384236 11.040910896838662 -0.0030745377111908176 0.02203149118668692 0.9997525496911546 -6.290757590541105
-0.9923062262806243 0.123726778108758 -0.004476344886253066 43.79725212598502 -0.12379213533386382 -0.992106330927828 0.02001337958490845 11.228910994786707 -0.0019648191259597166 0.020413537462982148 0.9997896913721687 -6.343051987077758
-0.9917632071171684 0.1280673747002072 -0.0021186189070307644 43.648464035724494 -0.12808413631681545 -0.9915646013395214 0.019851836045433308 11.200323682819556 0.00044162501337728253 0.01995968205647444 0.9998006881671736 -6.355060047516668
-0.9916357297302184 0.1290475463507663 -0.0023044095273007793 43.51149745868798 -0.12906724724828864 -0.991405314723414 0.021381010872301452 11.163688383437535 0.00047456313890437195 0.02149959811294568 0.9997687442958088 -6.371848552962808
-0.9914681416819884 0.13033200260826183 -0.0021196994562836012 43.346957883757575 -0.13034638658371944 -0.9912077746217203 0.02273690906919373 11.085594885807417 0.0008622843111803078 0.022819216147195773 0.9997392359211458 -6.387625200661295
-0.991422252212309 0.1306769159657624 -0.002336974957938634 43.25544086880734 -0.13069574000047574 -0.9911473811604208 0.023355777969649376 11.080073102695707 0.0007357744256565591 0.023460870668330715 0.9997244851375233 -6.395063368756264
-0.9914137477483125 0.13072335454476164 -0.003191449861640511 43.15158858180185 -0.13076219757606572 -0.9911490857352928 0.0229071502194472 11.060670396174284 -0.00016870309278805683 0.023127784646657486 0.9997325027809257 -6.395098246329415
-0.9916465805220734 0.12894813639702715 -0.003072044696525773 43.328895900648284 -0.12898434357215055 -0.9914202870103785 0.02118616571064099 11.063085376970458 -0.00031377084895248535 0.021405434449936648 0.9997708282020775 -6.389108208135943
-0.9916042242263036 0.12925350416557532 -0.0038202300288586303 43.437310771949456 -0.1293057994488969 -0.9913762289444549 0.021288093215585203 11.100905655764956 -0.0010357245945923322 0.0216033410562577 0.9997660841065685 -6.3783083342665625
-0.9915573709062554 0.12961489786384986 -0.0037361013406034364 43.70930757729548 -0.12966364224170665 -0.9913620951314679 0.019711322055295438 11.185482768499798 -0.0011489482576855004 0.02002934318184181 0.9997987324104836 -6.367238174675629
-0.9915537818145623 0.12967227122661237 -0.0024899486304118252 43.70765028647533 -0.12969611698573683 -0.9913887257143338 0.018091759597574992 11.195137026647354 -0.00012250744229470948 0.018261889317513564 0.9998332302891773 -6.367323647741697
-0.9915788882090225 0.12945685652798444 -0.0034972497850474325 43.651340933970054 -0.1294995912719385 -0.9914078589880637 0.018447574287778365 11.177676090115773 -0.0010790359438779958 0.018745117620167957 0.9998237125847965 -6.353503133461312
-0.99147135363951 0.1302851095060987 -0.0032163882260933794 43.53505679948815 -0.13032286862440237 -0.9912891793304627 0.019018750112470575 11.152086515958791 -0.0007105109039797992 0.019275714858776848 0.9998139536888567 -6.351418674811577
-0.9913632277417702 0.1311279901472707 -0.002097827771755367 43.60069775306758 -0.1311444480111799 -0.9911985076380109 0.018073522402357257 11.197281015191395 0.00029058091085722995 0.018192543970613435 0.9998344597515203 -6.360828784110099
-0.9914762318087575 0.13027151668671724 -0.002052729513408649 43.637654285139426 -0.13028729333603947 -0.9913113588739174 0.018083444437475726 11.198614102710255 0.00032086365045223895 0.018196749921244426 0.9998343739534212 -6.359807548318808
-0.9913915425104665 0.13092699627482385 -0.0009649275530654899 43.583442579335234 -0.1309223548339672 -0.9912200875671359 0.01849526988556363 11.198404485565124 0.001465074557763493 0.018462384728487664 0.9998284822441709 -6.362658137371864
-0.991497453491795 0.130122118109119 -0.0010169061375323197 43.585427440097426 -0.1301177247811509 -0.9913148098443731 0.019087312042223067 11.170138838374058 0.0014756073575863356 0.019057338796799026 0.9998173035214535 -6.354165782967116
-0.9913754158266058 0.1310523318815478 -0.0002668389661234436 43.58217671436598 -0.1310329753924602 -0.9911896411581468 0.019324974012431044 11.17341245203164 0.002268094888800513 0.019193268851093973 0.999813219644744 -6.356204563105706
-0.9914028678588264 0.1308442013503063 -0.0003854533740005646 43.55401361003265 -0.1308262735861904 -0.9912088970393257 0.019733437856667195 11.149750538033201 0.0021999411025483205 0.019614214312375436 0.999805202454987 -6.352681695710652
-0.9914751408035366 0.13029598107088894 -4.985367814541187e-05 43.44738404537757 -0.13027016892303098 -0.9912709635036822 0.020286941692950658 11.09629789121322 0.0025938884672415596 0.020120492818564723 0.9997941975783639 -6.351297547110507
-0.9914306717132939 0.13063388518400673 0.00010596160160036007 43.41759946176883 -0.13060469511673214 -0.9912256439502447 0.02035034124754728 11.070071927878091 0.0027634759987678085 0.020162113409979344 0.9997929047474043 -6.350330712237677
-0.9913610565061411 0.13116111680656253 0.00013069465988642845 43.43943690717906 -0.13113137938754243 -0.9911565473163675 0.020328798582909174 11.086493927671256 0.0027958867933158093 0.020136041069623748 0.9997933400793849 -6.347827105273162
-0.9913161195197033 0.13150007310483436 0.00028627579343281837 43.438561889729165 -0.1314664259592649 -0.991107244550397 0.02056717397274253 11.107391305344239 0.0029883148937862028 0.02035093543674435 0.9997884323200361 -6.349922525630828
