1.000000000000000000e+00 0.000000000000000000e+00 0.000000000000000000e+00 0.000000000000000000e+00 0.000000000000000000e+00 1.000000000000000000e+00 0.000000000000000000e+00 0.000000000000000000e+00 0.000000000000000000e+00 0.000000000000000000e+00 1.000000000000000000e+00 0.000000000000000000e+00
9.999998810277932471e-01 -3.243365917188240511e-04 3.643489736155519653e-04 3.922551563131220290e-03 3.251242550103300042e-04 9.999976059938220363e-01 -2.163862482544218462e-03 -1.380388201307919949e-01 -3.636462815793215669e-04 2.163980683793334265e-03 9.999975924715929221e-01 1.213393485405630107e-01
9.999996392570842385e-01 -1.608813592894322512e-04 8.340281107899055746e-04 4.086514262852906226e-02 1.634349246225348759e-04 9.999952969897071275e-01 -3.062562243113020177e-03 -2.213066920659022829e-01 -8.335314791705354838e-04 3.062697447636807038e-03 9.999949625421207244e-01 1.928551297442939183e-01
9.999974137837487342e-01 -6.971631436205930586e-04 2.164807004164907931e-03 3.861854420246903230e-02 7.020443650054147573e-04 9.999972113524417949e-01 -2.254866082372474195e-03 -3.726622545092214134e-01 -2.163228957754711589e-03 2.256380041359765543e-03 9.999951145828589461e-01 2.385342364379541835e-01
9.999970237725155364e-01 -6.383286369514163793e-04 2.354778686475649842e-03 8.241031772078807882e-02 6.443470828327894310e-04 9.999965259087941760e-01 -2.555970887772783529e-03 -4.881536344203299405e-01 -2.353138956346844009e-03 2.557480575399325405e-03 9.999939609968444554e-01 2.625895358674891211e-01
9.999969446090608560e-01 -7.698632447391526345e-04 2.349060051885943062e-03 7.912029450000260256e-02 7.751916652309955589e-04 9.999971270477724383e-01 -2.268253531577045425e-03 -5.974803728695715632e-01 -2.347307058124923577e-03 2.270067572949106740e-03 9.999946684571818789e-01 2.912297011194462382e-01
9.999926849055805755e-01 -9.722990035917929152e-04 3.699293172480622865e-03 9.286948712959851304e-02 9.787513285158761043e-04 9.999980023546924945e-01 -1.742794440355427020e-03 -7.275086368485418342e-01 -3.697591265307153055e-03 1.746402379756677040e-03 9.999916389138274742e-01 3.109217473717744151e-01
9.999900943060591185e-01 -1.289819623903902058e-03 4.260006466761370215e-03 9.431272044574796898e-02 1.297963441643084801e-03 9.999973345843964356e-01 -1.909480297601290908e-03 -8.814646076208120240e-01 -4.257532226914357600e-03 1.914990715528895994e-03 9.999891030555764226e-01 3.663835812127659297e-01
9.999849579075950068e-01 -1.355201470604414484e-03 5.314827139201753689e-03 1.012730563575037906e-01 1.365706776747658982e-03 9.999971201212501937e-01 -1.973472626092388858e-03 -9.914615914235872518e-01 -5.312137380138939186e-03 1.980701436376038679e-03 9.999839288799967640e-01 4.023072168415768868e-01
9.999818309693800922e-01 -1.635224450169168228e-03 5.802048959095640335e-03 1.263563151533189655e-01 1.643521717139649965e-03 9.999976332784398236e-01 -1.425578438471075899e-03 -1.131909844713205882e+00 -5.799704086543053250e-03 1.435088330560957458e-03 9.999821518177172130e-01 4.299214170543771973e-01
9.999805053611572347e-01 -1.716376471814925380e-03 6.003578054099539818e-03 1.287524418996107700e-01 1.720893186841388313e-03 9.999982400687673634e-01 -7.472523051140613024e-04 -1.247658482133517266e+00 -6.002284921940007067e-03 7.575692542702190668e-04 9.999816991648101672e-01 4.466225822687194813e-01
9.999726135461334264e-01 -2.103203056212437586e-03 7.095681406288080820e-03 1.329470619786748686e-01 2.101233763262550912e-03 9.999977517997081788e-01 2.849775453405410143e-04 -1.395717879114525939e+00 -7.096264819419384473e-03 -2.700600554718957666e-04 9.999747847286846181e-01 4.427920698042485115e-01
9.999662801016627744e-01 -2.202991754434727428e-03 7.911098973769006490e-03 1.314395134328476544e-01 2.193357242436984062e-03 9.999968426601676397e-01 1.226317129835729613e-03 -1.509409023446034226e+00 -7.913775562266448307e-03 -1.208923912317030284e-03 9.999679548162152543e-01 4.485210814488255759e-01
9.999624451505990663e-01 -2.185360340470949084e-03 8.386446721786115777e-03 1.481463762847707033e-01 2.178227872637493109e-03 9.999972582746411431e-01 8.595152910927420734e-04 -1.607335483675869092e+00 -8.388302079081651208e-03 -8.412154201236435314e-04 9.999644637410106673e-01 4.821251725408529087e-01
9.999591006791568315e-01 -1.864163982373454346e-03 8.849963930922518512e-03 1.542563323925033036e-01 1.864258061837158155e-03 9.999982622665949394e-01 -2.381026102175530401e-06 -1.669949875183661891e+00 -8.849944113421461672e-03 1.887954532501541624e-05 9.999608382995566203e-01 5.290816932933342098e-01
9.999616677291441880e-01 -1.751993315593511694e-03 8.578670746149309051e-03 1.626658584155974419e-01 1.758164734017554198e-03 9.999982010242957076e-01 -7.119023391122761713e-04 -1.750838560046824144e+00 -8.577408065189581071e-03 7.269577666496182186e-04 9.999629491152602911e-01 5.660528680437325599e-01
9.999722690818722004e-01 -1.248246627504795902e-03 7.341862679770898639e-03 1.564333100223751216e-01 1.258011407521131492e-03 9.999983301658198487e-01 -1.325546253635109372e-03 -1.815889794292156578e+00 -7.340195811436947895e-03 1.334745642024080629e-03 9.999721696024949091e-01 6.030848728723575691e-01
9.999774770554660241e-01 -8.916936487407174389e-04 6.652087207907779638e-03 1.624993006743376267e-01 8.998171681472118873e-04 9.999988530295107481e-01 -1.218305678703678150e-03 -1.871967533066426270e+00 -6.650993222724136018e-03 1.224263901146139220e-03 9.999771324720638788e-01 5.770901641576581254e-01
9.999934517124623445e-01 -6.113845507297218903e-04 3.566895166170102466e-03 1.722149366606031962e-01 6.221767661265313566e-04 9.999952301067798199e-01 -3.025336305315580107e-03 -1.967653195930656906e+00 -3.565028508583200327e-03 3.027535733843155115e-03 9.999890622397393791e-01 2.982740263751549326e-01
9.999948651852523795e-01 4.919432463606633176e-04 3.166637802347529486e-03 1.561420801381806500e-01 -4.846357299541536787e-04 9.999972191013950518e-01 -2.308011630347297800e-03 -1.947960182192657319e+00 -3.167764406982953411e-03 2.306465113312299812e-03 9.999923227142011317e-01 2.718287269228605307e-01
9.999968640780718676e-01 1.022774308854212553e-03 2.285993599155911136e-03 1.781422985936053083e-01 -1.014038346752900574e-03 9.999921918707534996e-01 -3.819414059440014251e-03 -1.990555740273985297e+00 -2.289882148397304456e-03 3.817083996885736481e-03 9.999900931056803222e-01 3.244923743578644881e-01
9.999918536419695192e-01 1.641588812322083545e-03 3.687524355049605351e-03 1.778715440471177744e-01 -1.625484461613336921e-03 9.999891478084088625e-01 -4.366012560375946878e-03 -2.024557579714057365e+00 -3.694651534702378046e-03 4.359982979733510559e-03 9.999836699158909381e-01 4.021059900061556003e-01
9.999879038339528625e-01 1.871813023384667849e-03 4.548461474226898373e-03 1.692320514338223336e-01 -1.849379539954335537e-03 9.999861308707891361e-01 -4.931314367011170596e-03 -2.103197222494725072e+00 -4.557628889481577135e-03 4.922842885425051176e-03 9.999774965652132863e-01 4.564366962766703839e-01
9.999845861363084731e-01 2.228655437676406795e-03 5.085330346795090793e-03 1.699933256922551150e-01 -2.199677625370873718e-03 9.999813537122193008e-01 -5.696810179542938744e-03 -2.185075388072707625e+00 -5.097931751246033254e-03 5.685536282305889318e-03 9.999708424594400125e-01 5.224075571291030284e-01
9.999802728982075672e-01 2.852176575156155011e-03 5.596329440846742505e-03 2.016591681599346209e-01 -2.824159508285107277e-03 9.999834725887848386e-01 -5.007861055047092488e-03 -2.204649726237190244e+00 -5.610520252001620876e-03 4.991957337460434588e-03 9.999718008146244452e-01 5.280193448633015985e-01
9.999804341682814179e-01 2.428903487879565792e-03 5.764695001647224260e-03 2.007469403914530492e-01 -2.409550726031561580e-03 9.999914465083290516e-01 -3.361692353322563373e-03 -2.334883823250010870e+00 -5.772810919658704840e-03 3.347736253989119261e-03 9.999777334101292992e-01 5.053796797729217527e-01
9.999824567424133726e-01 2.203029583760734208e-03 5.498442330367243197e-03 2.065962624589461893e-01 -2.189985449862786541e-03 9.999947763641224840e-01 -2.377226997588462870e-03 -2.458116473919368161e+00 -5.503650709909617758e-03 2.365143784582488494e-03 9.999820578009095406e-01 4.625182435306935957e-01
9.999805256095480877e-01 2.284611549480732376e-03 5.807663189268440565e-03 2.096665974462771087e-01 -2.267688408123922153e-03 9.999931689290696424e-01 -2.918849855837718672e-03 -2.551481017829784204e+00 -5.814291954801101975e-03 2.905623042523363710e-03 9.999788754587763950e-01 4.959955704767662343e-01
9.999656120629892841e-01 3.034694679483022038e-03 7.717857195721326141e-03 2.194485897087906090e-01 -3.019189518452426203e-03 9.999934023157480700e-01 -2.019856337964653220e-03 -2.575698479341590019e+00 -7.723935923018588126e-03 1.996485205721897950e-03 9.999681769239860962e-01 5.632978965323114373e-01
9.999595441632878057e-01 3.330654505310090812e-03 8.355643441169331373e-03 2.222335429844791987e-01 -3.318672712821049958e-03 9.999934456551912154e-01 -1.447431547013513804e-03 -2.646642150389362680e+00 -8.360409569804308841e-03 1.419643344072925046e-03 9.999640434358630925e-01 5.702819134840767523e-01
9.999580330034257836e-01 3.429184410126760729e-03 8.495465037355140470e-03 2.285968988473158214e-01 -3.419092981373579067e-03 9.999934323581542994e-01 -1.202099722226437168e-03 -2.711517784457829539e+00 -8.499531463810338500e-03 1.173002488828786940e-03 9.999631903375528763e-01 5.771328097917548527e-01
9.999565265640470990e-01 3.401317784614265975e-03 8.681936379298592008e-03 2.212534139729538385e-01 -3.392048921564889442e-03 9.999936615062192669e-01 -1.082105123655811157e-03 -2.818435551004503381e+00 -8.685561932300760526e-03 1.052608527895528955e-03 9.999617257821457050e-01 5.938690797747800953e-01
9.999580804705542336e-01 3.537090373955034586e-03 8.445489525841795922e-03 2.383227228723782953e-01 -3.524322093906382975e-03 9.999926248296301390e-01 -1.526250348056305177e-03 -2.910078065886781751e+00 -8.450825724332042613e-03 1.496421743030118936e-03 9.999631714551011630e-01 6.215108462666637523e-01
9.999576884908132346e-01 4.772498525728014959e-03 7.864126520582657640e-03 2.343317796540562714e-01 -4.760950788169885164e-03 9.999875617940323647e-01 -1.486473954978006703e-03 -2.895586990200303301e+00 -7.871122899715905438e-03 1.448970340665169197e-03 9.999679724417425142e-01 6.236590364774765582e-01
9.999604335778420339e-01 5.315135436363531592e-03 7.133064846703299211e-03 2.394705469399727726e-01 -5.302928174683650513e-03 9.999844443125299742e-01 -1.729186437258638546e-03 -2.942220765497399970e+00 -7.142144747084593417e-03 1.691291888990643618e-03 9.999730642873126962e-01 6.175700458558343042e-01
9.999591631989769303e-01 6.607939128904898214e-03 6.164987824031539429e-03 2.359189757336213056e-01 -6.595173706991541880e-03 9.999760702855746697e-01 -2.088669431471073742e-03 -2.922914615164860841e+00 -6.178642098097040722e-03 2.047924971292121830e-03 9.999788149681649863e-01 5.781424377694784900e-01
9.999601489229078544e-01 7.402628869575747853e-03 4.990155498110547191e-03 2.426148217897460824e-01 -7.392224055532204893e-03 9.999704714501017611e-01 -2.100297925040057242e-03 -2.973524226805093207e+00 -5.005555872109532234e-03 2.063325878391550437e-03 9.999853434409580188e-01 5.469434374754946759e-01
9.999543252160584261e-01 7.706184235310965629e-03 5.653512733577898373e-03 2.426510357891753233e-01 -7.697199407265869521e-03 9.999690811788267686e-01 -1.609287935028797271e-03 -3.022050552618009256e+00 -5.665739402943682258e-03 1.565698216288199289e-03 9.999827238438239174e-01 5.419509941403893860e-01
9.999429720846380043e-01 8.582648007397079490e-03 6.355370305660568847e-03 2.277313024932803853e-01 -8.574595240038682467e-03 9.999624012079320057e-01 -1.293246664929171902e-03 -3.051356594043660220e+00 -6.366230832325759162e-03 1.238678185796221942e-03 9.999789681695018251e-01 5.616922495841165652e-01
9.999353980432088562e-01 8.605440051529177417e-03 7.426044821376827365e-03 2.377329152969570314e-01 -8.602119984511489778e-03 9.999628864001165462e-01 -4.789093020433351318e-04 -3.129253632319080936e+00 -7.429890439409463435e-03 4.149986350014539527e-04 9.999723118687793288e-01 5.544356263201812851e-01
9.999328735981155569e-01 8.877720617896841734e-03 7.445426411264536963e-03 2.464794722543843519e-01 -8.884178143488128884e-03 9.999601865439504689e-01 8.346889855837342966e-04 -3.190863959649344217e+00 -7.437719847490494203e-03 -9.007794505073451769e-04 9.999719340660775391e-01 5.192963674704400567e-01
9.999286932290587515e-01 9.240883398668514950e-03 7.564028770373852802e-03 2.509008384244809653e-01 -9.252256914042857397e-03 9.999561164255595935e-01 1.470022145864217054e-03 -3.257842462968396635e+00 -7.550112530510847374e-03 -1.539901660820494015e-03 9.999703118111314959e-01 4.978617140294553378e-01
9.999315884461013049e-01 8.916785353862760263e-03 7.570295014721890696e-03 2.709961694459994686e-01 -8.922852080135575473e-03 9.999598956477783185e-01 7.679888281782474907e-04 -3.392284472039052368e+00 -7.563143421409168447e-03 -8.354849114884861953e-04 9.999710499942234820e-01 5.100934159234900012e-01
9.999294679453941681e-01 9.259710431627300731e-03 7.437533002500702414e-03 2.514356775206442185e-01 -9.262381603022940696e-03 9.999570504795212145e-01 3.247819824977661476e-04 -3.458827399088268084e+00 -7.434206176913361191e-03 -3.936483438114801226e-04 9.999722884257845612e-01 5.277977669311912923e-01
9.999282175720136667e-01 9.503620026512699104e-03 7.296636872383982335e-03 2.754357867422781436e-01 -9.504652190151053476e-03 9.999548240705417035e-01 1.067932403000581643e-04 -3.524471953202521046e+00 -7.295292317654141802e-03 -1.761375700518182335e-04 9.999733734882926273e-01 5.415346295918782582e-01
9.999284911026249389e-01 9.621254943858599876e-03 7.102403433553197871e-03 2.783780409631181341e-01 -9.622337955110962446e-03 9.999536972333078477e-01 1.183288454162037952e-04 -3.608838467220230939e+00 -7.100936100635098745e-03 -1.866621099821297769e-04 9.999747706136147274e-01 5.497708758648250926e-01
9.999214803762851433e-01 9.980847456776145710e-03 7.577319192358407743e-03 2.785312207296542497e-01 -9.980038534963864977e-03 9.999501877259022731e-01 -1.445606217254983531e-04 -3.677428540969591264e+00 -7.578384586371571599e-03 6.892733334841832601e-05 9.999712812556587060e-01 5.743060913555432245e-01
9.999229700114184993e-01 9.990425461821867900e-03 7.365150550782051039e-03 2.890723677829414862e-01 -9.986002952144324221e-03 9.999499357376424591e-01 -6.369955450591999321e-04 -3.764078008156024335e+00 -7.371145676465001156e-03 5.633980621565405503e-04 9.999726740236654088e-01 5.941599132159861574e-01
9.999167588368218507e-01 1.050735914932127493e-02 7.488043868214172213e-03 2.864719315879697414e-01 -1.050344208455181866e-02 9.999446792627697533e-01 -5.622441221716866595e-04 -3.813417547675035379e+00 -7.493537325028222854e-03 4.835470852205960663e-04 9.999718061428406468e-01 6.097140711262035717e-01
9.999165355470025496e-01 1.063885841047650799e-02 7.330527361788007415e-03 2.897088491945480904e-01 -1.063973509533729794e-02 9.999433931677996767e-01 8.060501444195180339e-05 -3.887888217021549853e+00 -7.329254858519875307e-03 -1.585931560270587362e-04 9.999731280746646522e-01 6.113977537926786887e-01
9.999142384546337858e-01 1.070130950085737553e-02 7.549682818274092849e-03 3.011784226490628047e-01 -1.070371578852466476e-02 9.999426748398925202e-01 2.783924558413662003e-04 -3.967014385379363350e+00 -7.546270867665112389e-03 -3.591782396544487745e-04 9.999714619862828391e-01 6.140354036124655579e-01
9.999111199706216535e-01 1.086798510183473003e-02 7.722632900982141432e-03 3.143666065920011077e-01 -1.087508525523745752e-02 9.999404790496319029e-01 8.779969726042940060e-04 -4.027312043884430537e+00 -7.712631184514812457e-03 -9.619032274006573957e-04 9.999697945750125605e-01 6.130845829527743485e-01
9.999120584901487474e-01 1.098359598204284859e-02 7.432086200832166076e-03 3.152360395838410545e-01 -1.099229492001612199e-02 9.999389437097514488e-01 1.130621518435872414e-03 -4.116067620268391458e+00 -7.419214135252831868e-03 -1.212217773263000314e-03 9.999717424955995027e-01 6.102970508701093255e-01
9.999156963754217697e-01 1.076808957392496290e-02 7.255920960375900237e-03 3.293503855548436943e-01 -1.077635598349525360e-02 9.999413271099963918e-01 1.101130880544223768e-03 -4.208864734711282196e+00 -7.243638158569202200e-03 -1.179230438476974426e-03 9.999730691982663400e-01 6.207062680302259938e-01
9.999139281866945561e-01 1.062653680436641442e-02 7.694994074027176889e-03 3.336906861138424496e-01 -1.063300927275518011e-02 9.999431473773495727e-01 8.007039937279382012e-04 -4.303510553260646354e+00 -7.686047882974035572e-03 -8.824560190262043273e-04 9.999700725218305664e-01 6.385803955203019910e-01
9.999046674479726837e-01 1.065084681543724404e-02 8.787233800987729465e-03 3.395046705435664225e-01 -1.065389363610371246e-02 9.999432006638648840e-01 2.999941603020116155e-04 -4.359171703792689812e+00 -8.783539500094465768e-03 -3.935838153644153920e-04 9.999613465157694003e-01 6.578912123431538417e-01
9.999018595391340192e-01 1.053055241194801421e-02 9.240062558287616065e-03 3.389562162583744653e-01 -1.053493904683495443e-02 9.999444151636359690e-01 4.261951822825155059e-04 -4.455328483728444589e+00 -9.235060880217573973e-03 -5.234968511314093062e-04 9.999572188856808985e-01 6.696537307225631785e-01
9.999014085285466980e-01 1.040284098122042436e-02 9.431549297324487088e-03 3.408973121464871081e-01 -1.040765350237355530e-02 9.999457324942636616e-01 4.613188539247709040e-04 -4.548401152120604252e+00 -9.426238443989874358e-03 -5.594336688972612786e-04 9.999554155374964504e-01 6.754567205381180051e-01
9.999062424149183226e-01 9.717236210265907739e-03 9.647885784593874386e-03 3.667692945172248420e-01 -9.723528777163854483e-03 9.999525420353748695e-01 6.055287867294319604e-04 -4.680255422139840249e+00 -9.641543849318836429e-03 -6.992835088779792308e-04 9.999532747257623422e-01 6.859896069992796885e-01
9.999182847184251433e-01 8.322652119955822880e-03 9.703470897194237804e-03 3.585527727900504891e-01 -8.333387277328845044e-03 9.999647080863603987e-01 1.066413731198642212e-03 -4.874941305081546439e+00 -9.694253052636620654e-03 -1.147189369820931322e-03 9.999523515719642708e-01 7.029033064011677157e-01
9.999168969583596134e-01 7.705521040801795001e-03 1.033557558411546395e-02 3.679955255190995866e-01 -7.718195339631897002e-03 9.999695098375631641e-01 1.186952367553970348e-03 -4.994058669436683751e+00 -1.032611436429441143e-02 -1.266625719507677569e-03 9.999458820463346109e-01 7.186945957255350681e-01
9.999249461277500695e-01 6.618480896827654177e-03 1.031008351248791435e-02 3.882202023676861180e-01 -6.630525487841511072e-03 9.999773742755105888e-01 1.134490551127558455e-03 -5.135871088055108835e+00 -1.030234163533862851e-02 -1.202766674729990925e-03 9.999462061076860309e-01 7.268597538203784847e-01
9.999305566411902380e-01 5.624180640320691760e-03 1.035618111876028015e-02 4.303564274620598762e-01 -5.633080217166897691e-03 9.999837893065253169e-01 8.303802922401397769e-04 -5.292679874124995187e+00 -1.035134302911887468e-02 -8.886598268290429262e-04 9.999460285341432719e-01 7.389458759500323604e-01
9.999359561892540160e-01 5.139406475043098617e-03 1.008315530806429793e-02 4.334567626037261201e-01 -5.146207386839739793e-03 9.999865478091594095e-01 6.486526431043901581e-04 -5.397591186132651764e+00 -1.007968597794079400e-02 -7.005011092462881976e-04 9.999489533115087925e-01 7.502654106552411051e-01
9.999366974506012085e-01 4.110194380741894783e-03 1.047412973651797030e-02 4.674507886281329405e-01 -4.123599460825193470e-03 9.999907059428824185e-01 1.258552876246008499e-03 -5.537202305942957814e+00 -1.046885949239812971e-02 -1.301664322374507417e-03 9.999443527771534335e-01 7.541854201040611994e-01
9.999420309316383593e-01 3.532929494533892760e-03 1.017119390715786470e-02 4.627365115958132491e-01 -3.553742617752408614e-03 9.999916271319342354e-01 2.028935541951326204e-03 -5.645331207646919758e+00 -1.016394065887454151e-02 -2.064963731709483757e-03 9.999462136710501881e-01 7.457094072947256791e-01
9.999485504427573224e-01 2.306189763036546429e-03 9.878155506231034097e-03 4.606614397402997163e-01 -2.332367146025042005e-03 9.999937969872613186e-01 2.639327659858900065e-03 -5.783637689132523185e+00 -9.872007441476130310e-03 -2.662231352985441803e-03 9.999477266303967715e-01 7.379962166554592251e-01
9.999486809422301059e-01 1.678999286873545781e-03 9.990817948932591286e-03 4.947266738535129882e-01 -1.704840453564302437e-03 9.999952223205734736e-01 2.578537386734613621e-03 -5.884978160596014085e+00 -9.986440853573717857e-03 -2.595437809229038731e-03 9.999467659338953096e-01 7.487565660003498991e-01
9.999514546201303533e-01 7.171459888095676246e-04 9.827212459090689176e-03 5.220482190327245808e-01 -7.424644021331845787e-04 9.999964143270302364e-01 2.572951552988285776e-03 -6.006196617953369454e+00 -9.825332040034979661e-03 -2.580123003500834310e-03 9.999484015765962575e-01 7.567357985216603966e-01
9.999511196207528929e-01 -2.685195286775848324e-04 9.883636297716172359e-03 5.389537234461452275e-01 2.432518811061701953e-04 9.999966996817690745e-01 2.557626652202998549e-03 -6.132972889349345813e+00 -9.884290451274292677e-03 -2.555097421320677228e-03 9.999478847817232507e-01 7.698290278148191002e-01
9.999466121269908747e-01 -1.067866243240862129e-03 1.027777006162980400e-02 5.666892947704547101e-01 1.039177416901727186e-03 9.999955504457826994e-01 2.796283056540654639e-03 -6.224375117902243737e+00 -1.028071038641730633e-02 -2.785453342391780527e-03 9.999432725128101218e-01 7.761554483286853268e-01
9.999424540212823453e-01 -2.009942391689997949e-03 1.053796837524716146e-02 5.815238326670414404e-01 1.978262901345213473e-03 9.999934957339874364e-01 3.015786068808730316e-03 -6.346062906752430344e+00 -1.054396138976158512e-02 -2.994765650555496986e-03 9.999399263240315028e-01 7.705799772216346266e-01
9.999410253557502459e-01 -2.306291209299125150e-03 1.061257892072806248e-02 5.935376008976096518e-01 2.273600625859084796e-03 9.999926369775223867e-01 3.091396275981888112e-03 -6.406938340467597470e+00 -1.061963044012668132e-02 -3.067085195910130777e-03 9.999389063526411547e-01 7.682137137606415145e-01
9.999385180619743130e-01 -3.377448305472275855e-03 1.056186247622257351e-02 6.041742427821233941e-01 3.348270920274589585e-03 9.999905331141198950e-01 2.778986142955670955e-03 -6.537566496147229067e+00 -1.057114837031528781e-02 -2.743451308508779770e-03 9.999403603700826038e-01 7.848965317426099819e-01
9.999354511935296674e-01 -3.922678081998846704e-03 1.066330357146286559e-02 6.148706084474813149e-01 3.897292215715305978e-03 9.999895245088850082e-01 2.400413689209538078e-03 -6.628426689423140949e+00 -1.067260791828743977e-02 -2.358700735367993094e-03 9.999402642013489606e-01 8.020957359624162342e-01
9.999333656589544095e-01 -4.377351427726007202e-03 1.068190228535554655e-02 6.206522135937848628e-01 4.355343687988138049e-03 9.999883466525587572e-01 2.082676268999823169e-03 -6.718552854139897335e+00 -1.069089441137647915e-02 -2.036014135544798095e-03 9.999407779579372324e-01 8.165951738108139235e-01
9.999263889673115635e-01 -5.337463568999053359e-03 1.089624382264156414e-02 6.360659349777569860e-01 5.315022032910723601e-03 9.999836963378785359e-01 2.087486340848586277e-03 -6.829707244647339692e+00 -1.090720805625894872e-02 -2.029418902830006349e-03 9.999384552417884819e-01 8.237977007503551885e-01
9.999155730721255297e-01 -5.831148605433536178e-03 1.161225360488843047e-02 6.307659928351314615e-01 5.806896125764566055e-03 9.999808901621817236e-01 2.121147763672781138e-03 -6.894491590538765813e+00 -1.162440042442939442e-02 -2.053537531213904272e-03 9.999303257219377405e-01 8.356985232214371173e-01
9.999063386287545541e-01 -7.010831557305838117e-03 1.175424225178237948e-02 6.673788164034284431e-01 6.988711294383712601e-03 9.999737317305857909e-01 1.921916556518599942e-03 -7.017086159674817303e+00 -1.176740772142509904e-02 -1.839589541596543202e-03 9.999290694973499427e-01 8.405353792452170403e-01
9.999002391102060905e-01 -7.841861456019449950e-03 1.174806521335755062e-02 6.792868626978061375e-01 7.817967644055491550e-03 9.999672792877797312e-01 2.078397390301545914e-03 -7.118839931186706771e+00 -1.176397931268185516e-02 -1.986344053810260631e-03 9.999288290813654889e-01 8.456537880216355996e-01
9.998938179353029643e-01 -9.067509135000945825e-03 1.140759101869328815e-02 6.954754388554257316e-01 9.048511366902239894e-03 9.999575892085912354e-01 1.715874758086957186e-03 -7.247142887628403862e+00 -1.142266592377358739e-02 -1.612470845960763859e-03 9.999334591066371125e-01 8.479973672650064076e-01
9.998866111854699534e-01 -1.010627670075492195e-02 1.116368860567639593e-02 6.970379204404231199e-01 1.008556006666145276e-02 9.999473144244900302e-01 1.910458947969294720e-03 -7.356062256674202438e+00 -1.118240806707100285e-02 -1.797650271295923039e-03 9.999358590446307815e-01 8.505099055583114076e-01
9.998859014393907119e-01 -1.026833662378728342e-02 1.107905075887249957e-02 6.921841907558882179e-01 1.024639481854827845e-02 9.999454327281234178e-01 2.035426095047647172e-03 -7.411648519644439048e+00 -1.109934664561439480e-02 -1.921673527569830965e-03 9.999365538247383389e-01 8.629296684663637640e-01
9.998802854867639978e-01 -1.087704672009427373e-02 1.100475122645449590e-02 6.993527989001759870e-01 1.085786599758100865e-02 9.999394293812579049e-01 1.801198118715663767e-03 -7.491508304700504439e+00 -1.102367637795302439e-02 -1.681494375006081917e-03 9.999378236349403259e-01 8.670594396228731293e-01
9.998756071905227083e-01 -1.155338897812574483e-02 1.073728776291205632e-02 7.098151423932788084e-01 1.153820436537753361e-02 9.999323447178996016e-01 1.475068468381820260e-03 -7.573372144990290877e+00 -1.075360336846404620e-02 -1.350995959932520425e-03 9.999412656873952754e-01 8.753169513643600519e-01
9.998739616314439305e-01 -1.182314324546870389e-02 1.059594900133249695e-02 6.980340340306879776e-01 1.180450448147603131e-02 9.999286683345676163e-01 1.819867194373967411e-03 -7.623328808099144815e+00 -1.061670972517020708e-02 -1.694557893810078866e-03 9.999422053039646041e-01 8.821828342166402326e-01
9.998782087336488544e-01 -1.170045902319106872e-02 1.032796970543562592e-02 7.026436809271220385e-01 1.168520918806432822e-02 9.999305463901584368e-01 1.535669922329758064e-03 -7.668192862811512356e+00 -1.034522043365661628e-02 -1.414798404649213540e-03 9.999454858939327284e-01 8.980553156204672538e-01
9.998776368987289942e-01 -1.172033478435248119e-02 1.036074236510338246e-02 7.140903387798139823e-01 1.171170739616479717e-02 9.999310168665529464e-01 8.929826919105627626e-04 -7.707507898307468075e+00 -1.037049370473602274e-02 -7.715314407918600400e-04 9.999459273378515922e-01 9.085548808560234280e-01
9.998800329142081278e-01 -1.153961971606985021e-02 1.033232579289258823e-02 7.204480571681564083e-01 1.153722121726249300e-02 9.999334014976435370e-01 2.917120776571209290e-04 -7.741932503360614781e+00 -1.033500392191167086e-02 -1.724707534478452727e-04 9.999465775469074114e-01 9.252473990795695435e-01
9.998818503278722458e-01 -1.154224073193770191e-02 1.015194876841465921e-02 6.957255040683438807e-01 1.154056445763411952e-02 9.999333804491928879e-01 2.236860497777155995e-04 -7.781871185130694535e+00 -1.015385428838280063e-02 -1.065004022117861074e-04 9.999484426212956745e-01 9.411808014236489051e-01
9.998913408941144665e-01 -1.116746717257101167e-02 9.622581873871461147e-03 6.753061322635997010e-01 1.116557122802982853e-02 9.999376316314111390e-01 2.507319605406108857e-04 -7.810657268427300792e+00 -9.624781770076825879e-03 -1.432630929197010951e-04 9.999536704525687769e-01 9.517418573672652427e-01
9.998970307790834289e-01 -1.081054836807928375e-02 9.437154399184020589e-03 6.925320004612185443e-01 1.080577085135017885e-02 9.999414607705113811e-01 5.570892602655480239e-04 -7.840980892480002851e+00 -9.442624395830366904e-03 -4.550561692920437776e-04 9.999553138857766310e-01 9.618688875625932555e-01
9.998983456653791624e-01 -1.081851777434908457e-02 9.287518980006279068e-03 6.647108444100759961e-01 1.081482283060549929e-02 9.999414177483784139e-01 4.479715455761769253e-04 -7.881356594561701456e+00 -9.291821284360669148e-03 -3.474831350221284539e-04 9.999567697219167162e-01 9.684992540661342408e-01
9.998999234574337258e-01 -1.037179270261937535e-02 9.621277771281322791e-03 6.518552010313990452e-01 1.037182107942885047e-02 9.999462101150057292e-01 4.694819735499469710e-05 -7.895905340297675323e+00 -9.621247180827236303e-03 5.284667265749216117e-05 9.999537133337296213e-01 9.679517417178699068e-01
9.999057012740546480e-01 -9.860873991541870345e-03 9.557809569350374582e-03 6.311570895958231731e-01 9.858677923987488670e-03 9.999513637275675437e-01 2.768555021988780823e-04 -7.903206333332459366e+00 -9.560074750341351554e-03 -1.826020288747188570e-04 9.999542847686923031e-01 9.704625812932059503e-01
9.999108574674288041e-01 -9.441580339114245130e-03 9.441063470362161952e-03 6.374659095278268905e-01 9.438851317055477197e-03 9.999553974119477218e-01 3.335753711635607325e-04 -7.903401770339000265e+00 -9.443791853163407968e-03 -2.444328410385396408e-04 9.999553765283830664e-01 9.716245712735142037e-01
9.999162802609348200e-01 -8.824752800912374559e-03 9.463414137526346068e-03 6.169963573409374957e-01 8.826293685095477556e-03 9.999610401816739769e-01 -1.210725778369486276e-04 -7.919808176370753294e+00 -9.461977009060424174e-03 2.045893141138162318e-04 9.999552135642338913e-01 9.795473958235779710e-01
9.999172045730193581e-01 -8.020783527386887712e-03 1.006235710384420848e-02 6.086261027733017581e-01 8.024645897473127454e-03 9.999677430034143999e-01 -3.435271133766317517e-04 -7.905137522536787920e+00 -1.005927716581328513e-02 4.242455235548732982e-04 9.999493141947931596e-01 9.958789514442940582e-01
9.999273848318824820e-01 -7.304599552817749204e-03 9.584773792078799676e-03 5.988097974894159847e-01 7.321978343021747111e-03 9.999716109061767000e-01 -1.779329887973692690e-03 -7.907843531482323662e+00 -9.571504396732332526e-03 1.849380187763104188e-03 9.999524819192682212e-01 1.006886907133205167e+00
9.999198410046581387e-01 -6.462993595420762384e-03 1.088766637092826797e-02 5.791450546749442596e-01 6.499359892788635247e-03 9.999734071365873334e-01 -3.308072041093564758e-03 -7.870720319812047450e+00 -1.086599678828880505e-02 3.378569731499507338e-03 9.999352555942641052e-01 1.082819901156186315e+00
9.999165599022112882e-01 -5.939008879628285102e-03 1.147176563808762970e-02 5.789045198404454418e-01 5.981287046283580329e-03 9.999754336635009455e-01 -3.654623751261393012e-03 -7.882903522156309961e+00 -1.144977897592228469e-02 3.722934732307301830e-03 9.999275185324091320e-01 1.139408106300041856e+00
9.999261452411728479e-01 -5.462822920418117581e-03 1.085640957541440105e-02 5.975476582285387250e-01 5.503586782565399182e-03 9.999779041733892759e-01 -3.728498025027818588e-03 -7.882762962314735056e+00 -1.083580156960095228e-02 3.787971849950759300e-03 9.999341161664643263e-01 1.143374993585726695e+00
9.999312026163431621e-01 -4.929538508642574909e-03 1.064376269584418021e-02 5.714636411976530272e-01 4.971134766944731997e-03 9.999800966048741913e-01 -3.885127183947610554e-03 -7.899781178796676073e+00 -1.062439896476537367e-02 3.937771476150601219e-03 9.999358059907841323e-01 1.144579515182116980e+00
9.999302360743762552e-01 -4.761563581431501810e-03 1.080974081567525474e-02 5.732824368484156219e-01 4.812028503127428053e-03 9.999776233902247791e-01 -4.647268070911462871e-03 -7.906375111123690402e+00 -1.078737066792364793e-02 4.698960640163858844e-03 9.999307738053544448e-01 1.151594429831760857e+00
9.999301388923931277e-01 -4.660071079900337220e-03 1.086282984169681387e-02 5.698266587757334634e-01 4.718525085014218211e-03 9.999744935262460110e-01 -5.361699166297919164e-03 -7.914258197408932105e+00 -1.083756686998857063e-02 5.412581127157794353e-03 9.999266228628380659e-01 1.178256995232765725e+00
9.999232975720647731e-01 -5.273612653284031476e-03 1.120660440058260029e-02 5.824351471323662155e-01 5.348969161731576341e-03 9.999632151135239289e-01 -6.704994312528062168e-03 -7.984742042548911733e+00 -1.117083262406519742e-02 6.764423804531440911e-03 9.999147238985321984e-01 1.212719851035162888e+00
9.999048283273144211e-01 -5.300580861798212702e-03 1.273727326594953878e-02 5.879962466008946675e-01 5.399015679489790019e-03 9.999557317836967885e-01 -7.706173020643699613e-03 -8.008086095702257268e+00 -1.269586221635055946e-02 7.774208349344128612e-03 9.998891822432746102e-01 1.255382726678451855e+00
9.998881190778426964e-01 -5.271645073759013804e-03 1.399853868052955766e-02 6.081786189676108290e-01 5.368008541903717713e-03 9.999620946737836080e-01 -6.855195103941754201e-03 -8.033307537946717147e+00 -1.396186990585496918e-02 6.929572413603209136e-03 9.998785162282949335e-01 1.249406524263704910e+00
9.998881524881663152e-01 -5.305874599126118862e-03 1.398321166756010328e-02 5.553269688892220612e-01 5.388913423203795308e-03 9.999680300620676920e-01 -5.907492353352087472e-03 -8.044119769005190435e+00 -1.395142021152881440e-02 5.982185932086003105e-03 9.998847790248410750e-01 1.224608972107851690e+00
9.999215691256904126e-01 -4.731488807632315031e-03 1.159606014473594897e-02 5.588406264882219698e-01 4.785694558606519607e-03 9.999777314155884334e-01 -4.651214951500969898e-03 -8.034332314229709837e+00 -1.157379474540685439e-02 4.706345354581658973e-03 9.999219457480641449e-01 1.184830552162102091e+00
9.999375535134891191e-01 -4.988107621702957649e-03 1.000039278290571626e-02 5.475899643341954892e-01 5.039517894491645118e-03 9.999741826556637347e-01 -5.122234036855455135e-03 -8.063534944407898308e+00 -9.974584344682357190e-03 5.172311329718165714e-03 9.999368754389745817e-01 1.183075050082532664e+00
9.999325766847617647e-01 -5.629500414700956690e-03 1.015631870580922282e-02 5.553463325339377255e-01 5.690223642981969213e-03 9.999660498660478680e-01 -5.959905216158208237e-03 -8.136771700574414012e+00 -1.012242260854275856e-02 6.017295104415484701e-03 9.999306619561980636e-01 1.221446896470720356e+00
9.999226891561312502e-01 -5.655685996309578814e-03 1.107379459273300643e-02 5.583256909659097822e-01 5.715418190194679338e-03 9.999692490586520321e-01 -5.369816755417391313e-03 -8.153825006143192056e+00 -1.104308406569862178e-02 5.432692977402394513e-03 9.999242652027858780e-01 1.254722959549610550e+00
9.999127042847976155e-01 -5.740745562677207134e-03 1.190074158393251286e-02 5.258521635588939702e-01 5.799419016646012795e-03 9.999711701045657097e-01 -4.901601654054294453e-03 -8.150204030062425886e+00 -1.187225963885153376e-02 4.970191152286315174e-03 9.999171698950756193e-01 1.243541627383477399e+00
9.999128880025344168e-01 -5.330218202044225383e-03 1.207498158796035601e-02 5.484100424171456378e-01 5.387866340129120017e-03 9.999742195784528942e-01 -4.746690927898689766e-03 -8.158809145782427663e+00 -1.204936939146148203e-02 4.811335821026059556e-03 9.999158283300076944e-01 1.227680451158864594e+00
9.999143780347484745e-01 -6.116087692817444126e-03 1.156849474719233960e-02 5.430920584562966003e-01 6.170972878365313906e-03 9.999698451949456945e-01 -4.714636203454188740e-03 -8.215304999363848282e+00 -1.153931077302840745e-02 4.785621394365438194e-03 9.999219680228819129e-01 1.207048304200645683e+00
9.999185181876292239e-01 -6.341157471832619026e-03 1.107911130791611708e-02 5.633965584190752107e-01 6.388436548389014695e-03 9.999706164032263755e-01 -4.237240684539884603e-03 -8.242504838490450680e+00 -1.105191675335011163e-02 4.307673626092618432e-03 9.999296470672364157e-01 1.216407146145447316e+00
9.999177717156590983e-01 -6.578953186681626118e-03 1.100759656594479594e-02 5.361696539876917855e-01 6.621199514754707964e-03 9.999708370206378261e-01 -3.805893486533094491e-03 -8.280549933011039698e+00 -1.098223675655191772e-02 3.878464027482361742e-03 9.999321716959658213e-01 1.206210841493249086e+00
9.999202201999795037e-01 -6.617595100546988691e-03 1.075921327559716326e-02 5.497588091954422884e-01 6.653684841614263511e-03 9.999723460741098968e-01 -3.321982099449431562e-03 -8.288885621303638374e+00 -1.073693220864518211e-02 3.393305486661401388e-03 9.999365998725224802e-01 1.212935357606277353e+00
9.999193731763718063e-01 -6.731214645367009954e-03 1.076744612105213876e-02 5.646756167207040988e-01 6.763150772302268902e-03 9.999728302428129156e-01 -2.932331463124512091e-03 -8.311534785796972358e+00 -1.074741541966584869e-02 3.004916900102131989e-03 9.999377298293232741e-01 1.205204728527202285e+00
9.999157493706440913e-01 -7.093802665132138349e-03 1.087070026683368065e-02 5.600513551200541063e-01 7.120581279266652297e-03 9.999717039361747384e-01 -2.426653916106561240e-03 -8.348806873458554989e+00 -1.085317846478767514e-02 2.503855173799435056e-03 9.999379676892362623e-01 1.210189053135155790e+00
9.999046919070044837e-01 -7.643838181227829640e-03 1.149690568012428152e-02 5.671220255770357266e-01 7.671783922250713025e-03 9.999677186807981455e-01 -2.388582795378662443e-03 -8.378299116344583908e+00 -1.147827660447185011e-02 2.476556920259883471e-03 9.999310555393366995e-01 1.218888027785788308e+00
9.998941181766591857e-01 -7.738821618768865901e-03 1.232327374012438109e-02 5.526131333765177400e-01 7.773880830019492746e-03 9.999658639178753416e-01 -2.799602796447118319e-03 -8.391421973137452639e+00 -1.230118744519483401e-02 2.895106030889835549e-03 9.999201463859541672e-01 1.202558153828018339e+00
9.998817827582401341e-01 -8.329326148364107202e-03 1.292450517883430433e-02 5.585068325127042765e-01 8.358771087713212644e-03 9.999625875001825204e-01 -2.225880913934783715e-03 -8.440525788586523248e+00 -1.290548155268708003e-02 2.333650756644491901e-03 9.999139976118142092e-01 1.189712030819886301e+00
9.998793091299538194e-01 -8.609881535534401331e-03 1.293201893558143176e-02 5.469796397749076000e-01 8.633330700853366485e-03 9.999611858274671805e-01 -1.758533347806984009e-03 -8.429385958247195276e+00 -1.291637622616636366e-02 1.869967504987804117e-03 9.999148315965287193e-01 1.172521143882605310e+00
9.998883088913252948e-01 -8.175847664365043857e-03 1.251100545179415283e-02 5.505004488661132678e-01 8.197483065768019703e-03 9.999649904930101307e-01 -1.679005568969712398e-03 -8.431599650281214053e+00 -1.249684015390182049e-02 1.781376794303056801e-03 9.999203246673629142e-01 1.166352792961853346e+00
9.998945149405751298e-01 -8.531902358266929207e-03 1.175438785734478353e-02 5.547085282648259730e-01 8.549572639309012054e-03 9.999623948376052951e-01 -1.453863241990019936e-03 -8.455040235928267478e+00 -1.174154161245762398e-02 1.554204873956524123e-03 9.999298578639267410e-01 1.168238059661050210e+00
9.999032627947751495e-01 -8.389927119942287154e-03 1.109388008249936712e-02 5.263014324562004242e-01 8.404194645315724715e-03 9.999639152084901506e-01 -1.240077929442474393e-03 -8.468594899156224542e+00 -1.108307559869848267e-02 1.333193095354435163e-03 9.999376920745832731e-01 1.176261808722310009e+00
9.999067250860248501e-01 -8.234886386713408113e-03 1.089622750949050499e-02 5.163289947545683933e-01 8.242981914758397421e-03 9.999657822528124074e-01 -6.982640432079290777e-04 -8.482424288270014046e+00 -1.089010454006854138e-02 7.880163189891902040e-04 9.999403905500504619e-01 1.176392707479283484e+00
9.999086189600078223e-01 -8.748416797106965681e-03 1.030625698467024093e-02 5.159979548561138829e-01 8.755056623123595033e-03 9.999614941640551091e-01 -5.993102004316941704e-04 -8.535213919486505318e+00 -1.030061711820545040e-02 6.894872983155517525e-04 9.999467095271875605e-01 1.177021918136368139e+00
9.999041313861251057e-01 -9.039494291027546161e-03 1.048883119900146689e-02 5.182072955040364359e-01 9.048254936046993754e-03 9.999587531545679475e-01 -7.880813245747195781e-04 -8.531649203067852127e+00 -1.048127471116787855e-02 8.829113909802405917e-04 9.999446801438091059e-01 1.176384738283771991e+00
