-0.9902037704570283 0.1387835960737474 -0.015349476653083635 128.80556820843395 -0.13906304090014052 -0.9901023049904146 0.018944558803884334 13.594639569971031 -0.012568358217781022 0.020893518456854682 0.9997027044367753 -3.854225219407444
-0.9901673610843994 0.13912252004773676 -0.01461237348014485 127.6530713415954 -0.1393855098584526 -0.9900586547886925 0.0188557609102192 13.463410047209784 -0.011843845855774878 0.020707112149482246 0.9997154289205368 -3.8548606903531124
-0.9901961483657683 0.13897277898661467 -0.014076734789518014 126.5423880833541 -0.13922020439854546 -0.9900894000320801 0.018458456905789282 13.326293014431698 -0.011372002850162394 0.020237258827548878 0.9997305291458906 -3.8664540312306204
-0.9901251741156952 0.13949650746801662 -0.01388754789692563 125.3920626379525 -0.1397469765404211 -0.9900033881622089 0.01908072260573864 13.204376376831643 -0.01108702530775476 0.020833046622415904 0.9997214922358392 -3.869913171046396
-0.9901361131441414 0.13944513677173032 -0.013620986694254612 124.30529076636925 -0.13968836052426237 -0.9900146757910245 0.018923626830921296 13.046386454917524 -0.010846168994411334 0.02063965961700182 0.999728145582107 -3.8950178618160134
-0.9901189221046284 0.1395802840584279 -0.013485710679733986 123.1739248181375 -0.13981926221256624 -0.9899987510591596 0.018789540059236994 12.91599920019097 -0.010728187391286306 0.020489441267946003 0.9997325086200932 -3.902544274777534
-0.9900935499089919 0.1397679037392966 -0.01340505549905576 122.06408418333575 -0.14000851513780854 -0.9899660451933158 0.019100917601293694 12.776168909996136 -0.01060085456536729 0.02078851723014673 0.999727692641279 -3.912401582230602
-0.9900534850352315 0.14009032665645782 -0.012992195614278841 120.94749580072914 -0.14032458081762292 -0.989916986018678 0.019322857191809793 12.626362111167715 -0.010154249748315277 0.02095378650706361 0.9997288782680359 -3.9326972960800086
-0.9900479321734371 0.14015036269188486 -0.012765885650197668 119.84549094491814 -0.1403811921928058 -0.9899063481327407 0.019456176526424673 12.4863757226337 -0.009910241047891575 0.021054637584959898 0.9997292080151197 -3.946176231566783
-0.9900111742745755 0.14042833902442095 -0.012560111875222574 118.75984386103983 -0.14065676566365887 -0.989863216986908 0.019659245391627958 12.341047566069262 -0.009672077569703464 0.021229537328260155 0.9997278417951125 -3.9646987281279076
-0.9900021972233733 0.14051302750711372 -0.01231822201769526 117.65833250144196 -0.14073601785598627 -0.9898525658032964 0.019628327760399716 12.1983390918575 -0.009435187911834625 0.021165705124452622 0.9997314590206974 -3.991630945942386
-0.989949145322341 0.14087411941874417 -0.012456811532617339 116.56218944027073 -0.1411032671992666 -0.9897934130314473 0.019971667563087207 12.059109503527111 -0.009516178921085004 0.021528632040877918 0.999722941789969 -4.002513243551386
-0.9899372742200957 0.1409602745253392 -0.012425542862495736 115.47163372770342 -0.1411934114531732 -0.9897704513515072 0.02046641623851716 11.914782553471577 -0.00941348351576866 0.022014873090124988 0.9997133247541137 -4.025112217770316
-0.9899414884946683 0.14094463904688528 -0.012266135532579402 114.4037081801763 -0.14117788484627114 -0.9897644928443569 0.020857936975807217 11.774816564713838 -0.00920077101624576 0.022379844246485824 0.9997072013265733 -4.034494189611763
-0.989990286806811 0.1406400244093432 -0.01181590294081855 113.33576189009901 -0.14086416239525348 -0.9898070212227842 0.020960641468288122 11.638690359594781 -0.008747558565173615 0.022415268729547317 0.99971047606141 -4.0595906919708815
-0.9900084256018188 0.14055293509764757 -0.011322087830620345 112.27207052467048 -0.1407646322517577 -0.9898247600939253 0.02079092619463358 11.507003822035692 -0.008284657170651813 0.022176941638552175 0.9997197345832104 -4.091408229104901
-0.9900796138850637 0.14008862306128153 -0.010841395574231935 111.20337381853238 -0.1402880143007981 -0.9898970854447681 0.0205677726429632 11.354153117704547 -0.007850554932095789 0.021884650254179246 0.9997296788985063 -4.116582851313714
-0.990128459560456 0.13973985698048222 -0.01088144932959001 110.15247583075451 -0.13993428941604028 -0.9899622873437751 0.01982584885215809 11.22791097156458 -0.008001763184819086 0.021152825063218555 0.9997442321803008 -4.1391074029526616
-0.9901470762881667 0.13942194969891752 -0.01304941608453785 109.1175677063548 -0.1396242968280161 -0.9900729102230704 0.016145840879355194 11.086318505112008 -0.010668788744601946 0.017808772685727316 0.9997844890585924 -4.141967305499987
-0.9902964449392596 0.13832063788769242 -0.013429529962179257 108.07460643415024 -0.1385343087134763 -0.9902193349872788 0.01655034521181939 10.94967681929949 -0.011008925921380502 0.018250198675439665 0.9997728410985987 -4.151435312503859
-0.9903732577237577 0.1378259806425658 -0.012837813113870158 107.06432252596214 -0.1380228727089872 -0.9903002275366417 0.01597328864181437 10.820504672096046 -0.010511755076593673 0.01759142975403306 0.9997900002522624 -4.18133542216532
-0.9904654472916095 0.1372179825119815 -0.01222386995893264 106.03551770650164 -0.13740584353568056 -0.9903832537071058 0.016144501812504614 10.691412578386307 -0.009891000135447345 0.017670202372000197 0.9997949450084517 -4.189465262159305
-0.9905025773306915 0.1370011849180914 -0.011632696690645119 104.99967447836393 -0.13718097404198165 -0.9904103038342529 0.016395438994926067 10.56105268533179 -0.009274948094236384 0.017835509243700018 0.9997979145546699 -4.212800357044612
-0.990556386944065 0.13666414247462838 -0.010998020094255465 103.97782992343323 -0.13683114503889707 -0.9904615956933615 0.016219284938121675 10.418766907123329 -0.008676521864403867 0.01757098796977988 0.9998079707374321 -4.227030752999919
-0.9906427962587349 0.13604158454308188 -0.010933320432612852 102.99789769727514 -0.13620908986401106 -0.9905443129399357 0.01640268090187155 10.30621154651394 -0.0085984916754295 0.01773841530008757 0.9998056884032762 -4.241656383184117
-0.9905841220343762 0.13644714560026228 -0.011192570344875308 101.97759834651501 -0.1366236151464031 -0.9904788324428417 0.01690178295307182 10.190259709798532 -0.008779803967724648 0.01827180725068152 0.9997945069373418 -4.257231953426033
-0.9905488603581939 0.13665394351760266 -0.011775184252071953 100.97668485167756 -0.1368484659648859 -0.9904338861273855 0.017697869184229945 10.06247783923504 -0.009244057882761938 0.019142020052557312 0.9997740397020554 -4.267624071633216
-0.9905623979190836 0.13658233931795802 -0.011463002016462966 99.98147701339208 -0.1367739878934803 -0.9904379249262263 0.018044198611887746 9.9351380227412 -0.008888873073081246 0.019441745144542364 0.9997714771292615 -4.285055535482039
-0.990670725892072 0.1358310175044204 -0.011020324141727426 99.0052167210838 -0.13602418852471676 -0.9905186937205247 0.019238958557509005 9.808454986408796 -0.008302589756648788 0.020558503688232754 0.9997541772503046 -4.296419393196686
-0.9907130297222878 0.13553367557169405 -0.0108772939884982 98.02376231433013 -0.13572742782918906 -0.9905510190119785 0.019665809650344757 9.684470225124128 -0.00810913517939524 0.020959520995435625 0.9997474383094385 -4.319890863642303
-0.9907271248600029 0.13543739833654841 -0.010792367602104848 97.05034698833705 -0.13563184731046632 -0.990557963271439 0.019973066732201582 9.582537002231492 -0.007985365475805993 0.021251647732958158 0.9997422674904028 -4.336988643157448
-0.990724325905467 0.1354686447914376 -0.010656281599550246 96.0710636925643 -0.13566355298519248 -0.9905448793253508 0.020402020335242566 9.450800865608889 -0.0077916911252607956 0.021658446867148542 0.9997350655192161 -4.354607983696663
-0.9907444959887167 0.13535319800594084 -0.010239895391477948 95.12466846210292 -0.13553780732508733 -0.9905657335633016 0.020224496920955667 9.323910168813171 -0.007405839153758166 0.02142520197717676 0.9997430241150302 -4.376832228349167
-0.9909113915706441 0.13414276435613254 -0.010016627497525809 94.17715407050555 -0.13432147223199084 -0.9907351743063988 0.020038874456914896 9.19947497789208 -0.007235755175487437 0.021202197125878088 0.9997490238475233 -4.401385728222705
-0.9909831394595562 0.13361323355605517 -0.009996055500884634 93.23682644700013 -0.13378757461300547 -0.9908184612706091 0.019484909148158962 9.084002591565369 -0.00730083461333064 0.020646564460887144 0.9997601798381007 -4.412182817208181
-0.991153693698581 0.13233870496060676 -0.010041047605133963 92.29901552004556 -0.13250634205631773 -0.9910107795350497 0.018431065085534572 8.971123875351221 -0.007511643130048051 0.019598520726896194 0.9997797123380748 -4.444469338769043
-0.991254317796871 0.13154721489425866 -0.010497985645975748 91.37443267541302 -0.13171927361087088 -0.9911263325295419 0.017850095965116438 8.834569648473021 -0.008056699602437411 0.019076771742175463 0.999785560193491 -4.440764279756922
-0.9912946716526002 0.13123467698140093 -0.010598750433463542 90.44524763238681 -0.13141212230112234 -0.9911594376243253 0.01827083250830352 8.74073603534335 -0.0081072847167438 0.019504583200339775 0.9997768966968095 -4.453176363348224
-0.9914109026738119 0.13035877722986108 -0.010536188050378358 89.51345407575403 -0.13053794845440667 -0.9912684069358662 0.018622283000342195 8.62010525524442 -0.00801661230272222 0.019837706771842663 0.9997710734549295 -4.4588921263198396
-0.9914147921794872 0.1303126265243218 -0.010739144101671545 88.60217738294033 -0.13049793244668537 -0.9912688363836412 0.018878126012982846 8.529056835454432 -0.008185320692811276 0.020117489479414715 0.9997641157504109 -4.465949830225625
-0.9914485331552291 0.13002595663421934 -0.011093092702230446 87.70095602838765 -0.13022256390622095 -0.9912956893797931 0.01936336919885019 8.427263577980828 -0.008478794373869404 0.020642354962477003 0.9997509706059649 -4.487762086617163
-0.9914933869348809 0.12965233112374439 -0.011451493290284144 86.80584049425262 -0.1298633647245174 -0.9913270264274553 0.02015522703733312 8.31342968043526 -0.008739002621892776 0.02147090376948344 0.9997312789567485 -4.500201559017759
-0.9914508603216275 0.12997730489492348 -0.011449531857521334 85.92678736835657 -0.13018854093176274 -0.9912836770595275 0.020189487497229448 8.194582015692372 -0.008725558868234312 0.021507482595463315 0.999730610121968 -4.508126962839578
-0.9914967524981908 0.12965087333035843 -0.011173219330920895 85.02269856355298 -0.12985685156026414 -0.9913256749788284 0.020263371649996236 8.08852062744963 -0.00844913536387201 0.021541986269740843 0.9997322416223043 -4.531585260800579
-0.9915298730313897 0.12942113159874422 -0.010894107675981868 84.16924673611007 -0.12962049440233636 -0.9913582213072559 0.02018426311280233 7.994124583982991 -0.008187693035845444 0.021425399464502122 0.9997369223653474 -4.551410478893316
-0.9915457537862137 0.12931149532382494 -0.01074966630390565 83.30529839105262 -0.1295068241599539 -0.9913754945389294 0.020065176891711823 7.887801440702235 -0.008062297720358618 0.021287696089744214 0.9997408831045467 -4.559880110198119
-0.991595203107776 0.1289622153414067 -0.010377870103483629 82.45109041243579 -0.1291494880482603 -0.9914226622435588 0.02003782739635733 7.7790478749712335 -0.007704732994750605 0.02120971013782577 0.9997453602219661 -4.582722379824222
-0.9915971555439728 0.12896422452635883 -0.010164148238651886 81.61458730425949 -0.12914562535480623 -0.9914267604463567 0.019859157146228608 7.6854584746244825 -0.00751588775983271 0.021004939018180697 0.9997511210136371 -4.592670000192063
-0.9916653995250787 0.12845719521440935 -0.009923929786752645 80.77907082837882 -0.12863291422069353 -0.9914954043503101 0.019759466878076577 7.583760648976456 -0.007301285082570667 0.020871323625041918 0.9997555096553763 -4.6077875883030375
-0.9916823209151164 0.12832481380011884 -0.009945679844658422 79.95625867013696 -0.12850070987472703 -0.9915133608319575 0.019718591567542056 7.491208750692287 -0.007330889857230504 0.020832605571102725 0.9997561005560405 -4.616357280173123
-0.9916903330869521 0.12825731449914904 -0.010017212154859175 79.15305475093304 -0.1284358839270758 -0.9915185976475345 0.019876977610722074 7.399348658448741 -0.007382884379412884 0.020998376045133257 0.9997522499208026 -4.621180211148371
-0.991713085117988 0.12809094593548118 -0.009892743558566203 78.36127554486094 -0.12826734701020717 -0.9915392656042914 0.019934203166057027 7.317487388564032 -0.0072556527428620085 0.021037926092088786 0.9997523499192281 -4.642029281550261
-0.9917274161940434 0.12797927642183238 -0.009901352212220361 77.56961496036907 -0.12815690719345282 -0.9915506861595952 0.02007595365217458 7.214297706991235 -0.00724838655805138 0.021178800319653683 0.9997494282615644 -4.6553919270989335
-0.9917005508015948 0.12820112762865482 -0.009720515138334848 76.79481441029759 -0.1283741595263554 -0.9915246694914378 0.01997260513295587 7.130147439735641 -0.007077620060097175 0.02105470647234205 0.9997532728776879 -4.6737988448308085
-0.9916832829637603 0.1283404867321814 -0.009642912193198646 76.01970420162009 -0.12851250768471603 -0.9915048782402728 0.020065188619292733 7.041888752577152 -0.006985818406226005 0.021137546950598777 0.9997521705153267 -4.675643304225848
-0.9916887665511416 0.12831039015122678 -0.009478083958002084 75.25883320754573 -0.1284794599690339 -0.9915075973543679 0.020142312544342934 6.975079652982908 -0.006813124271609035 0.02119264419105231 0.9997521958814848 -4.679564664248604
-0.991674751641579 0.1284280006638388 -0.009350700620879226 74.49496419390616 -0.12859530875891448 -0.9914896517303566 0.02028588368337 6.882423995478315 -0.006665847418875973 0.02131945489699005 0.9997504925335537 -4.692346341195119
-0.9916586162465137 0.12855322324223087 -0.00934117862382336 73.74487905131994 -0.1287214734800807 -0.9914696660124739 0.020461760487058115 6.79342637182404 -0.006631069986503168 0.02149349136706282 0.999746997364677 -4.698555629610243
-0.9915697739122092 0.1292260475818133 -0.009487470161911394 73.0214600510937 -0.1293990818650165 -0.9913760207054875 0.020723493495160363 6.70545903253657 -0.006727635259210773 0.021776459687840373 0.9997402286230573 -4.692614929994613
-0.9913901535616237 0.13061646155141754 -0.009214303709261408 72.25936086056589 -0.13078409728307006 -0.991191579022406 0.020851224734336857 6.60207188670575 -0.006409627049362349 0.02187678328402995 0.9997401277503226 -4.712082597408766
-0.9913106714797939 0.13122389541491716 -0.009134652834922855 71.53447089953649 -0.13139187049601006 -0.9911037708399649 0.021201221529943397 6.513781037751174 -0.006271281993292236 0.022217216273352255 0.9997334976498605 -4.717726414284681
-0.9911678711136798 0.13230895668586096 -0.00897726309486879 70.8296072183456 -0.13247370204684153 -0.9909580132147603 0.021282253439415335 6.43564425732779 -0.0060802580521042504 0.02228353711047285 0.9997332016272472 -4.729347160992694
-0.9910365160071707 0.13330349696675164 -0.008763654306494775 70.15517568445026 -0.13346286892660253 -0.990826757682135 0.021213177013076515 6.332031797153278 -0.005855472504333485 0.02219265548650852 0.9997365650431156 -4.740598073905943
-0.9909722075408636 0.13379847854502833 -0.008488287260852335 69.45539322742202 -0.13395134897647337 -0.9907619480509386 0.021161247640246416 6.2486338749920725 -0.005578529283798483 0.02210722581746487 0.9997400414996316 -4.759785078505192
-0.9908351971144952 0.13480948228932257 -0.008486203153568161 68.79408187693 -0.1349620056729822 -0.990625113828326 0.021145705884217703 6.167915172139497 -0.00555600430208009 0.022097224656067945 0.9997403880401624 -4.7612585114576635
-0.9907566769525603 0.13537980090162438 -0.008574181112883546 68.11117847498559 -0.13553593428932925 -0.9905399059482148 0.02146404529487932 6.079708081318176 -0.005587270374574418 0.022427755838214464 0.9997328534052599 -4.775310821609301
-0.990588883139985 0.1365901824446541 -0.008762799735944697 67.4332135714369 -0.1367511224993771 -0.9903696982633924 0.021609980491364034 6.006191159284197 -0.005726700152489249 0.022604929139744854 0.9997280740701193 -4.785999564260361
-0.9905046226055153 0.13722305402475313 -0.008392022475288584 66.80812371029407 -0.1373752829676694 -0.990284117536961 0.02157308933823459 5.927020807691455 -0.00535016136755011 0.022521101175616922 0.9997320519895215 -4.807119978012416
-0.990372214271308 0.13818125285827448 -0.008295695140447704 66.18758875648373 -0.13833066491008733 -0.9901529158393099 0.02149023965537606 5.848947747029529 -0.00524445849242385 0.022430885257385375 0.9997346403129636 -4.810988713139014
-0.9902358100258346 0.1391601123438411 -0.008216062008564425 65.56469058552855 -0.13930760898839614 -0.9900155687670975 0.02150729356977877 5.768413191727931 -0.005141071913052269 0.02244185222324682 0.9997349311934514 -4.815567308032479
-0.9901258507147361 0.1399509098035419 -0.008033840400448921 64.96665373325118 -0.14009415055525867 -0.9899045385569629 0.021508917325750068 5.709528111493131 -0.004942542525818795 0.02242202911170864 0.9997363771934548 -4.831070837466225
-0.989994296428378 0.1408805383432223 -0.007997934446129463 64.36688956187177 -0.14102311750065072 -0.9897710567561917 0.021580906795805977 5.6271879123629835 -0.004875794261284255 0.022492868288759363 0.9997351136708496 -4.838598968420361
-0.9899523555316505 0.14117300725916854 -0.0080321727284139 63.782444478516375 -0.14131732278428338 -0.9897244685837365 0.021791984024479696 5.56660223061864 -0.004873197966322666 0.022708111062862163 0.999730260437053 -4.8450909384018015
-0.9898013486198606 0.1422492388291802 -0.007644888673076088 63.19465679782393 -0.1423839207815583 -0.989574529006559 0.02165803879204106 5.480186547727059 -0.004484347575266148 0.0225256652280346 0.9997362077232467 -4.86204666441299
-0.9897243207794617 0.14280078786220238 -0.007328290630585627 62.62180571570465 -0.14292780499930063 -0.989498284539055 0.021558929758881334 5.399211959534134 -0.004172698852533973 0.02238481360656751 0.9997407207391747 -4.870340023409786
-0.9896594878558751 0.14325957886280663 -0.007126791767536201 62.05401144457283 -0.14338169038890447 -0.989434220861799 0.02148519138440741 5.3135184985199135 -0.003973532190239459 0.02228487495265718 0.9997437648669171 -4.873722534059762
-0.9895220765117169 0.1442106758561248 -0.007024319544236891 61.5024278398173 -0.14433020314662917 -0.9892967803949967 0.02146328865170442 5.239104106568474 -0.003853901347021817 0.022252219422191476 0.9997449605650401 -4.874998429509867
-0.9894523939785841 0.14469496158902595 -0.006879545101159832 60.94421036822866 -0.1448113741449436 -0.9892251928125493 0.021521705862405822 5.183869060899002 -0.0036913369260663403 0.02229093976765144 0.9997447114318602 -4.879067780648022
-0.9892813043151404 0.14587021769711364 -0.006661870723028348 60.42486356570132 -0.1459815551113531 -0.9890529030162382 0.02153463727165861 5.109282902131594 -0.0034476803512848565 0.022276324296158348 0.9997459071564369 -4.897787020674379
-0.9891602426709493 0.14669729328200123 -0.006474446917143785 59.89489247712729 -0.1468040699768465 -0.9889324680213388 0.021474140994606164 5.032369130718693 -0.0032525924093793675 0.022191841675660573 0.9997484397615535 -4.908678270978612
-0.988978909950688 0.14792597134320934 -0.006214714387324021 59.371585085507036 -0.1480264461433106 -0.988752122548446 0.021387178358165056 4.9534181281850715 -0.002981092908576966 0.02207141042413031 0.9997519521996242 -4.921853741199613
-0.9888248422870751 0.1489601339939024 -0.006025757749800327 58.84252206160901 -0.1490557936824535 -0.9886006419742943 0.021240081395954503 4.876167291984442 -0.002793142609051409 0.02190089424045404 0.999756244884639 -4.936048740561283
-0.9888008301305597 0.1491278731780072 -0.0058134133278358825 58.326200782226 -0.1492190042361767 -0.9885747107466231 0.021300940049556995 4.803877882454186 -0.0025704295127332525 0.021929858951556233 0.9997562073718199 -4.939727742188542
-0.9887096403228791 0.14973892846881737 -0.005612524709372772 57.82726223938645 -0.14982531737525057 -0.9884848161912247 0.02121656034342785 4.736756882351843 -0.0023709504440941635 0.02181791604189742 0.9997591495623236 -4.951688732153612
-0.9886075545933024 0.15042000482397508 -0.00537821065093364 57.339664999105445 -0.1505007275907366 -0.9883862308957523 0.02102830402927634 4.664929159171569 -0.002152671760715928 0.021598164839729136 0.9997644148897513 -4.959732291866119
-0.9885673257438372 0.15069676658844697 -0.005012685055424018 56.8420736225306 -0.15076952574865005 -0.9883454630463397 0.021018938632653143 4.601444220362002 -0.0017867784431466964 0.02153439610258937 0.9997665113451699 -4.974949227396562
-0.9885851990763382 0.15058134393272973 -0.00495611002800876 56.37650827719597 -0.15065262561487347 -0.9883667502376616 0.02085553691442113 4.5259914926282505 -0.0017579995851911136 0.021364126100942654 0.9997702153762141 -4.968413040531253
-0.9885814615191916 0.1506097078233766 -0.004838372653581587 55.92978238971217 -0.15067838443466733 -0.9883639055347279 0.020804199102517556 4.464201186258875 -0.0016487585439968048 0.02129568372923762 0.999771861701342 -4.967407313763907
-0.9886078741881474 0.1504505460391791 -0.004370845422277032 55.484678842861015 -0.15050923042596456 -0.9883912150858618 0.0207310756517386 4.392941213175949 -0.0012011035660932682 0.021152757210516713 0.9997755339137965 -4.978277341911925
-0.988607132635284 0.15046569118107173 -0.004001634671452116 55.01512278256585 -0.15051644815319873 -0.9883931874025477 0.02058411843090486 4.328794292094359 -0.0008579848406779659 0.020951918137355623 0.9997801163197727 -4.984854830991422
-0.9886628465610253 0.15010055753880586 -0.003949488117452845 54.56879826400528 -0.1501502185851924 -0.9884509762500088 0.020483637597448368 4.258532751645664 -0.0008292699615842279 0.020844427959152912 0.9997823873895691 -4.981806681742827
-0.9887164984399002 0.14975035119785876 -0.00381025312290151 54.17510645301655 -0.14979715901271426 -0.9885053535528181 0.020444489456515173 4.188719672637401 -0.00070488613420542 0.020784569120767118 0.9997837290244336 -4.98006796985837
-0.9887147700779799 0.14976704741734817 -0.003596517417805667 53.75181278963832 -0.1498094172439893 -0.9885033038790403 0.020453770440631548 4.126467631376665 -0.0004918685425137962 0.020761737116906133 0.9997843309120348 -4.98099071968527
-0.9887815697182571 0.14933080166412555 -0.0033643810498143133 53.36183677810496 -0.14936839424694673 -0.9885740053543516 0.02026126199778413 4.065882682955957 -0.0003003091530972229 0.020536494637687485 0.9997890588531203 -4.987978302507933
-0.9888580122428973 0.1488257051974851 -0.003277361056882501 52.97841676236281 -0.14886160083173713 -0.9886519094282874 0.02018974446629188 4.014791040884168 -0.0002354163088198809 0.020452663794060546 0.999790794678011 -4.986503710549164
-0.9889204369099602 0.14840761943203176 -0.003398228410571555 52.638822894073655 -0.14844606705697122 -0.9887148495520781 0.020167088300706296 3.9767793778026714 -0.00036692932611845136 0.02044809941604683 0.9997908484243796 -4.981602315923356
-0.989011225917185 0.14780482477633025 -0.003244808565159536 52.29042079007941 -0.14784023878063784 -0.9888076566770304 0.020066935345590793 3.9123910705956613 -0.00024250169112796232 0.02032613759961429 0.999793373314312 -4.98229444879867
-0.98912969441788 0.14701759361900038 -0.0028765929968752138 51.96909718756303 -0.14704568514019448 -0.9889242879856351 0.020157358799094072 3.870667286446607 0.00011875370309831009 0.020361232737314487 0.9997926815590195 -4.98476991291947
-0.989231978257091 0.14633129199074918 -0.002691872560244653 51.663492039630434 -0.1463557518515097 -0.9890255429141268 0.02021062501250436 3.818853914920761 0.00029511614966870896 0.02038696759537498 0.999792120622444 -4.983960805849447
-0.9893508429279231 0.14554438964796457 -0.0013191814922005516 51.35553960776332 -0.1455408273435606 -0.9891415875303087 0.020415371516894484 3.7949237603276273 0.0016664855114269972 0.020389959784717453 0.9997907142827532 -4.980238438087085
-0.989423026659089 0.14505862431183272 -0.00026425276870820156 51.070562669830736 -0.1450331988747013 -0.9892120534516173 0.02061272738396902 3.7447134379509404 0.002728651853669276 0.02043303254030256 0.9997875002420604 -4.9736404596043045
-0.9894922517721392 0.14458532153440318 -0.00041046278093511893 50.81778921463671 -0.1445635680213483 -0.9892855063580082 0.020385330777694464 3.7074081112102553 0.0025413547249996055 0.02023046481849274 0.9997921132962537 -4.966597513594165
-0.9895684355548394 0.14406329857425407 -0.0002781320783546989 50.531047285983774 -0.14403916542345066 -0.9893634450301569 0.020314833550281557 3.650467251397119 0.002651448220026082 0.020142979967352776 0.9997935937884236 -4.970127436875372
-0.9895909904902781 0.1439085492050603 -3.172010300485216e-05 50.27764869582477 -0.14387986539881872 -0.9893892965458424 0.02018425657141381 3.6242749729130637 0.0028733035495765334 0.019978722336966074 0.9997962766386431 -4.977170094199016
-0.989601873481478 0.14383231153349962 0.0006309999039943541 50.024867234969726 -0.14379089867713615 -0.9894049133080395 0.020052306090139593 3.605359590146694 0.0035084839418309624 0.019753067631165654 0.9997987331756268 -4.986102144589523
-0.9895083499005217 0.14446854759366742 0.0014367440001571397 49.78723612052216 -0.1444135248094259 -0.9893253623286646 0.019495161075844057 3.5592088041028687 0.004237844884260788 0.019083139401891863 0.999808918974673 -4.981590147519243
-0.9894988366700578 0.14452067402319718 0.00241391973409456 49.55688305739228 -0.14445071756822486 -0.9893336474215709 0.0187862788639863 3.532270425773003 0.005103177698925726 0.018240308643531683 0.999820608268284 -4.979006550520674
-0.9895047722540878 0.14447974123536328 0.002431061280302905 49.350834595144605 -0.1444086775223437 -0.9893368067590096 0.018942456232874074 3.500848560106064 0.005141939578978186 0.018392584496178765 0.9998176200152294 -4.986301758345437
-0.9895032146278182 0.14449604677850264 0.0020689868528808355 49.083243680351906 -0.14443016755756852 -0.9893277200299946 0.019250690365410335 3.483646539330289 0.004828554701491435 0.018749795882542317 0.9998125475377158 -4.992793162497233
-0.9895911738733992 0.14390355253446266 0.00103738123581392 48.891163961042125 -0.14385491392664712 -0.989399765407031 0.0198461067131293 3.4507132520664605 0.0038823100113493034 0.019490299650675245 0.9998025084427935 -4.982573790072323
-0.9895532378365888 0.14416458145213323 0.000981296007708639 48.67856333476026 -0.14411844805640564 -0.9893690476860979 0.019461767918586424 3.419414165569151 0.0037765615229464326 0.01911703260014653 0.9998101202966633 -4.976815574340662
-0.9894565581470287 0.14481980674356978 0.0017155508125522537 48.48108918581558 -0.1447632359985786 -0.9892908110373274 0.018635898162603196 3.3754457965704603 0.0043960258251266055 0.018191062966802844 0.9998248647563647 -4.963657784309347
-0.9894508517677666 0.14485141143300537 0.0022540057468229987 48.289831882151134 -0.1447851122606256 -0.9892878043200091 0.018625560162653224 3.355831302179441 0.004927799074489884 0.01810272989249916 0.9998239884933349 -4.963065974332625
-0.9894404480733655 0.14492437719790754 0.00212711310830691 48.07691437456151 -0.14485983019410234 -0.9892747706914841 0.018736533015658044 3.355501504623989 0.0048196797105974415 0.018230550378681126 0.9998221930525334 -4.965614576497161
-0.9895019250973724 0.1445090830900722 0.0017507521413946542 47.93504539770792 -0.14444952237806186 -0.9893263870900649 0.019173817879312258 3.317433964253862 0.004502856131811612 0.018719634392419075 0.9998146326069002 -4.967037998075862
-0.9893881722004164 0.14528733742928926 0.0016230504079354114 47.75626956068727 -0.14522934639855264 -0.9892091915934799 0.01932905097574801 3.288222041685099 0.004413802733250692 0.018888219865347642 0.9998118590493664 -4.982271533230614
-0.9893565087511365 0.1455038723440728 0.0015237206572850774 47.61182134187541 -0.14544829115522648 -0.9891796076590262 0.01919631192596294 3.261875723849702 0.004300371121907524 0.018770373582168473 0.9998145727502671 -4.958892302081204
-0.9893220058082431 0.1457379489331784 0.001555334145936505 47.4287769419034 -0.1456809798125071 -0.9891419913447429 0.019369385107042506 3.231928130641803 0.004361300771915337 0.01893597632305572 0.9998111861027912 -4.966369950480768
-0.9893176724083776 0.14576887780133146 0.0014061738902612785 47.29453931844054 -0.14571456051343185 -0.9891362612201571 0.01940936871168792 3.2186916977698328 0.004220179480373467 0.018997131466338205 0.9998106316104083 -4.954906469477907
-0.9893015836686087 0.14587768334866058 0.001441544869624413 47.16363036480887 -0.14582290593958322 -0.9891213614005284 0.019354909570984142 3.192841212680369 0.004249312193600829 0.018937632428406386 0.9998116369716289 -4.957958283826465
-0.9892495516116694 0.1462297659281416 0.0014765475649747353 47.01835122147995 -0.14617493918136654 -0.9890724834558596 0.019196604537833634 3.167925194152458 0.004267527555212776 0.018774398181009885 0.9998146379112013 -4.9503070432955205
-0.9891684025214909 0.14677584040608502 0.0016504927050579377 46.879163339558126 -0.14671717719436372 -0.9889901179098197 0.019303279328619635 3.1582010956946256 0.004465576021036104 0.018852038346250814 0.9998123120271085 -4.958272392125851
-0.9891545836004542 0.14686923758777976 0.0016238203704509082 46.73424939571478 -0.14681076036625626 -0.9889749109507004 0.019370755037815063 3.144019354527048 0.004450885630170165 0.018922276830172252 0.9998110506774109 -4.969153531187391
-0.9890683997228558 0.14744858156397866 0.0016175488986509728 46.60882577433727 -0.14738783465354546 -0.9888789916851441 0.019878782656681655 3.1129823479926664 0.004530658429845721 0.019423068721064193 0.9998010889850283 -4.989950744058152
-0.9890275367754852 0.14772211409459582 0.0016457543071562656 46.47113308333966 -0.14766049103013404 -0.9888370988252136 0.019939191951392897 3.1257573994948604 0.0045728425028652075 0.019477397011870047 0.9997998400265357 -5.003773801025813
-0.9890909989546309 0.14729570977339448 0.0017232728401033485 46.361108006157544 -0.14723308574526833 -0.9889026787338289 0.0198471775067374 3.0981951325609707 0.00462755322562089 0.01937694184873935 0.9998015402447297 -5.008331129485415
-0.9890384899302914 0.14764841274061988 0.0016767980154382455 46.24783118291166 -0.14758693439471438 -0.9888512956717538 0.01977907592038154 3.0835718819055167 0.004578453055266478 0.019314793901813072 0.9998029688414372 -4.998867149504396
-0.9890593689750865 0.1475081525502289 0.0017057472913983738 46.11301154252999 -0.1474470328439392 -0.9888760297018325 0.019584953067571294 3.0563630564651234 0.004575712853973056 0.019119173945520474 0.9998067413453058 -4.9899534244055355
-0.989081057174359 0.14735830905532965 0.0020472154760481456 46.005443508944694 -0.14729075745435044 -0.9888995630640852 0.0195726068826881 3.032061722714751 0.004908676743799669 0.019057358789047883 0.9998063422326394 -5.003758402652155
-0.9890068591878849 0.14786003087354055 0.0016863420148666675 45.9112447936822 -0.14779907793069555 -0.9888228702544327 0.01961539764119663 2.9960141200317914 0.004567826852195209 0.019150523017968234 0.999806177429399 -4.981990677565204
-0.9889627368392441 0.14815271154002108 0.001865263190877212 45.82475144040306 -0.14808872353700023 -0.9887813825472501 0.019521974519258724 3.0095352030808 0.004736570976333441 0.019030280904074538 0.9998076881601273 -4.993168316430472
-0.9889415129900265 0.14829472799712587 0.0018323572944533469 45.75126387182362 -0.14823083280797864 -0.9887579582066871 0.019629576867449892 2.9939528407644076 0.004722720619425976 0.01914089159889134 0.9998056422018979 -4.990601603251086
-0.9889616682830475 0.14815982681151812 0.0018666510097792909 45.656155365064606 -0.14809548753062718 -0.9887790205516046 0.019590178408467232 2.984932208592319 0.004748182797366473 0.019097492929457494 0.9998063515120977 -4.998250040763316
-0.9890000753396698 0.14790020078488184 0.0020932238099431277 45.57683965411337 -0.14783187851053084 -0.988819632870812 0.0195312402391588 2.9777674329407233 0.004958495152213757 0.019006952860038395 0.999807055920692 -5.008035883395061
-0.9889315463370478 0.14835795541229077 0.002076950962396727 45.50839627207318 -0.1482903919544738 -0.9887530986780562 0.019423426796803638 2.980681702031962 0.004935211586546221 0.01890044762504344 0.9998091901788908 -5.001381866967717
-0.9889906582746624 0.14796376384686463 0.0020499838337412666 45.46786917516502 -0.14789559549735634 -0.9888074645174062 0.01966445898416411 2.9564679134196243 0.004936666682252589 0.01914478265551245 0.9998045342061321 -5.0019667954921125
-0.9889614962164482 0.1481541635099879 0.002345812434741835 45.421701580703996 -0.14808182011148555 -0.9887853386635977 0.019373399195364606 2.955427132645358 0.005189754694861804 0.018812173680069592 0.9998095661512931 -5.012798483175269
-0.9889235872426709 0.14840822679811094 0.0022664539985533137 45.35208487386043 -0.14833723312229977 -0.9887466774258211 0.019392605524256392 2.9363848115466524 0.005118971059458199 0.0188416055058853 0.9998093768500338 -5.002657942514563
-0.9889270240826735 0.14838660761561775 0.002180761178052238 45.2760765281579 -0.14831665457751586 -0.988747508507223 0.019507290834265823 2.9182118049894807 0.0050508428921163685 0.018967843870284485 0.999807336382861 -5.002631268711208
-0.9889896395750873 0.14796667080345252 0.0023145506003477557 45.23822074063883 -0.14789418892191414 -0.9888105273222823 0.01952050049970739 2.927003875517981 0.005177035471002807 0.01896326416977376 0.9998067777904686 -5.011098281656363
-0.9889993355642939 0.14790130591520412 0.0023490342616282497 45.188975439940755 -0.1478282588862798 -0.9888206772500202 0.019505745755101972 2.925653674766872 0.005207698919496279 0.018943915946521176 0.9998069853329568 -5.011228402181015
-0.9889503262813709 0.14822917025987267 0.002316297053220366 45.12847743599398 -0.1481561174935017 -0.9887694471364072 0.019614924389720838 2.905845180506363 0.0051977877237148525 0.01905501229683208 0.9998049257275872 -5.001539420528203
-0.9889561766101682 0.14819007293220596 0.0023201355444495454 45.07463090028461 -0.1481173882692922 -0.9887769034010179 0.019531374579832065 2.887422883865984 0.005188452262563006 0.01897202111113714 0.9998065524780668 -5.007101628885016
-0.988939386119992 0.14830177928528485 0.002339410488244235 45.05725480452621 -0.14822823629080417 -0.9887584993593383 0.019621924237627864 2.894492399556025 0.005223078281183138 0.01905812701942003 0.9998047345595941 -5.006966080321021
-0.9889208610633712 0.14842514847612936 0.002346455522496778 45.038638979844386 -0.14835144773943434 -0.9887400169683837 0.01962209975956753 2.9062799025756405 0.005232447543356256 0.019056603716284308 0.9998047146055605 -5.007538489848407
-0.9889369781762041 0.14831775294010244 0.0023446446460958417 44.99897058855219 -0.14824432638969304 -0.9887569182099338 0.019579999623607174 2.8873451471199516 0.005222345161312613 0.019015805394277614 0.9998055442215866 -5.0058946474047055
-0.9889018901324462 0.14855007952044727 0.0024342487433511254 44.971923687447024 -0.14847489346285214 -0.9887222696569654 0.019582632498579295 2.893862419262687 0.005315797557319387 0.019003877468782994 0.9998052785105117 -5.011074279089906
-0.9889184123697867 0.14844005994494694 0.0024335734138485523 44.95900103174562 -0.14836484904324174 -0.9887385736581791 0.01959348179280884 2.8995505928029974 0.005314625517955856 0.01901529815515956 0.9998050675965161 -5.011464855417919
-0.9889176858579013 0.14844411295498322 0.0024811139556019293 44.925558739343025 -0.14836793026046446 -0.9887378628908489 0.019606013267932713 2.8792598473712925 0.0053635685581924185 0.019020615527490323 0.999804705088587 -5.012769184167271
-0.988930052512638 0.14836312585281738 0.0023946032096397295 44.925664639012226 -0.14828860356351453 -0.9887497616431483 0.019606093537471427 2.875563806095366 0.005276484675743183 0.019033962745533126 0.9998049144566493 -5.01196086557086
-0.9889301136882165 0.14836164150972425 0.002460400201502687 44.921043372437325 -0.14828613703614438 -0.9887511316745435 0.0195555919165658 2.8836462869891584 0.005334023201044053 0.018974270495845994 0.9998057437600772 -5.0139693907552845
-0.9889232411336007 0.14840974202496962 0.0023176751057205325 44.91055951122959 -0.1483369818938978 -0.9887436703278115 0.019547229709020824 2.87420043059309 0.005192585909076119 0.018986912828834683 0.9998062483265479 -5.006507427223411
-0.9889213357213703 0.14841948253745968 0.0024997916659264285 44.920624803094846 -0.14834389886127136 -0.988744960371946 0.019429127868117155 2.897161435439262 0.005355317516004631 0.01884305024117528 0.9998081116053776 -5.010431228049972
-0.9889262415155429 0.1483876000320956 0.002451325897724028 44.90866401541352 -0.1483128126636728 -0.9887491690075096 0.019452259168272368 2.8753727104764337 0.005310220497523484 0.0188732865096191 0.999807781833385 -5.015964800774836
-0.9889229737541906 0.14840828660916022 0.0025164353562164257 44.90422987427185 -0.1483324034786344 -0.9887467294276802 0.019426866044677683 2.88999932210314 0.005371225132151457 0.018838405235040767 0.9998081138042343 -5.017451893251198
-0.9889214757014351 0.14841833453141565 0.0025125428188987877 44.90140230048984 -0.14834224920103853 -0.9887442498734731 0.01947781928554424 2.89110991348233 0.00537512776341143 0.01888931753833692 0.9998071322432457 -5.01566504768312
-0.9889105582539188 0.14848941044210284 0.0026082102059915937 44.89898508560201 -0.1484117588790467 -0.988734728725793 0.019431573224006123 2.893174009344879 0.005464210862476165 0.018828998860506308 0.9998077871278864 -5.0160665897743195
-0.9889238291120417 0.1484005864734266 0.0026317577243256643 44.9040628675276 -0.14832285638640055 -0.9887493183399483 0.01936790529888028 2.9008968888224853 0.005476357161078511 0.018763033247059146 0.9998089607998188 -5.013660668860141
-0.9889285073860618 0.14837246505696994 0.00245334304448345 44.91199264036664 -0.1482975096067425 -0.9887509727480083 0.01947723117656093 2.891011174667103 0.00531563012386838 0.018897764491741756 0.9998072907183667 -5.00607258282767
-0.9889496317371599 0.14822872802434656 0.002621082833430881 44.90077080452184 -0.14815109440434418 -0.9887745880152039 0.019392455289581983 2.880243529835056 0.005466179079623094 0.018789845226814213 0.9998085129676689 -5.01211679966367
-0.9889104749587563 0.14849050507242414 0.0025772893092276716 44.9095116067072 -0.1484138295318021 -0.9887358411882199 0.01935901736990623 2.9084380855424623 0.0054228885801078375 0.018761829685814926 0.9998092748250978 -5.016377073907893
-0.988949842645179 0.14822910071355383 0.0025184188942254035 44.90570964188612 -0.14815334598651586 -0.9887740646239277 0.019401938049506885 2.889193846906778 0.005366079115647437 0.018814431395296184 0.9998085928647524 -5.007786249326685
-0.98891603204599 0.14845280590666607 0.0026164825342631197 44.884974966427976 -0.1483754161801918 -0.9887416580578803 0.019356381229679587 2.8789851309424996 0.005460534384951858 0.018753614035474726 0.9998092240646909 -5.013558078268843
-0.9889289781878878 0.14836816830986968 0.002522445764431273 44.89962236600997 -0.14829226590817468 -0.9887530671638288 0.01941071987176405 2.8950029979733305 0.005374008939285453 0.018821764170636964 0.9998084122577813 -5.011722698067587
-0.988927892554395 0.14837698921952225 0.0024274262238757837 44.891582827876064 -0.14830261171655068 -0.9887505385327425 0.01946041904125614 2.8800175369034253 0.005287597372397533 0.018884957541944834 0.9998076813531019 -5.0042754017317215
-0.9889213313313421 0.14841978868556055 0.0024832970783546303 44.90020467041076 -0.14834432207201242 -0.9887441837358469 0.01946538562496553 2.893297760441998 0.005344393963851695 0.01888135204552695 0.999807447460806 -5.006914079801047
-0.9889191124965374 0.14843455973332542 0.0024840321726312385 44.89284663701659 -0.1483594853396274 -0.9887434123763985 0.019388852261959782 2.9007871082122243 0.005334046196058661 0.018805476836525104 0.9998089327427162 -5.006389164418666
