-0.9944882685209551 0.08494167705103953 -0.06146539899778992 130.48276921079844 -0.0883876405988379 -0.9945275867339517 0.05570012759876319 7.2264803051718 -0.056397772682715265 0.06082590504797074 0.9965538121504176 -1.0529352508131022
-0.9915728750222247 0.11264106977061013 -0.0639939287831277 130.03390556035384 -0.1161519506907696 -0.9917584121271347 0.05407380443246669 6.0517670529307495 -0.057375586017891674 0.061051137385016885 0.9964842200221309 -1.0303428195694238
-0.9928145804064875 0.1085792909040902 -0.0502965855606631 131.61225175570345 -0.11328711219156883 -0.9882263213669024 0.10283369082616568 8.664084871748377 -0.038538800494974275 0.10779274254049359 0.9934261349048626 -2.114515178229826
-0.9921098074040375 0.1138913673928203 -0.05241074781113275 130.30983042281127 -0.11879257042775607 -0.9876081313701539 0.10255975849583594 8.925751753184533 -0.04008060957489689 0.10797654969923348 0.9933451612864311 -2.091392734116571
-0.9893271558975492 0.14133416406783805 -0.03544619402577563 122.52222743665689 -0.14276555265064128 -0.9888755128834028 0.04175185020978375 20.092032585442084 -0.029150910449318335 0.04636673470095768 0.9984990487392293 -3.1196285396950594
-0.99889844805049 0.003083385856367946 -0.046822891986705785 118.87666306750955 -0.004213795940259282 -0.9997015689472674 0.02406277141458763 5.9376140136057405 -0.046734723772713434 0.024233567133989945 0.9986133384938645 -2.1385540224946404
-0.9989045666769127 -0.026922886669528006 -0.03827303026143949 120.64814361750352 0.023061848998595265 -0.9949221696143065 0.09796952347915673 7.646482930669564 -0.04071630868312226 0.09697955755388234 0.9944531902628122 -2.9046408938802903
-0.9991973849436444 -0.006321518899845698 -0.03955533239134329 120.18552394562809 0.002553406976392914 -0.9955124290320811 0.09459642570135632 7.400624344021204 -0.0399758181230062 0.09441950032412888 0.9947295571782073 -2.8381318932935162
-0.999152707262639 -0.01965860527611624 -0.036158080816746145 119.06262554305546 0.01622347305745334 -0.9955379088762977 0.09295736072070761 7.2926069461982514 -0.03782415222720158 0.09229198897414412 0.9950133276893817 -2.796032770512275
-0.9992312470519766 0.0004565961950163256 -0.039200847374461396 118.21888326761679 -0.003798586444854721 -0.9963548344429237 0.08522097525396417 7.482512526401042 -0.03901904222276722 0.08530436918546719 0.9955906181467842 -2.8277790362130597
-0.9907304901243068 0.13213872138161614 -0.03150324189171577 113.5558250106349 -0.13362943022986773 -0.9897098997720957 0.05116140800989022 18.89314684046787 -0.024418667336635887 0.054896927097471716 0.9981933961316135 -3.5253122576697336
-0.99590700234544 0.0727394209862996 -0.053649038331611436 118.37864695236604 -0.07646542796421106 -0.9945396043225675 0.07102122049197174 7.472075751476106 -0.048190050898280504 0.0748328274789689 0.9960310070102927 -2.5845520185524347
-0.9941556705988718 0.09243586122752838 -0.055768397639184855 118.06424239847932 -0.09676086809124658 -0.9920380016132992 0.08060978700705519 6.896015112224335 -0.04787313466178781 0.08553487542645605 0.9951843789285725 -2.55901382869103
-0.9910341773703911 0.1301119610142074 -0.030366706848694046 111.23889251141145 -0.13169153515982393 -0.989613760084792 0.05763632030318956 18.22589321385109 -0.02255213628563774 0.06111860152098043 0.9978757025286692 -3.900085230245172
-0.9900715136012248 0.13568725691156056 -0.03670648808052917 109.38947081490775 -0.13749579326118286 -0.9891208893563879 0.052295057838221054 18.40271780668646 -0.02921138118726313 0.05682283476421541 0.9979568430841584 -3.405349463864311
-0.9915190572693311 0.12627536109754273 -0.03073259265705391 108.52778695537475 -0.12801143062332176 -0.9897525706559126 0.06326865345320569 17.862696659582202 -0.022428390524281392 0.06666619877941585 0.9975232254132255 -3.9389861537063275
-0.9919371612077046 0.12296361718459572 -0.030669480988194702 107.47974633949812 -0.12464443233369737 -0.9903386384939057 0.060771264543826066 17.72196791902664 -0.022900517535972515 0.06410405568234774 0.9976804279636199 -3.904684534132977
-0.9913442975592338 0.12742436727648287 -0.03161509640948802 106.57622213875722 -0.12906551640403943 -0.9900045043754914 0.05686100413812718 17.518086729122643 -0.02405361037665233 0.06044925095007826 0.9978814117356007 -3.9729870355869203
-0.9913816716376868 0.12727690904524724 -0.03103175091358853 105.23833580021582 -0.12888865158139717 -0.9900136963191632 0.057101633899522185 17.376825931653038 -0.023454138961052855 0.06060915380001339 0.9978859823853884 -4.082713063252136
-0.9920237456421088 0.1200882175524285 -0.03831067850202397 103.5960686002837 -0.12209099678514253 -0.9909878742662979 0.05510736394696115 17.193864723726307 -0.03134767274001659 0.05934520252095438 0.9977451930986897 -3.701360651118063
-0.9931631118150038 0.11279725279792654 -0.03006348434865122 103.27229657769352 -0.11420148704649463 -0.9921980496962194 0.05001050425050013 17.218903869672424 -0.024187883047309164 0.053101882643279266 0.9982961165773607 -3.955701342276855
-0.9930593408556823 0.11255610907869457 -0.03412136937973153 102.28033497544823 -0.11431173235273409 -0.991931485648926 0.05481565127616076 16.648010324457438 -0.02767622419695361 0.05833566736892364 0.9979133111281907 -3.9154819972932007
-0.992870513821788 0.11456674640101683 -0.03290293911417742 101.3256130143417 -0.11634548628431844 -0.9914844150521589 0.05850113272360166 16.47865715536465 -0.025920466904199864 0.06191215815786103 0.9977449644411689 -3.988380670402963
-0.9932034085951094 0.11208271114793453 -0.031376026147224526 99.95502339788351 -0.11375986199164277 -0.9918098581093072 0.05806805625160425 16.64461428250066 -0.024610626865342027 0.06124272380394004 0.9978194455042326 -4.110989545348808
-0.9934807615249843 0.10919008082122149 -0.03276435151198314 98.88700462633604 -0.1107880025026981 -0.9924967942670101 0.051731343218362785 16.243842016947898 -0.02686996429487725 0.05502399131259797 0.9981234219267827 -4.059849254632216
-0.9934274698063248 0.10993887376972267 -0.03186387089575166 97.78895167956955 -0.1115550014728603 -0.9922690969829036 0.054383093136808294 16.35028470509392 -0.025638718388532638 0.05758023277984749 0.998011609608037 -4.105509420302007
-0.9939470347634642 0.10247082451794132 -0.03961088496286491 96.41301351933504 -0.104406589796573 -0.9932591943070391 0.05035312236199029 15.984117596505184 -0.034184149718517666 0.05418397408057881 0.9979456602745836 -3.7086643634904326
-0.9930912516810299 0.11145247454398523 -0.036716641358321984 97.16865949837292 -0.11287645444433357 -0.9928313596126039 0.039303910770653115 16.435069178965556 -0.03207291484554582 0.0431768142388188 0.9985524977914286 -3.8105195821298663
-0.9933750751627507 0.11067664254606999 -0.030929611056958663 95.3357303702227 -0.11225195143218342 -0.9921595885302951 0.05494406507589939 15.994872102650692 -0.024606085529240793 0.05805197397270049 0.9980102749334834 -4.20211936861591
-0.9944627949067104 0.10110001868416987 -0.0286798843861459 94.14208503124442 -0.10226152669517122 -0.993852387154896 0.042426556594740567 15.840490899170462 -0.024214245896064267 0.04512448081224154 0.9986878649143165 -4.058618843414137
-0.9931622496958847 0.1117583110041044 -0.033746491677208945 92.76026850928682 -0.11334444672455792 -0.9923241236116607 0.04945573874742594 16.100591009473945 -0.027960367946682014 0.05294255018281354 0.9982060429612869 -4.013967726802309
-0.9929350519316014 0.11634903250799483 -0.023299898713206486 92.44305745453194 -0.11722848215105093 -0.9922656656032375 0.040820728037662145 16.057017529429398 -0.018370237291693847 0.043263743474384095 0.9988947806863504 -4.3263249393972245
-0.9928954094947988 0.11562437589771861 -0.028101770450004993 91.36572744688236 -0.11688440069309868 -0.9919687784347824 0.04833197166702865 15.691059962929721 -0.02228772484523969 0.05127325139748905 0.9984359323523767 -4.366061669026906
-0.9938719746202449 0.1062177832377808 -0.03059870239911865 90.06827048903301 -0.10746457915081245 -0.9933010116453114 0.04247898883377952 15.571690380630848 -0.025881698019971887 0.04550695318798205 0.9986286872101969 -4.440997781874115
-0.9952605073414112 0.09220305060595949 -0.030905015539183543 88.07528713284577 -0.09333927302217307 -0.9949243704552937 0.03759357905061839 15.285400299993228 -0.027281910457569843 0.040300056241864064 0.9988150994196556 -4.498737546237817
-0.9935807146940456 0.10929896077934752 -0.029173627827691062 88.21017829812789 -0.11035186336438348 -0.9931918051924632 0.03731627460703675 15.45898334259735 -0.024896378051491586 0.04029609498566337 0.9988775676171852 -4.4070631723465645
-0.9933468651905835 0.11072022978037553 -0.031670745703652914 87.43200679125052 -0.1118537872571053 -0.9930508548657195 0.03658865844364118 15.420535245985905 -0.027399556425011632 0.03988772201873008 0.9988284306826034 -4.393322531806766
-0.9939205718339332 0.10591493567517647 -0.030065316998778225 86.35500498355604 -0.10711917660856737 -0.9933690807951346 0.041753458814000124 15.447931711692798 -0.025443641406389633 0.044720193661840074 0.9986754855261221 -4.57097458469699
-0.9941238352797251 0.10397224856846836 -0.03012592996672612 85.71933797291761 -0.10512495393506958 -0.993670099117718 0.03960401721471928 15.329069185891887 -0.025817517093891233 0.04253828448598375 0.9987612077789695 -4.3873861642805
-0.9938372519256536 0.10628813605128448 -0.0314698080643548 84.40313989586208 -0.10741108245624989 -0.9935464685231872 0.03644549698769384 15.095386869991188 -0.02739299272515752 0.03960109872019713 0.9988400156830503 -4.566923813574085
-0.9931368212893269 0.11065622634604091 -0.037874183426055724 82.7352468524002 -0.11231034229957598 -0.9926648707476944 0.044753116048128344 15.248606834425912 -0.03264416045618763 0.04869962991972751 0.9982798729984507 -4.314934221740809
-0.9933886431455907 0.109494135394305 -0.03449692716202641 82.24292941236763 -0.11080225147066841 -0.993092206366038 0.038609982181659584 15.32020194859564 -0.03003106289161489 0.04217705500968621 0.9986587161249407 -4.620451305777469
-0.993040863875847 0.11284856812620066 -0.033690404339881116 81.75704966847951 -0.11424501849700044 -0.9925266117042536 0.04288357269978228 15.24320419881936 -0.028599273091102148 0.04643410094685547 0.9985118706594924 -4.547150447707748
-0.9933456027259736 0.11077756538967626 -0.03150943590919076 80.52434346330665 -0.11219669658491618 -0.9925480357111608 0.0475425922868335 14.903449391042068 -0.026007976092184543 0.05076147961058503 0.9983721036604232 -4.594732554478408
-0.9938097341597049 0.10700689473417833 -0.02986196190435386 80.4381455493332 -0.10811336015264535 -0.9934009924074542 0.03828798297638023 14.95544215939977 -0.025567824427080978 0.0412794472254974 0.998820451127645 -4.579544388008566
-0.9929414637752653 0.11514148091937143 -0.028455032727626676 79.54961742306037 -0.11620025979424672 -0.9924647133382588 0.03887534439927619 15.050666379864511 -0.023764451173671455 0.04190742356798868 0.9988388352033163 -4.637101336585529
-0.9935567240221262 0.1074587658671014 -0.03602290644498539 78.6427949237756 -0.10913855578712128 -0.9928448871822539 0.04845416015949825 14.872887217685 -0.030558334233481914 0.05207344461797461 0.99817560808432 -4.3810394162382496
-0.9932320328587868 0.11237671216133775 -0.029353082751315047 78.29681263187808 -0.11340972137966548 -0.9928856790806122 0.03628034417170493 14.932334425591101 -0.0250671897065509 0.03936372493093983 0.9989104730453953 -4.614658562273569
-0.9931915017868369 0.11106862935233798 -0.03513403410093294 77.01929923373226 -0.11243665811835608 -0.9928653710938826 0.03970330960749146 14.778931313837335 -0.030473573626792306 0.043383343075497405 0.9985936344950396 -4.3843142672672615
-0.9927575856378534 0.11635805492654736 -0.029886103998655378 75.9592690034264 -0.11760421255913228 -0.9920846407801406 0.04401493742461829 14.776647762142 -0.024528052243381615 0.047210894736887304 0.9985837501538374 -4.644161257720241
-0.993012066858776 0.11345288367419572 -0.03248812489015038 75.9021646391744 -0.11478463587912885 -0.9924777955235969 0.04257126682074153 14.784660658878353 -0.027413909589194905 0.04600291924037228 0.9985650749863055 -4.624310884723894
-0.9932395596192235 0.11010103003722334 -0.036782338046310835 75.33136921183484 -0.11160660164557151 -0.9928752509376845 0.04174568893380003 14.807644180061814 -0.03192402976658066 0.04556862144253595 0.998450978798305 -4.489796672778665
-0.9931024484575809 0.11008275035497456 -0.040364773526495305 74.2431384580199 -0.112036908349761 -0.9924528719212781 0.04985005699731732 14.658505616921055 -0.03457250403120528 0.05402855809193256 0.9979407080961942 -4.332073804364173
-0.9935189772649649 0.10920244116187691 -0.031541538622389585 74.40581391424372 -0.11060726110839629 -0.9927576455536543 0.0468859358962431 13.607266850475748 -0.026193044963874104 0.05007079027791321 0.9984021436057076 -4.748633773661379
-0.9927095791327365 0.11634342917921629 -0.03149441196360506 72.38777511250623 -0.11776985789645185 -0.9918786770578623 0.04803072525991487 14.233649608073366 -0.025650576390472496 0.05138965347969585 0.9983492131744669 -4.78714076100862
-0.9927560285190306 0.11621375265551331 -0.030493139111148683 72.16545291359847 -0.11758125537574234 -0.9919158932938789 0.04772325444972101 13.975892206639047 -0.02470053083223335 0.050962970132543826 0.998395041780499 -4.863861812440422
-0.9927523245046649 0.11594213685227439 -0.031626620001558185 71.03733567379204 -0.11740250658177293 -0.991871339434533 0.04907033173588894 13.834296839640107 -0.02568021882522337 0.052427730357910485 0.9982944753180861 -4.78786301592799
-0.9934294505394076 0.10886423475887382 -0.035305880407302676 70.74041134512942 -0.11065532305271533 -0.9924167593655564 0.05351985809461284 14.040154076488776 -0.029211749024489597 0.057074986822008775 0.9979424430287578 -4.618334350321027
-0.9936025618345191 0.10825147584793737 -0.0321802282874673 69.88574833624389 -0.10980556325599329 -0.9926307646449154 0.051253325340820506 13.7561846258899 -0.02639483650117829 0.05445900345398902 0.9981670849857212 -4.773574884733368
-0.9936183626318216 0.10798771895003012 -0.03257609548177856 69.00047716851319 -0.10959484157907863 -0.9925932430548137 0.05241778840427432 13.961203851174663 -0.026674334858138846 0.0556534491106264 0.9980937698743448 -4.848766425104792
-0.9939083443721448 0.10626881164287538 -0.029208605913977063 68.76047137893583 -0.10770795567010218 -0.9927610972540345 0.053145085044001304 13.609166594971574 -0.023349502624134936 0.055967342718568035 0.9981595349823761 -4.898038500919695
-0.9936361648380837 0.10752699706782698 -0.03354276117786453 67.826201552094 -0.10918742750169982 -0.992640148590259 0.05237977741710293 13.571841613064443 -0.02766365126698069 0.055708888952117536 0.9980637465063545 -4.942768424068435
-0.9930924850215992 0.11286568852422843 -0.03207261366932416 66.6246742067031 -0.11426772232053961 -0.9923897524734098 0.045885366092494266 13.070517267624233 -0.026649649703260142 0.04923327675178101 0.99843171054959 -4.979760413925436
-0.9935016270060966 0.108943296115631 -0.03295262307773279 66.52548841276891 -0.11037958475187669 -0.9928493092331172 0.045459833098312585 13.483478957313231 -0.027764445001549676 0.048801714998404494 0.9984225198817266 -4.943304528944399
-0.9932355428664151 0.11077931423162411 -0.03480086098407627 65.72341824498605 -0.1122679739294891 -0.992693947376718 0.044211184912886434 13.435732147012125 -0.029648919316373902 0.04781914240140215 0.9984158808849994 -4.953609121827818
-0.9941331463091678 0.10466108133884608 -0.027301015776338564 65.30361260659033 -0.10600833550546933 -0.9929120036467504 0.053739983416012035 12.747050804002246 -0.021483021500624394 0.056318834036020636 0.9981816812184209 -5.059137924424818
-0.9930208963855681 0.11272055976893922 -0.03469257481051607 64.70478718940194 -0.11417631831900665 -0.9925160371440817 0.043309171625976584 13.32343930172215 -0.029551102800448842 0.046967982894615054 0.9984591833951443 -5.091030122113627
-0.9934727552510046 0.10808909588746066 -0.03645040362208797 63.943289549964376 -0.10973164733424834 -0.9928703958497036 0.046554727134514445 13.11494005840265 -0.03115846830788687 0.050250615871734544 0.9982504823225641 -4.990323654173871
-0.9937113778443526 0.10741194160741967 -0.03162866331047447 63.528749995019886 -0.10875687981222466 -0.9930756878835271 0.04441417823370232 13.222000324928088 -0.02663904345490586 0.04757470898271542 0.9985123977342629 -5.084836711156068
-0.9942942102728621 0.10223904227608918 -0.030433561282541835 63.09305221853922 -0.10338790366370157 -0.993878991386195 0.0389293187352415 13.146834308835992 -0.026267180927830796 0.0418536583303401 0.9987784071006326 -5.157559983548741
-0.9944358191089915 0.10009979676535237 -0.03282426481395776 62.39416566405038 -0.10161213936437077 -0.9936559435064815 0.048195840775451 12.732805717462783 -0.02779163195706179 0.05126301416999077 0.9982984165926481 -5.112665145593692
-0.9943243863936154 0.10117342523111836 -0.0329082459267075 61.85620793950211 -0.10275938958492001 -0.9934120452635393 0.05072490687479425 12.718748856453725 -0.027559435319033408 0.053818643166891514 0.9981703417616574 -5.087034728990703
-0.9940870993989048 0.10195966222879482 -0.037350583487676434 61.67945935492743 -0.10383371212618728 -0.9932217992286302 0.052240001561541266 12.727521050175161 -0.031771040819822745 0.05580936135851129 0.9979358276712956 -4.937472570492327
-0.9931738660080176 0.11200910552191923 -0.03255199162678369 60.80317601125003 -0.11345128534492326 -0.9924561712515095 0.046471001693311566 12.91072289183219 -0.02710124964415359 0.04984684969960707 0.9983891094371744 -5.188988524781485
-0.9932261362276726 0.11096346573047292 -0.03448117729045778 59.688367683763055 -0.11284295644756182 -0.9918935201855945 0.05842697830636274 11.996381633299656 -0.027718396317742432 0.06192215990193428 0.9976960141338961 -5.140710308054835
-0.9930198773456108 0.11267259486442688 -0.03487706356653942 59.47468869684952 -0.11440423925270858 -0.9920493111990156 0.05243886145380828 12.697116660236345 -0.028691344296092988 0.05606291569370231 0.9980149078277406 -5.116793571412856
-0.9923684018125777 0.11952261621656507 -0.030319948824243766 57.944527124700315 -0.12108750040839154 -0.9910337259516792 0.05647983065826109 12.663422109921333 -0.0232974747302104 0.05972016610062137 0.9979432496049667 -5.247685147030854
-0.992994762559788 0.11372740282982989 -0.032054319122634116 58.46375524187871 -0.11533777959264374 -0.9918626913302041 0.05390360049054953 12.384014387283935 -0.025663166746766195 0.0572230669641895 0.998031523790579 -5.23296764363167
-0.9924289790622047 0.11963512975627788 -0.027787717534100212 57.775152107078895 -0.12090224616220303 -0.9914257893933393 0.04957369260735439 12.499070334824095 -0.021618704644105986 0.05255796660825362 0.998383839891019 -5.334471740522042
-0.9920993453176798 0.12178118981261628 -0.030136868252318736 57.09808365941395 -0.12332757772759854 -0.990768584389539 0.056284285183322555 12.180340732154754 -0.02300429507890609 0.059556309443901764 0.9979598430865606 -5.315300475565596
-0.9919455069968489 0.1239262749033216 -0.02619903695466538 56.635305918795645 -0.12509202842902695 -0.9909395318948866 0.04889609955260663 12.444682570893914 -0.019902149941096264 0.05177955693642493 0.9984602054720043 -5.387737499793479
-0.9909055450355367 0.1325970445585209 -0.022895951436404285 55.31805720883552 -0.13359720703170844 -0.9897849164842123 0.04977554995848578 12.746067675947945 -0.01606197656453765 0.052381703625293895 0.9984979569504238 -5.566117745486973
-0.992736822971026 0.11775106941749568 -0.024663454105847873 56.246615537707996 -0.11887212450915298 -0.9916289124425683 0.05041347064675343 11.873918761775872 -0.018520754090356393 0.05297910587209714 0.9984238558893356 -5.4401244179764925
-0.9930120814413647 0.11542522956103274 -0.024576869049385074 55.170349707552376 -0.11664399785001241 -0.9916010708156048 0.05587033311975085 11.721228583425553 -0.01792160364066671 0.05834666004262271 0.99813550351885 -5.420347778507761
-0.9922304990725838 0.1221254649014385 -0.023748842767168314 54.68707368763804 -0.12319749367290721 -0.991088029086344 0.050664545339548485 12.170374098373077 -0.01734976261758193 0.053196705014092675 0.9984333209147019 -5.431035934665823
-0.9923848309747639 0.12013479079806884 -0.027202560377678302 54.3125135638323 -0.12139747803418972 -0.9913004491267109 0.05085343536214908 12.129925113582807 -0.02085664350119384 0.05376850008227485 0.9983355892788635 -5.402145687852399
-0.9922316824855135 0.1217952090096464 -0.02534196784520246 52.692834339070515 -0.1229049765295768 -0.9912483549850067 0.04817743749712141 12.581795495520218 -0.019252402869128656 0.05091783382883701 0.998517260332518 -5.563491488363777
-0.9925287400003845 0.11966774179266097 -0.023797727780184526 52.83454991535037 -0.12064224824866256 -0.991679464398697 0.04491422744994642 12.2976303493839 -0.018224933765662303 0.04744967296159692 0.9987073546966024 -5.540316686552012
-0.9927272522765516 0.117983570075935 -0.023926549680141154 52.79390313904584 -0.11900482781752743 -0.9917781468136474 0.04705271999594618 12.25213415886142 -0.01817838121450991 0.04955789235866585 0.9986058089964255 -5.5016823555968175
-0.992624814460818 0.11903281023124998 -0.022960135127620535 52.287270845501354 -0.11997889400907318 -0.9917318031388821 0.04553125997888724 11.906336309377137 -0.01735058238177088 0.047950190107620826 0.998699022007965 -5.5051486658139295
-0.9926459526953186 0.11913447145386705 -0.021470684875364146 52.05334151094763 -0.11998377591450492 -0.9918028178539935 0.04394387345446892 12.001328035615465 -0.01605945562300744 0.04619684197315033 0.9988032567411923 -5.524458520329926
-0.9922001698045133 0.12327763360244247 -0.01847831413531953 51.51290174711621 -0.12394888356612473 -0.9914351189674885 0.04114704291484862 11.881829322110583 -0.01324753949278843 0.04311646937432324 0.9989822184433936 -5.65702850868248
-0.9934326814322503 0.11314709709116406 -0.017007112693743977 51.192997456856126 -0.1137406826204251 -0.9927313334722684 0.03933899667523531 11.608607644665742 -0.012432400386691703 0.04101504555912206 0.9990811786128364 -5.657391852843554
-0.9940000801799759 0.10868252707006526 -0.01232675593471657 50.735103797163525 -0.10911545777915506 -0.993108445830294 0.0427718563331939 11.037952364257293 -0.0075932519946864015 0.043860268241389444 0.9990088184765683 -5.6509707965757725
-0.9940551592438681 0.10775018975927088 -0.01562808329575 50.58368876647152 -0.10831158124783767 -0.9932645778774014 0.041159199477489326 11.247291589071493 -0.011087910003746692 0.04260721700458096 0.99903037156579 -5.593526313077869
-0.992894972794425 0.117990643966987 -0.015420147075366687 49.983084166605686 -0.118499320870509 -0.9922339485481889 0.03781140438681346 11.50113394495283 -0.010839001466888482 0.03937003028611799 0.9991659105286169 -5.665178619983423
-0.9931404254522814 0.1160118640761612 -0.014606256400587027 49.16006207287348 -0.11651999835400229 -0.9923482216472741 0.04084234294305201 11.298960939579127 -0.00975629622598525 0.042264102818685 0.9990588372547858 -5.773379236493113
-0.9939440315023658 0.10896485692984495 -0.014209932972711585 49.251727076420025 -0.10943235756006807 -0.9932737048889841 0.0378405377202849 11.018261701347553 -0.009991063991190098 0.039166403081891565 0.9991827518076767 -5.741444229854879
-0.9935043594233389 0.11285104229525887 -0.01461950955757461 49.01991521196033 -0.11334568612392253 -0.992782535713681 0.039186633167647394 11.210574618687577 -0.010091741372448235 0.04058914922477923 0.9991249560096533 -5.741385085033157
-0.9948941409002596 0.10017614290943154 -0.012263310895639454 48.73783412096259 -0.1005772918080588 -0.9941928245408486 0.03827317603810689 10.679509661913452 -0.00835803654516714 0.03931116919244024 0.9991920612183844 -5.650880537333369
-0.9939473455096126 0.10893197588357553 -0.014230213789588338 48.22081050070055 -0.10939617975422189 -0.9932932089399306 0.037430962170331976 11.03899064160487 -0.010057346050523781 0.03876113651473895 0.9991978903533169 -5.64052927940648
-0.9943483108308181 0.10569350513204621 -0.010015973283177458 48.04597781467154 -0.10599299387658759 -0.9936902673191538 0.03667612144533516 10.855055292326941 -0.006076347339016006 0.037530462401866686 0.9992770098400815 -5.739910069795254
-0.9947358730367262 0.10180521567925711 -0.01167223005106601 47.736327148460546 -0.102160202415644 -0.9941343394149817 0.03549941180262063 10.776892575513996 -0.007989739436263667 0.03650497577642893 0.9993015314745137 -5.652675295058883
-0.9950979372072054 0.09825368020495873 -0.011238758479127793 47.79503999516191 -0.09861282453361293 -0.9944057857874485 0.03785028441044693 10.69640129338036 -0.007456956716581679 0.03877302565741946 0.9992202191098327 -5.686698393206609
-0.9943542802882043 0.10607881409951037 -0.002617340593367008 47.25715474908654 -0.10610819515040772 -0.9938420716661425 0.03192158373707781 11.010259878415887 0.0007849805494396624 0.032019084708997475 0.9994869493995154 -5.759142331525304
-0.9959412587143471 0.09000068385608324 -0.0009413266860999396 46.75261785008026 -0.0899832014074611 -0.9954055392665894 0.03272362849473832 10.543003332072539 0.002008147145175495 0.0326755153415355 0.9994639953706304 -5.744658287510362
-0.9942634807306967 0.10690661197846302 -0.0033327467003251344 46.67608525472297 -0.10695831157358349 -0.9937130600211729 0.03307981149710528 10.713653776833269 0.00022465665018618825 0.033246513480996234 0.999447156617473 -5.720113378591232
-0.9950325616604873 0.09950731051026913 -0.0029148568382205827 46.16743724773503 -0.09954999321608476 -0.9946031979087121 0.029228026967980873 10.463590618833255 9.276422365133591e-06 0.029373012524702372 0.9995685199370652 -5.710090491007617
-0.9931189643517786 0.11694492057504935 -0.006213549432230233 46.52717476288905 -0.11709589851963062 -0.9924214377344901 0.03725909922275235 10.840172116659158 -0.0018091972616655775 0.03773029918654293 0.9992863209954214 -5.563764883320524
-0.9943605722603438 0.10605113388583756 0.00045753208902866966 45.285303815310435 -0.10600608751506403 -0.9940468074387389 0.0251724855864403 11.040456815795476 0.003124378951566657 0.024982025986277384 0.9996830180781257 -5.901536386236629
-0.9935764478409957 0.11313454408389115 0.002533225336760212 45.77024892837582 -0.11306047342780783 -0.9933806028539471 0.02030534958606409 10.753626823886437 0.00481369338007924 0.01988850945801767 0.9997906158529344 -5.8408075970599
-0.9941567139825713 0.10790269863622629 0.003071753635827165 45.365360986147365 -0.10784379209099813 -0.9940499111784913 0.01531308569389905 10.678130674774765 0.004705799699675729 0.014892337393923245 0.9998780294296561 -5.860809124111811
-0.9942429113553753 0.10698983966359747 0.005848711682917683 45.37462722860485 -0.10689053416383659 -0.9941538145428576 0.015251450293583662 10.423190241490156 0.007446269251281845 0.014538474426327058 0.9998665840178872 -5.829948946879727
-0.9932164130331089 0.11591444251845474 0.009219484653806608 45.08622373472139 -0.11578752485090833 -0.9931852163412879 0.013280629880187831 10.705588189404894 0.010696072669301991 0.012123038263955277 0.9998693044456902 -5.839044657147602
-0.9937754616890879 0.11139740491027589 0.0009746403967892078 45.2440754329305 -0.11135546897832889 -0.9935772527257755 0.020104785363847848 10.512952218670838 0.0032080014436480227 0.019871110818648063 0.9997974033180829 -5.921360486717304
-0.9930162850681377 0.11791755863124498 0.003755922779472095 44.78902062017204 -0.11780195873801795 -0.9927726810471238 0.022915110385812718 10.493552581028318 0.006430871400042961 0.0223126227269554 0.9997303590269163 -5.892335367131004
-0.9922571077119855 0.1241914372106009 -0.0015228652636783183 44.73965677962364 -0.12419577047987906 -0.9920324928277796 0.021141044648064326 10.865770125064158 0.001114804895208875 0.021166485241257825 0.9997753433209804 -5.882391428257544
-0.9922206036715885 0.12449194645468649 0.00017005150478281123 44.61699468350221 -0.12445899468998498 -0.9919876036705413 0.021692229132483785 10.959940996565237 0.002869196812373961 0.021502312245484684 0.9997646814514676 -5.897591303814118
-0.9935517461596094 0.11321760767331503 -0.0060581363412817455 44.51187035563582 -0.11333263311374796 -0.9932590528070092 0.02433450818140035 10.675276501028026 -0.0032622039639124242 0.024864177638885068 0.9996855158976988 -5.78288729598171
-0.9937291118218762 0.11175619081822039 -0.0036064014624994875 44.5959399499937 -0.1118110681649065 -0.993430501964035 0.024374634424134255 10.603731142592864 -0.0008586929193468163 0.02462501941703128 0.9996963894429083 -5.791568365396489
-0.9940059009335127 0.10931529573280574 -0.0015604576916526352 44.45599605545099 -0.10932034593443139 -0.9936986892925928 0.0247381661196039 10.418335905925245 0.0011536351823599289 0.0247604728758272 0.9996927468521707 -5.75827008696422
-0.9932744369709292 0.11578143127536215 0.0007436611606847825 44.311613655733744 -0.11573662081846253 -0.9930324285930793 0.022172739209663873 10.549716108795337 0.0033056711294353106 0.02193754622481033 0.9997538780139961 -5.729716267825781
-0.9930962785588325 0.1172052570957675 -0.004765419364876468 44.30711858479094 -0.11729326068626499 -0.9927002862197829 0.028079044441593908 10.568920650926941 -0.0014396215446896366 0.028444146116278587 0.9995943467434865 -5.706298169577771
-0.9926013256102865 0.12141829283791795 -0.00045448986168846763 44.23508978173345 -0.12139622527902552 -0.9923342930830997 0.023143190343335052 10.698990238071799 0.00235900078669857 0.023027134767282034 0.9997320571931769 -5.718458559323055
-0.9925102291159177 0.1221450485227756 -0.0020080392540138435 44.16134079276359 -0.12215256508401813 -0.9921037248945404 0.02844204447255779 10.763354821560156 0.0014818716785458882 0.02847430722165044 0.9995934262912055 -5.721810915223419
-0.992847944712717 0.11926995052731428 -0.005257145703965554 43.99884344893979 -0.119372745892564 -0.992426855573468 0.028966944516695427 10.725669914180461 -0.001762446540844451 0.0293873312462478 0.9995665453307367 -5.694035968614861
-0.9916133892830066 0.12905274302581096 -0.0069480725521807625 44.132310771229676 -0.12920776574771492 -0.9911291349205232 0.031118984273142122 10.689942079428546 -0.002870446857381741 0.031755746396855015 0.9994915372856531 -5.773364681029486
-0.9926655927470561 0.12038317795320942 -0.011086543285733823 43.846654243986265 -0.1207241136604765 -0.9919449911060725 0.03835131028361988 10.80646861874413 -0.006380388470352479 0.039408439267044265 0.9992028150268147 -5.730216131069915
-0.9930044580758762 0.11744195046318445 -0.012228430514184948 43.70343646710597 -0.11778233189728983 -0.9925115809739216 0.03237412431995202 10.830773341620336 -0.00833477859779064 0.033587942837419706 0.9994010113871619 -5.726134087304365
-0.9924277554093709 0.12212112477117158 -0.013175020976800327 43.75594260239877 -0.1225170311422629 -0.9918392505534604 0.03527716175706734 11.057891474650889 -0.008759416259148065 0.036624198915094185 0.9992907188004038 -5.752348508978665
-0.9932456338139741 0.11516310299993969 -0.01416229560882235 43.55960004325257 -0.11563432838643284 -0.9925316229257843 0.03885459549312613 10.779579625721718 -0.0095819104621832 0.040229804868291606 0.9991445089636241 -5.783987081403633
-0.9933346984346486 0.11437429872506838 -0.014307224639985714 43.3803512351363 -0.11483212740003715 -0.9927011474629424 0.03685124614633996 10.795698489852377 -0.009987962881991377 0.038248550520315124 0.9992183389933199 -5.751318000375047
-0.993726531922802 0.11085151106531062 -0.014816283178603026 43.197882235521874 -0.11133815132794819 -0.993074015802888 0.03752086347624106 10.739364132027015 -0.010554421422631504 0.03893509511565059 0.999185999980375 -5.808209753969353
-0.9937284048867192 0.11081264217835575 -0.014980509162016663 43.19032179336241 -0.1113288121733125 -0.9929903576879298 0.03969943474260861 10.673788653500397 -0.010476301894322474 0.04111821825243515 0.9990993640406229 -5.822458948068208
-0.9932474280790774 0.11504842703206826 -0.014946773958008181 42.980839629241125 -0.11552595704602993 -0.9926357932315709 0.03644084582073162 10.855685933551829 -0.01064424083266712 0.037921516754717284 0.9992240282860138 -5.915167440971959
-0.9935698858776788 0.11220197930713309 -0.015152482192105776 42.94833666739389 -0.11274104115825159 -0.9927656072094758 0.04130262437859385 10.76494255819191 -0.010408626978319312 0.04274535040875756 0.9990317790255068 -5.8577991277041646
-0.9932886418412222 0.11464804680316815 -0.01528068563410914 42.96959410641654 -0.11515520114659122 -0.9926214786328406 0.03797209245814032 10.657287082229809 -0.010814510535297894 0.039476898573468824 0.9991619592643233 -5.830952649918539
-0.9938010660868416 0.11020098605518701 -0.01466914166312511 42.99380199101227 -0.11073717062078628 -0.9929221964592817 0.042927739532681086 10.392531044626109 -0.009834637134700806 0.044286052555486406 0.9989704827778919 -5.772502867950707
-0.9937905521310798 0.11073877679379324 -0.010828749199324616 42.863031956353325 -0.11105767550096533 -0.9931789768071386 0.03552059600650706 10.440205185781705 -0.006821378697139143 0.036502648431991386 0.9993102748646863 -5.840760820275022
-0.9939010231101214 0.10997225310941622 -0.008176784618332131 42.68341365581676 -0.11018831703046614 -0.993331800019634 0.03391857691221718 10.588327702008616 -0.004392157857999122 0.03461269443130652 0.9993911498175106 -5.8695873256699755
-0.9936904852817566 0.11173049539646451 -0.009773221524814442 42.54060781507811 -0.11201507823089513 -0.9930411240435119 0.036358605684560834 10.060959180800781 -0.005642845863467284 0.037223948700528975 0.9992910166381529 -5.919571208223356
-0.9944761873341529 0.10452972189506018 -0.009521032815487707 42.636995673337864 -0.10482664183809369 -0.9937077352743355 0.039450120619601056 9.849131590161017 -0.005337413819457453 0.040230263440530836 0.9991761796186058 -5.836473935833437
-0.9932814680616303 0.11524526473819302 -0.010509717444799326 42.8489265064199 -0.11557523776546261 -0.992505058156486 0.039699797849169126 10.212557011150189 -0.005855734010578407 0.04064773658190286 0.9991563800977222 -5.834700339733745
-0.994954078061329 0.09980075894182333 -0.010304904840272048 42.654797821000685 -0.10012044277587423 -0.9942680044347658 0.03751042915881988 9.749618240444205 -0.006502267873143615 0.03835288609676951 0.9992431018728918 -5.927779035818598
-0.9946009089479368 0.10311633137263748 -0.011664224114205781 42.7560291471709 -0.10351557967815055 -0.993764140952256 0.041441005312586654 9.889136817021905 -0.007318243220500318 0.04242469047229269 0.9990728646873095 -5.901685418955074
-0.9950082049567235 0.09957214582754537 -0.006637758966916185 42.64709124982491 -0.09974904528042298 -0.994343180418426 0.03649339010037208 9.715425364602236 -0.002966485201198579 0.0369733326963079 0.99931184954192 -5.977392811307466
-0.9946282456086617 0.10309202665585834 -0.00931058953183892 42.705912114956945 -0.10336023027985031 -0.9940106134144976 0.03549032566540121 9.784984722942477 -0.005596055212271155 0.03626202503070972 0.9993266481520167 -5.944608256768382
-0.9938496733109641 0.11012287088192003 -0.011652474776355835 42.601843593909926 -0.11048435367029028 -0.9931845390808712 0.037117097472403035 10.348197062731824 -0.007485616457441305 0.038176231341523904 0.9992429839167339 -5.887541972644196
-0.993658805182841 0.11181792508357823 -0.011786878832563566 42.37941874165134 -0.11217480852530212 -0.9930365533334633 0.03598911051840903 10.403936934182424 -0.007680573866676168 0.037083087433469025 0.9992826694241679 -5.99286988663677
-0.9951482539128437 0.09789443838279806 -0.00983014078948017 42.577678843593105 -0.09819865814419122 -0.9944508674375795 0.03774249317843785 9.186435402389515 -0.006080811862262388 0.03852468281973491 0.9992391468215949 -6.08999547443017
-0.992817779112961 0.11920385077513707 -0.010163633090237259 42.49878196883373 -0.11943561810598616 -0.992488036210922 0.02650718970087118 11.352452081342905 -0.006927525160926852 0.02753070900967958 0.999596953505055 -6.1160766877844095
-0.9932248420898627 0.11538160944611349 -0.013838253401232981 42.368537520268895 -0.11579369365204463 -0.9926899389037717 0.03403682872497498 10.543138697327139 -0.009809870844675215 0.03540860631062452 0.9993247705491801 -5.908919427599811
-0.9934442773527064 0.11330017783951761 -0.015216356222705157 42.518216850805764 -0.113780373544247 -0.9928658110346903 0.035658209076838365 10.487317718237573 -0.011067718432204152 0.03715576644303282 0.9992481947087798 -5.916934824369733
-0.9937821717833472 0.11070069150562181 -0.011931133464844661 42.70917632438309 -0.1110499312500146 -0.9932237707597266 0.034270307369583884 10.01839497944273 -0.008056538645467294 0.03538217203643354 0.9993413801534765 -5.928089036681782
-0.9952261959866742 0.09674504177329399 -0.01285362649906698 42.70743037500975 -0.09714228784120894 -0.994652133590462 0.035078612528345265 9.665322956232492 -0.009391205187267979 0.03615978479225124 0.9993018939384196 -5.987165354387971
-0.993630852965946 0.1119362788129831 -0.012961385716001398 43.09494659641482 -0.112293066217323 -0.9931851752982069 0.031200558446594022 9.87140343275491 -0.009380581735055807 0.032457311246777996 0.9994291008535584 -5.874647504259772
-0.994112197207571 0.10784661680312141 -0.01049031016024377 42.605893768299566 -0.10813278368098128 -0.9936133070921254 0.03224743498106665 9.790268065091691 -0.006945535007455143 0.03319191488264039 0.9994248627735316 -5.970361141761867
-0.9938553069958995 0.10969619683378033 -0.014777454323822435 42.83150445038673 -0.11018449746831557 -0.9931940156581659 0.03774948712855828 9.848122555931107 -0.010535904030653517 0.039145774497622216 0.9991779636607534 -5.860722539210052
-0.9936632082454421 0.11196938268113968 -0.009812538987836355 42.65608964900899 -0.11222379164361009 -0.9931965460413835 0.031087642570653932 10.173696938974414 -0.006264915682967451 0.03199184698440918 0.9994684950302454 -5.945711404776723
-0.9943198829839154 0.1057911374618041 -0.01167071280596781 42.8582899470343 -0.10609321138590441 -0.9939235744881075 0.029328460147385486 9.974364702391867 -0.00849710542993644 0.030400054462594226 0.9995016937894606 -5.9005993490976
-0.9938143447486527 0.11070342837273159 -0.008820380849807777 42.87598493872562 -0.11091112828753981 -0.9934291031924045 0.028237183859598933 9.988186192471085 -0.0056364699765912366 0.029040796766952384 0.9995623353895227 -5.944422415791457
-0.9942640183380227 0.1061731440936034 -0.012896717086627391 42.73333614677917 -0.10655449474376344 -0.993733238631993 0.03376966224108945 9.936434113057063 -0.00923046522309916 0.03495016325076195 0.9993464287225522 -5.925547954752739
-0.9948138667090769 0.10094957024304094 -0.012432009937680706 42.74132542180188 -0.1013129414231305 -0.9942983787061398 0.03326292233923385 9.766965562807812 -0.009003249609921129 0.03434993988492476 0.9993693126799451 -5.9740903783932895
-0.9942473338053971 0.10658297126439666 -0.010597615642871757 42.621029106068065 -0.10686881506375082 -0.9937704050431101 0.031613896111053925 10.086158292810543 -0.007162093809147773 0.032564586545870876 0.9994439714738267 -5.966282786032725
-0.9940127451131883 0.10885773226767223 -0.009415767525148055 42.56802615685349 -0.10911470772193953 -0.9934663354047101 0.03344579160815959 10.178987105725067 -0.00571341502987008 0.03427294185039443 0.9993961788728345 -5.927583590041172
-0.9951229378654635 0.09831103129909051 -0.008079582843548682 43.29731856580713 -0.09854171137231064 -0.9944674171491544 0.036388011054662536 9.292042241069476 -0.004457538988359836 0.0370067203843741 0.9993050750359335 -6.084733799493135
-0.9940112575137289 0.10906911390165298 -0.006748950191559557 42.78448120244449 -0.10921571778589034 -0.9936309849655696 0.027737928993771328 9.727588989977331 -0.0036806146895052745 0.02830890511939735 0.999592446433275 -6.035987896717787
