-0.992984767592921 0.10137919102239958 -0.060856478341185086 130.61741942895674 -0.10395795000928607 -0.9937439764092619 0.040812424335982554 9.165662597299708 -0.05633822821418847 0.04685263042730321 0.9973118043338997 -1.0422030071474144
-0.9933198403054166 0.09871201618826195 -0.05976313843569205 129.5142605805654 -0.10135157670936962 -0.9939265743127301 0.04286983523980183 8.424009342795008 -0.05516840358538543 0.048640546203876873 0.9972916045524672 -1.176967794630314
-0.9938632036569777 0.09893142331641262 -0.04948237966471136 132.34412640701265 -0.10403239338774845 -0.9879980279428513 0.11418037443912797 10.294199149880928 -0.03759246656859025 0.1186274431218655 0.9922269580069212 -2.0184778578311215
-0.9960365686176956 0.07759778267505787 -0.04347111800041251 127.41876629300097 -0.0807011548714556 -0.9939215506314617 0.07488173871355713 8.499172954696341 -0.037396224123628065 0.07809311950656446 0.9962444414434833 -2.6262871685356766
-0.9940637337169969 0.09332379876939179 -0.05592818512952267 125.51354072642955 -0.09592557612548341 -0.9943346516965876 0.0457917490430952 7.958294263084893 -0.0513378725077896 0.05088486040741283 0.9973841555928704 -1.6701387288383267
-0.9784520767626866 0.20260335897265022 -0.03979211494498225 122.14239432923998 -0.20389666274477664 -0.9784804578985076 0.03165666489491077 19.22178862923029 -0.03252206021053582 0.039088008950644244 0.9987063848579035 -2.779351178677759
-0.9955489982871398 0.08387902238667146 -0.04297093916742333 124.29166190681313 -0.08732590970117585 -0.9924725769130269 0.08586250386796385 9.128729527805996 -0.03544541584374899 0.08923280606968605 0.9953798917079871 -2.973286598958015
-0.9946665561244235 0.09330097192160854 -0.04397011219077092 122.37319079577647 -0.09665658872324107 -0.991963558069293 0.0816443710178072 8.553583171574905 -0.03599924976957332 0.0854589263973648 0.9956911297762234 -3.037822416022932
-0.9964035624859433 0.07463755912361118 -0.040114528956403016 120.49001574000151 -0.0777667912946157 -0.9934997585172785 0.08312975398647948 8.049502438450489 -0.03364917290312358 0.08595036122194229 0.9957310221986468 -3.014196364482058
-0.9976193259765701 0.05448183748352592 -0.04227776983811468 118.65179699215096 -0.05796949019607752 -0.9945897902331309 0.08620143485133155 7.550612183432306 -0.03735262567039784 0.08844703809874059 0.9953802804994154 -2.825310984933248
-0.9903154668543749 0.13551950012072925 -0.030161916319009052 115.30047452380921 -0.13685523345692815 -0.9894369279726524 0.047803876824954114 19.031687309274705 -0.023364956333297774 0.05146873469469963 0.9984012460751847 -3.7728743458677183
-0.9901907771785747 0.136790044022282 -0.02847294587634811 114.00453834050748 -0.13835560955397946 -0.9883621085095534 0.0632302757189869 18.861562222223938 -0.019492308622684543 0.06654942763791866 0.9975927142805476 -4.20984663875186
-0.994676358957479 0.0881214333871144 -0.05341866629659005 117.57921282768876 -0.09165107214759952 -0.9934883424089758 0.06768304419621518 6.841990640276998 -0.04710649536212342 0.07221860200302624 0.9962757909431692 -2.701531236105374
-0.9947917995924378 0.08747897943052912 -0.052313512799712046 116.61794077675447 -0.09082040487282322 -0.9937221793474034 0.06532904661633049 6.6505408421672785 -0.046270179623481476 0.06973993426190642 0.9964915514176549 -2.6998016078758478
-0.9962511509002397 0.08110208133900722 -0.03010144070370523 111.86732662409756 -0.08193679887528428 -0.9962548384457048 0.02761626085476061 10.415510121939182 -0.027748969711130576 0.029979147352912155 0.9991652743185019 -3.799507943278425
-0.9998365526830998 -0.010557223679976656 -0.014676952918023456 109.48429584818524 0.010206646504391126 -0.9996656025051655 0.02375936731334912 6.284217220757445 -0.01492287793695742 0.0236056814383144 0.9996099636947972 -4.233183659721747
-0.9998479828771595 -0.008052209085935692 -0.01546522115336077 108.87335810340137 0.007809690150906805 -0.9998465855829276 0.01567845776579291 6.113802294739051 -0.015589094785547672 0.015555295786429746 0.9997574770396901 -4.286775889649114
-0.9915000369673953 0.12810457755893773 -0.022735300792151247 107.4760550130023 -0.12896240201619794 -0.9907827392175325 0.041451930411254403 17.782335116013634 -0.01721556156144603 0.04403158953584505 0.9988817965921089 -4.435082459335838
-0.9958010153928607 0.0717861204227838 -0.056807487686041575 106.97567365712578 -0.07457700754295098 -0.9960285663038267 0.04863501878980446 9.631424919780347 -0.053090561199640986 0.05266733353219588 0.9971998517298953 -2.390437017744953
-0.9919321227390135 0.12204632999732286 -0.03428348308821347 105.73850706545375 -0.12348530761094749 -0.99138964603497 0.04356545120722343 17.62371462860318 -0.028671286729150768 0.04744747694918667 0.9984621646554545 -3.623054279364541
-0.9974229088902083 0.048421686631334324 -0.0529422429141058 101.98979427902013 -0.05156508098896196 -0.9968827167710913 0.05971508541140582 7.512398352980098 -0.04988570179521433 0.06229116523927459 0.9968105273769636 -3.073520979857336
-0.9971969850740271 0.0409363043342884 -0.0626290024407933 102.67787785105754 -0.04382638793622196 -0.9980029629435584 0.04548992939492719 8.285909656771421 -0.0606417404082545 0.048107223400880264 0.9969996360966885 -2.223302474912804
-0.9933177179071532 0.11307225304631253 -0.023120918726693956 102.62851833282984 -0.11411682334560085 -0.9921880053255576 0.0504015150328784 16.71239541078369 -0.017241285371017514 0.05270320368944373 0.9984613715110033 -4.298595799216144
-0.9925478875334329 0.12093159346133682 -0.014974667135932943 101.41636112554022 -0.1215053137786315 -0.9915023676972008 0.04647056675362439 17.030838071412855 -0.009227658234187686 0.04794376449287311 0.9988074117515207 -4.717786633266143
-0.9925097152077824 0.12100284256815295 -0.016815983723708947 100.43154169193411 -0.12160419008665281 -0.9917260866344559 0.041131375397355674 16.917132680137918 -0.011699836389404751 0.042868183762965834 0.9990122284783746 -4.618045952679216
-0.9928667232331476 0.1181318686059114 -0.016140988691956067 99.3548605563344 -0.11870722259344747 -0.992074659411905 0.041188171322695505 16.780400714736736 -0.011147430216333132 0.042810416634664346 0.9990210223149163 -4.6113521727554145
-0.9931774159041774 0.1116896359680676 -0.033526791603652885 98.75410095467635 -0.11286262179330803 -0.9929795427483319 0.03540700898495758 16.562600391119716 -0.029336822252165686 0.03894936328928198 0.9988104414549899 -3.617465218912506
-0.9928823183621808 0.11477067267898074 -0.03181814854073483 98.3835700113168 -0.11599958208815091 -0.9924467548358674 0.03991911536009836 16.617117630405403 -0.026996274541509543 0.04332587573924556 0.9986961848591963 -3.8845977725265692
-0.9934630682446146 0.112815844524737 -0.017427485710067078 96.42265366849111 -0.11350331708216302 -0.9924981369312064 0.04543616620532478 16.118055531440266 -0.012170827636216656 0.04711723052410862 0.9988152169157206 -4.671638660757206
-0.9936740303639873 0.1106464517283407 -0.019216766120488483 95.45541108467246 -0.11135094266744425 -0.9929520660959278 0.040585243659544676 16.091601489008085 -0.014590714419562457 0.04246830766302021 0.9989912681785442 -4.517125026345234
-0.9925843039752078 0.11837371973492657 -0.027641671045293324 94.76161750845365 -0.11951086046301403 -0.9918603604070902 0.043933810266216275 16.637146162282782 -0.022216069261898314 0.04691149037532951 0.9986519705769978 -4.050180942434966
-0.9931724959045682 0.11581178345077585 -0.014000863996503802 93.32404892506004 -0.11629715530944615 -0.992362429048308 0.04113126645599002 16.16174794580992 -0.009130446080488241 0.04247870322047914 0.9990556514664662 -4.7619248438324036
-0.9934286448455354 0.11340311345177827 -0.015468078737117504 92.42368311699803 -0.11395915739988116 -0.9926090439266918 0.04172045493104116 15.840329301692643 -0.010622525362828232 0.04320902422396009 0.9990095806249999 -4.756767380970728
-0.9934702966649495 0.11286173562136284 -0.016703241511803302 91.34572509045478 -0.11346295538503459 -0.9926963827526374 0.04098840598417183 15.769749591839163 -0.011955224789284109 0.04261596299935754 0.9990199959449659 -4.761882056378816
-0.9927547743340561 0.11736211832501893 -0.025769967388631708 90.65762240640373 -0.11835123262606949 -0.9921263814347034 0.040966193344973964 16.00831269082896 -0.020759185264294957 0.04371929143469286 0.9988281532794419 -4.377835424639389
-0.9932685376712778 0.11371168274615973 -0.022074086151128533 89.64862878906473 -0.11448417525518136 -0.9927123017958859 0.037625250554121144 15.510483323262159 -0.017634786318872418 0.03989911114493095 0.9990480845491577 -4.594524693541991
-0.9932221237564198 0.11381250969589281 -0.02359079306673085 88.78117800676353 -0.11460032008652778 -0.9927851327497742 0.03527671791826254 15.443651669972201 -0.019405656826315287 0.03774112912647504 0.9990991080245263 -4.573472491598647
-0.9934706124141385 0.11168879017471615 -0.023275661511257376 87.96529364432814 -0.11255013100882022 -0.9928511728779401 0.039736840901089775 15.34651694872214 -0.01867110814535391 0.0420970624178177 0.9989390507215228 -4.6624180313998345
-0.9934395527337705 0.11189394070754952 -0.023613578658728047 86.97620981346086 -0.11275870194219911 -0.9928498103037234 0.03917562145237375 15.393938223548693 -0.01906122242793669 0.04158124833148162 0.9989532869893138 -4.561326766536331
-0.9930625283704515 0.11526378749127417 -0.023260998251610886 86.01714373630696 -0.11606090925647856 -0.9925727673059412 0.03645774191023428 15.407842474242242 -0.01888597598894703 0.03890450996734965 0.9990644418730716 -4.789197348738801
-0.9930783792748843 0.11203594649244414 -0.035260166056341385 85.29673622874907 -0.11364048151494861 -0.992391938806899 0.047371729461156434 15.32082539689722 -0.02968456800814102 0.051050822565672935 0.9982547971021956 -4.208591106946366
-0.9930387456651809 0.11483279040469795 -0.026219837062940152 84.19516243590152 -0.1158278532988463 -0.9924534496763567 0.04024995187190088 15.380359004996771 -0.02139995345596168 0.04300674916080195 0.9988455643985776 -4.76733734378182
-0.9930297522853195 0.11487886204367176 -0.026358264960253352 83.29698097087987 -0.11595963396036202 -0.9922794260869293 0.04398754205883857 15.32353416277748 -0.021101525251589814 0.04673743275094953 0.9986843034772878 -4.764608189445923
-0.9935016266257489 0.11108256879058517 -0.024802838605352977 82.4979268203607 -0.11217618572000014 -0.9925181324514953 0.04821058091659119 14.746954662560633 -0.019261911880979334 0.05067957839098251 0.9985291979130135 -4.699709764268864
-0.9934407279227717 0.11217415880235025 -0.02219184988381956 81.6664203250645 -0.1129172230149784 -0.9929637403785754 0.035675075893123354 15.0180375679595 -0.01803388063803611 0.037946915426410585 0.9991170155486099 -4.826967928653687
-0.9933927751437139 0.11255211729200079 -0.02242354087456266 80.8250708695644 -0.11334809527127984 -0.9928238434758028 0.03811856666122086 14.971165805134751 -0.01797230064956342 0.04040837436746031 0.999021601213077 -4.894209767807778
-0.9930238747888784 0.1120206080968488 -0.03680988265258727 79.99348482781498 -0.11366307183885022 -0.992451530931647 0.046050676993785296 14.949824654922915 -0.03137339955185923 0.049913346041340435 0.9982606712114455 -4.264254950072268
-0.9934062865900941 0.1124030630308319 -0.022572132920260127 79.21191673988065 -0.11323761102683898 -0.992765706026106 0.0399186220631992 14.83603560181902 -0.017921864083223323 0.04221142451726652 0.9989479478070973 -4.8689403735150885
-0.9932492798082551 0.1122861013078433 -0.029115281442333094 78.21130716671846 -0.11334715096415408 -0.9928365602310082 0.03778872896739442 14.791508192728438 -0.024663566828236196 0.04083376203274187 0.9988615080928698 -4.540542984731439
-0.9936764472795746 0.1090227973730243 -0.026854194733975916 77.30344299146942 -0.11016379584301694 -0.9928721023076477 0.045485454209651256 14.476827373910877 -0.021703829323582814 0.048156184568146077 0.9986039884161001 -4.717550163112846
-0.9935372945027527 0.11049712698744019 -0.025962075411502288 76.68861802958156 -0.11157282847001637 -0.992760713281966 0.044471003036582434 14.505596478886396 -0.020860210434011095 0.04708026222740283 0.9986732701585919 -4.882343238542972
-0.9933438223872422 0.11112256168389047 -0.030328646687778578 76.15146326459899 -0.11235830723988864 -0.9927524223032463 0.04264081149815294 14.705349019004048 -0.02537048125851694 0.04576466208598451 0.998630028781867 -4.6789483397161575
-0.9933623051588302 0.10814891921220919 -0.03918088772308056 75.3606990125856 -0.11029894045778978 -0.9922251550124098 0.057648811735266356 14.363288091384865 -0.03264160571152023 0.06158776691706279 0.997567778420473 -4.3110912802556705
-0.9934340076233418 0.11120955150242755 -0.026857180642417475 74.7483958314115 -0.1122892898378471 -0.9927556193870046 0.04274804747862061 14.291799235418175 -0.021908625815949892 0.04548313786614262 0.9987248351196212 -4.936599359989984
-0.9931507604304053 0.11435375962506525 -0.02397466821728368 73.6493081225695 -0.11531280397080927 -0.9923805849126701 0.04340198070115094 14.23439781489566 -0.018828815600203927 0.0458692963539385 0.9987699852093558 -4.970064235978756
-0.9935773583410361 0.11069990537780887 -0.023442780154920927 73.13202002955423 -0.11163542992647578 -0.9928056856115061 0.04329435763002467 13.995669876586245 -0.018481444131309324 0.04563333832637845 0.9987872819855153 -5.0640973973074335
