-0.989579069577944 0.1417599407736426 -0.025246469953403173 128.89467231313077 -0.1425921488031167 -0.989164331142405 0.03494860648596156 14.066832275518989 -0.020018595179593642 0.038184357889772494 0.999070173040705 -4.039301427885981
-0.9914871528592047 0.12718764004615407 -0.027866286703556165 127.83286325119407 -0.12819003995423528 -0.9910309965107634 0.03774755106517886 12.150597162555231 -0.02281533194337794 0.04099839233892653 0.998898689784875 -3.6860685259848993
-0.9917501907193426 0.12532567657270294 -0.02692645538761281 126.83720818332169 -0.12630614344183433 -0.9912454004679847 0.0384618535683652 11.716450450973642 -0.021870467233182204 0.04154552734841377 0.9988972178459372 -3.6413234692618413
-0.9908658695994745 0.13042561908869565 -0.03426348418090611 126.02495431751473 -0.13167458433916432 -0.9905969041265872 0.037142662450698624 12.22091795176701 -0.02909694660946112 0.04131502656598356 0.9987224020106222 -3.0177889648889575
-0.9910131921726698 0.1304621686213039 -0.0295376962265558 124.9063019947641 -0.13149474377472076 -0.9906546966811643 0.03622712109978595 11.96676167654586 -0.024535388714394143 0.039785606721330836 0.9989069627339927 -3.4550178807067304
-0.9922955692257601 0.12288519108082191 -0.015771274772865097 123.30104327749766 -0.12342295716211808 -0.9915673413200726 0.03950925553340108 11.627295342328917 -0.01078317858007517 0.0411513965798855 0.9990947330555002 -4.564540120216618
-0.9905675045956084 0.13334192346266896 -0.031558680050164 122.12672901733589 -0.13466210337101672 -0.9899033068971007 0.04424433195201012 12.756863119346178 -0.025340417418162925 0.04807675572937042 0.9985221523850211 -3.3232990842345336
-0.9888653376688333 0.1440788432151315 -0.03723749313392039 120.86518040200876 -0.14580541704062655 -0.9881103885671513 0.0487713068031402 13.787086500287204 -0.02976784034353791 0.05365768298637612 0.9981155888662496 -2.7753955913148114
-0.9888449908072294 0.14457761689372095 -0.03581754945264298 120.00679101305356 -0.1462331879991028 -0.9880375425806459 0.04896600023304171 13.84180759893439 -0.02830969591993966 0.05365749849308436 0.9981580205420368 -2.898143204406249
-0.9891894556192798 0.1437480418431769 -0.028995195427676833 118.5325457961766 -0.14513720182213086 -0.9879664614117636 0.05345525018893626 13.818703563728544 -0.020962193083727612 0.057085651365044995 0.9981491946945364 -3.4982624439252707
-0.9874582237157115 0.15642839714315282 -0.021363824176320368 117.10907414557481 -0.15735140061943037 -0.9861662037550626 0.05212250276446911 15.03324652974905 -0.012914841823117057 0.054830421652151136 0.9984121552355677 -4.268586884111766
-0.9864831256145509 0.16240323104604007 -0.021822773049207815 115.75348861557197 -0.16333876318719773 -0.9852117782435295 0.05175133283988953 15.69929403187768 -0.013095469377878368 0.054616321333785585 0.998421537290615 -4.337971214107165
-0.98938996107841 0.1427517718963949 -0.02700808282170318 115.42329344183598 -0.14399354338806242 -0.9882318203764654 0.05161132296277429 13.471115775547785 -0.019322639048917102 0.05495271436295993 0.9983019757590063 -3.825511775192591
-0.9855828640667331 0.16784864958122184 -0.021289642828958465 113.60126070593688 -0.16882463439958617 -0.9839215998204317 0.05827974113404934 16.534924100192985 -0.011165163584581257 0.061033730351060606 0.9980732552681589 -4.418761469200422
-0.9859873849039973 0.16541428703467514 -0.021609961938747382 112.51465813792126 -0.16638652601195172 -0.9844710511043558 0.05596671778085781 16.244644907748995 -0.012016687224772499 0.05877808420064638 0.9981987457645176 -4.35125819470277
-0.9884352116863813 0.14943347326259515 -0.02579669295056157 111.5641145964006 -0.15061168012691922 -0.9872124242533197 0.05222787770185762 14.23422719615133 -0.017662222619319844 0.05550915661916802 0.9983019480215309 -3.8295484686907764
-0.9887901912019175 0.14704202642498007 -0.025934537738752043 110.82131974196275 -0.14834885847869755 -0.9871743879914567 0.05898596343004851 14.718626396777065 -0.016928495826710018 0.0621721011269432 0.9979218686202463 -4.217072090007251
-0.9878665214856666 0.1489132868531535 -0.044097264386878866 109.97703777988103 -0.15084395773662843 -0.9875660255740679 0.04426562488201304 14.78567829697376 -0.0369572204334497 0.05038033475905877 0.9980460839697807 -2.908001714020021
-0.9881049648929445 0.1465774619003398 -0.04651479352604116 108.98262669149605 -0.14863176575346684 -0.9879006014220901 0.044283178735027955 14.605220664974787 -0.03946107655554093 0.050670004664756144 0.9979355560678036 -2.8390596433366495
-0.9841661078919027 0.17192812911988786 -0.043102093849912 107.44864695900189 -0.17381786092208426 -0.9837596046241333 0.04477043147265033 16.29524497307393 -0.034704802281278715 0.05155345504533368 0.9980670408201617 -3.3675738282283287
-0.988725889172985 0.14244934741040244 -0.046144333362284566 106.93867903734018 -0.14472202552670338 -0.9881905289210591 0.05034892132080205 13.577070626541975 -0.03842722220701954 0.056459383392579665 0.9976651174719837 -3.1124257490780547
-0.9883997051614828 0.14404453813626705 -0.04813723994796642 105.79034283221995 -0.14638189847581692 -0.9880052235529907 0.049173346750255274 13.56203450370157 -0.04047669249475941 0.05564934200072492 0.9976295846152404 -2.8747035010726254
-0.9866758951630887 0.1612622232185547 -0.02156787580489078 104.32631967996966 -0.16221111047902956 -0.985289827581791 0.053772774719270354 14.54210843310261 -0.012579091433246361 0.05655484971652407 0.9983202469309456 -4.5634987648706495
-0.9859763969909462 0.159407846186664 -0.04939314882537796 103.48984705440576 -0.1620472547404309 -0.9852466810290426 0.05504239050360227 14.76025655431974 -0.03989024702663284 0.062274522040648345 0.9972615765669376 -2.935009876350439
-0.9860024098135253 0.16254118397210068 -0.037143119886146374 102.14885155916762 -0.1641906025243744 -0.9853189386117223 0.04677643910937917 14.395383081290573 -0.028994721668108313 0.05222023291808481 0.9982145828374659 -3.59078374986538
-0.9898673404519664 0.13493237158712829 -0.044225596710809584 101.99241619742372 -0.1371511306624069 -0.9892002198185466 0.05169615526283981 13.236506208336477 -0.036772485156388056 0.05723792631472638 0.9976831180924233 -3.3673666064582704
-0.9883183872480079 0.14568369217650923 -0.04475519256266688 100.63188389438736 -0.14771373722642336 -0.9879600565623974 0.04599541794384861 13.697785402046744 -0.03751556026641188 0.05206907403678226 0.9979385723915357 -3.179182351494393
-0.9891420724291808 0.1398266729308961 -0.045237839112668016 99.90553890161289 -0.14205218781548498 -0.9885744147355507 0.05041629168334574 13.585577039855856 -0.037671427997111026 0.05629500925785806 0.997703230146781 -3.1406181505056097
-0.9889175337432058 0.1442485959012992 -0.035134798075026626 98.72105962779416 -0.14570506622655577 -0.9883853389607348 0.04317934000652004 13.744478616325166 -0.02849816013681666 0.047820124508285156 0.9984493430118714 -3.52847116737241
-0.9882004562801208 0.14829984173855906 -0.038301633752184684 97.91430889052558 -0.15001117352918703 -0.9875892737001826 0.046519611872235286 14.091360413845212 -0.030927431580458867 0.05171637470536723 0.9981828041812691 -3.4856513786807706
-0.9878756683246567 0.15142445604297936 -0.03423883824274527 96.69031849142038 -0.15282894908163708 -0.9873169874597744 0.042993936734945636 14.026982046274169 -0.027294253144714203 0.04770534965235701 0.998488469317416 -3.657715887234445
-0.9876830923454543 0.15158467748060866 -0.038783948329558254 95.60816144096336 -0.15330887060716872 -0.9870979354752336 0.046195843684180844 14.074365399164325 -0.031280973259873855 0.05157277705959008 0.9981792170638959 -3.4366440526278677
-0.9883443608103136 0.1471880141599989 -0.03887303618315653 94.9025679365478 -0.14889665700065435 -0.9878063738407626 0.04547915273619 13.829317700460145 -0.03170504673534541 0.050737129276381535 0.9982086624169894 -3.4854886802133276
-0.9891091172567213 0.14307540585346798 -0.034533786347621935 93.95388745037462 -0.14451299626639025 -0.9885459001074705 0.04350858870182061 13.236316081578918 -0.027913223922504452 0.048025322701461454 0.998456018214966 -3.822433248532934
-0.9898433384444562 0.13844849619733615 -0.03228280096025179 92.8705462617373 -0.13974955294704527 -0.9892831799442353 0.04229482628556384 12.900337282775357 -0.026081176895300852 0.04637675905150417 0.9985834809527168 -3.9906187696560727
-0.9916985192148244 0.12570359847770773 -0.027067550995425745 91.56446195987971 -0.12677668822048316 -0.9910222655992464 0.04245633533860291 12.122469790541919 -0.021487631581471295 0.04553541936001933 0.998731599216094 -4.3055470855129405
-0.9919796855916129 0.12247929328506556 -0.03122700898199569 90.81255131837901 -0.1236620406230832 -0.9915471102885121 0.039268661645584846 12.30346460529824 -0.026153452592449625 0.042815310286059456 0.9987406300549739 -4.173964581450423
-0.9922974217741269 0.12065311558499504 -0.028082956398187198 89.50677498403218 -0.1218836758728879 -0.9914187975055202 0.04725608435352054 12.085105624669403 -0.0221403770550911 0.05031494462232795 0.9984879618961473 -4.397595590921949
-0.9917897163973177 0.12498564438445765 -0.02705082524328846 88.6619007154269 -0.1261698423061741 -0.9908607133578188 0.047709722452289556 11.596125831967282 -0.020840569593379352 0.05073101045554818 0.9984948849329144 -4.5063713377748496
-0.9919560955087063 0.12264363088259383 -0.03133120468570997 87.70039437379592 -0.123990952539207 -0.9912417938767458 0.04545272005534886 11.909746212445205 -0.02548231291590459 0.048971888629536 0.9984750401750242 -4.250112262231234
-0.9894940545965955 0.13989660368619214 -0.03647541905269908 87.19888901408554 -0.141531240253439 -0.9888209697303445 0.04692544995920323 12.713982659222705 -0.029502948163271602 0.05159486504119365 0.9982322104355639 -4.1210762633394316
-0.9922620452408463 0.12096164652632745 -0.028005600227500208 85.94853188676251 -0.1222144034637897 -0.991320255280517 0.048454009705736795 11.54023450150037 -0.021901441972001043 0.051501762496183184 0.998432719465536 -4.579180121509759
-0.9924347957911519 0.11873681929541244 -0.03122088798522612 84.9318619628823 -0.12014520694507352 -0.9915974934489433 0.04795352160063533 11.685436491752633 -0.025264705640527234 0.051341783465186926 0.9983615156442676 -4.304854027496712
-0.9918992959334413 0.12136211251757775 -0.03751032353931101 84.1088667753146 -0.12306505386144326 -0.9912839592192764 0.047022385229163924 11.723505455529203 -0.031476646022617565 0.051257680788643935 0.9981892961334277 -4.151590745701558
-0.9900426804559277 0.1348039189060938 -0.0405388002190113 83.41146966491594 -0.13669342740178506 -0.9894430046844473 0.04813987314236766 12.486928190583507 -0.03362138873976788 0.053201916587371 0.9980176142186299 -4.059257479122997
-0.9900761879121056 0.1345369305548052 -0.04060734473388361 83.00450519012321 -0.13642481854192154 -0.9894878886501176 0.04797902771564948 12.2815576422724 -0.033725524684550624 0.05304274249722872 0.9980225731180362 -4.063573302798303
-0.9929533950130968 0.11560470587303913 -0.02605968748810652 81.3770448384806 -0.11680753716490146 -0.9918607005952508 0.05067888984749068 11.06491652455101 -0.01998886173445544 0.05336574364433318 0.9983749510138251 -4.817571807429548
-0.990908177330405 0.13140766877270546 -0.028861889880262306 80.61948919061277 -0.13268990083856738 -0.989983289996184 0.04823355412759812 11.988942926011264 -0.022234529794640037 0.05162470451297124 0.9984190080165587 -4.62780846690937
-0.992244095025397 0.12063852968946373 -0.02996666550698983 80.1994461761831 -0.12193382558810287 -0.991471775492798 0.04599848452524605 11.161133847664757 -0.024161913514744532 0.049295674815678384 0.9984919320554285 -4.611364187600246
-0.9893893045253329 0.13974711318519187 -0.0397435334021466 79.94534961003069 -0.141627929972521 -0.9886930868744239 0.04926976170454137 12.63263172220524 -0.032408849757133214 0.054375769632524745 0.9979944599717463 -4.23479502777921
-0.9881945256078892 0.1465276536748326 -0.044735067532642434 78.57058919200117 -0.14861599430784056 -0.9877492008988072 0.047589939689592936 12.764959310193401 -0.037213785006278984 0.053676464417057534 0.9978647059462523 -4.118212365531209
-0.9875018929772419 0.15165500513546337 -0.04290420473244212 77.37194161646534 -0.15351370916222384 -0.9871681889579043 0.043960298097568684 13.217003439746502 -0.03568686685066085 0.04999726119432565 0.9981115776342127 -4.232831810501168
-0.9874275491324038 0.15211908765339535 -0.04297229788930263 76.68742193982109 -0.15400700175875892 -0.9870587427175114 0.04468648379782385 12.927978551959917 -0.0356185151805341 0.050742699932445484 0.9980763997710399 -4.271491825147826
-0.9887783935478882 0.143884594032581 -0.040180991189090555 75.80489246161369 -0.14568141952547767 -0.9882578092156997 0.046080652439268864 12.592810991894305 -0.03307888235566535 0.05141717732690618 0.9981292809139702 -4.392866680403067
-0.9890533037336791 0.14306785979274364 -0.03612685798452636 75.04615472952906 -0.14474475466494227 -0.9882506746230925 0.04908727028465176 12.434604862048086 -0.0286795810725276 0.05377910004208791 0.9981409169191404 -4.5343868441567485
-0.9889714742400502 0.14291256134908475 -0.03887702339581939 74.5444386282179 -0.14469315828067517 -0.9883280478231874 0.04766088367599061 12.410207918548164 -0.03161191367566986 0.052760493692320394 0.9981067163480621 -4.471297462373755
-0.9886611813983424 0.14450954057394777 -0.04081741147045019 74.11867134104185 -0.14637478841422266 -0.9881049804487585 0.04714837143585168 12.278369597929334 -0.03351849806797338 0.052588404572380266 0.9980535907414051 -4.419115612360648
-0.9859081257239547 0.16389261313965148 -0.03353176091021633 72.72561951352611 -0.1654488271498822 -0.9849202421511425 0.05058460433438954 13.385101591810633 -0.024735667086446055 0.05541956296467127 0.998156710549302 -4.7605819081298515
-0.9878936727194204 0.15122305880941034 -0.034607483081948436 72.11944392412376 -0.1528474896398125 -0.9869615465194312 0.050443538761544685 12.508486242436103 -0.026528028795012884 0.055122519683934654 0.998127131938589 -4.686325944171258
-0.9877638014761089 0.1517485072065196 -0.035986984509155585 71.54802117962728 -0.15342981894138782 -0.9869055086984232 0.04976753520442972 12.38385311025339 -0.027963604078910315 0.05468004628110964 0.9981122829549903 -4.677871918506904
-0.991703548932734 0.12504673722586337 -0.029789000375764402 71.1165286204295 -0.12649022520582281 -0.9905583199152027 0.0528624419995173 11.312016590797892 -0.02289746627033952 0.05619188870235882 0.9981573912377077 -4.845809143530633
-0.9871934814609997 0.15672577266280063 -0.029766799360528815 69.59553467086441 -0.15801085977964152 -0.9863036556120316 0.0473039862807492 13.82780457716924 -0.021945349225278465 0.05140166446332121 0.9984369136494263 -4.966062103052413
-0.9882903345069181 0.1497619996232268 -0.029215718184943704 69.161691340024 -0.15100329983999033 -0.9874480275536788 0.0463076269936939 13.885531824316667 -0.021913880478904645 0.05017705002494099 0.9984998975929626 -4.95620313556679
-0.9911582254170687 0.1299400478277176 -0.026850626782595702 68.39759695149337 -0.13106784693798978 -0.990320091548279 0.04568736997081214 13.770719556541295 -0.02065409613433894 0.04880266638557365 0.9985948668336609 -4.994586630672689
-0.9902078511433896 0.13673380448641595 -0.02814743762186751 67.79331343231192 -0.1378914286599066 -0.9894517880805973 0.04439721800127043 13.732920483263891 -0.021779931958917254 0.04784376422057711 0.9986173485320015 -5.010395815206818
-0.9910513974836117 0.12964484453965003 -0.03177014054230528 68.03744933425094 -0.13112010224508827 -0.9901122550605933 0.049852193192203874 13.117688414106988 -0.024992925659569915 0.053571789807004486 0.9982511793150367 -4.9837407958049225
-0.9928524617505472 0.11431020087384652 -0.0343098698927468 67.24893533389644 -0.11594483413111457 -0.9919869613254985 0.0501862929345667 12.297618839990099 -0.02829813835191514 0.05380563665999344 0.9981503738562818 -4.974455788826023
-0.9929041395445602 0.11550132599332379 -0.02829864606419106 66.11318713956545 -0.11664441854113444 -0.9922525272358469 0.042766830807011234 13.295453406148976 -0.023139777407804357 0.04576424245914215 0.9986842267772454 -5.050658293128411
-0.9929194675977986 0.11521308899943895 -0.02892879168776684 65.48073494148849 -0.11637102930134745 -0.9923101470381588 0.042170553997529676 13.225043249284234 -0.02384773374245113 0.04523843728868103 0.9986915286448724 -5.053019952312996
-0.9928300379929811 0.11616246243485523 -0.028192161675396014 64.84695326887513 -0.11727912488132028 -0.9922167145060247 0.041852100567934564 13.1594923635029 -0.023111090972341593 0.04485837464675157 0.9987259902987037 -5.084771422850536
-0.992867447673987 0.11605300326193298 -0.027311751742315843 64.22899115399852 -0.11714316488717622 -0.9922081308778069 0.042432345447640865 13.08815634097772 -0.022174541022595414 0.04532907956112782 0.9987259705627884 -5.105459388029406
-0.9927385245641484 0.11692579200542624 -0.028259175679830138 63.6622193098033 -0.11805417877682396 -0.9921079768124368 0.042248943400582856 13.030418991683915 -0.023096162441597966 0.045278267513681296 0.9987073874621314 -5.113639741393198
-0.9924818209320406 0.11921391877343532 -0.027710588050593846 63.02194043210994 -0.12035059986478187 -0.9917649375055111 0.04379545463724266 13.001790614532476 -0.02226136185446819 0.04680117846141183 0.9986561377486319 -5.145349759072332
-0.9924968324978517 0.1193341066449725 -0.02663472306937248 62.4772300004508 -0.12041181817587718 -0.9917752370355044 0.04339208737492433 12.870695650277488 -0.02123750280315482 0.04627364470647651 0.9987030180590587 -5.178956734163882
-0.9927143746922074 0.11817732319751334 -0.023500862991210073 61.91214659434695 -0.11907620712962719 -0.9920187706166386 0.041468248574978044 12.723201932699558 -0.018412690598690322 0.04396452008295656 0.9988634009707211 -5.279021817168015
-0.9927503200048858 0.11840417762624401 -0.020670095569412485 61.40329386594638 -0.11916084744256819 -0.9920559837151268 0.04031894854501006 12.615669477390231 -0.01573196004837257 0.04248971517508953 0.998973037442645 -5.345687602979814
-0.9924789921932613 0.11995769599578122 -0.024404942664075422 60.65326127520831 -0.12092173093118767 -0.9917366119548182 0.04285355874359166 12.637855217391452 -0.019062660980520597 0.04548234470395088 0.9987832453924046 -5.260307722129342
-0.9924321570873661 0.1201086729657758 -0.02554056102210255 60.18190456302043 -0.12113340044035244 -0.9916913042705668 0.04330192064912832 12.594504190410133 -0.020127416045774855 0.046068033521601895 0.9987355122407428 -5.250712708086892
-0.9922813542427299 0.1213605916322514 -0.02548177428848996 59.63672092813576 -0.12238384836456585 -0.9915330145064807 0.04341053792774019 12.536031432926341 -0.01999769190925542 0.04619402496392604 0.9987322986546221 -5.270749735280938
-0.9920027326363533 0.12362813915176908 -0.02542954289565034 59.08608405103597 -0.12464445028451177 -0.9912575697088386 0.043268828366416615 12.537021798907906 -0.019857982155331747 0.04609244737267341 0.9987397793419068 -5.277955961480716
-0.9918438677469729 0.1248966519922717 -0.02542770799455554 58.665245841775786 -0.1259029910161917 -0.9911180500162686 0.04281877841708716 12.46721616416395 -0.019853938297253803 0.04567096728860504 0.9987592221757071 -5.282018265755952
-0.9916922984052614 0.12613344381257116 -0.025233700396013938 58.112520509907 -0.12712071770553426 -0.9909829103990384 0.04234612647082696 12.398983596653167 -0.019664903094691207 0.04520205359312196 0.9987842939980824 -5.289230362868836
-0.9917675295566295 0.12544647762233077 -0.025697248282656304 57.54107724477508 -0.12644095505340103 -0.9910997445345261 0.04164110071539872 12.328056985760911 -0.020244806799117415 0.04454747619963304 0.9988021176198613 -5.287338780625743
-0.991842583953844 0.12462575968456412 -0.02677141533079518 57.08535957647161 -0.12565681803324127 -0.9912226709837232 0.04108504119089062 12.2417110169596 -0.021416179340119076 0.044113904281337 0.9987969316690649 -5.28530469317468
-0.991658907134368 0.12620181955236015 -0.026186115457350438 56.592874075688606 -0.12719522739111777 -0.9910478617040782 0.04056488556245458 12.167015958181977 -0.020832331362428274 0.043557278994982074 0.998833708590455 -5.302521167241981
-0.9917260295898446 0.12517486592741126 -0.02847341170330806 56.08295565568346 -0.12623173194288076 -0.9912350768419933 0.03896886306721395 12.103651257390624 -0.023345922227900134 0.04224068392090953 0.9988346672684278 -5.324521520942896
-0.9918311831644363 0.12425420859584736 -0.028840869419294857 55.655451989931365 -0.12530536296670466 -0.9913879780618297 0.03805841518327838 12.023150953040187 -0.023863572960129482 0.041361438571454266 0.998859229964304 -5.34054138450152
-0.9918527923812469 0.12398984209897174 -0.029232812074765996 55.173337995446936 -0.12505166522928285 -0.9914289529581248 0.0378247572330307 11.983504584256524 -0.024292370590551567 0.04117220291200844 0.9988567116651268 -5.344709422703116
-0.9918362362224971 0.1243259725242962 -0.028353713546562978 54.672338673723324 -0.12533808202656463 -0.9914143907643368 0.03725414043144361 11.9503124135981 -0.023478622401976273 0.04050380650348416 0.9989034968148008 -5.38021890087842
-0.9918556129613487 0.12423436855280877 -0.028076052203842083 54.24792926055155 -0.12520287048072765 -0.991482706725156 0.03586479455320633 11.930906183262215 -0.023381280128628324 0.03908790011299106 0.998962187374631 -5.395138061166635
-0.9918579227419198 0.12408092680646882 -0.028666787349415475 53.84518876350086 -0.12505257143539153 -0.9915314663089753 0.03503149577980853 11.866508193114635 -0.024077281231158012 0.03833112210753913 0.998974979469704 -5.417254211773572
-0.9919349247849198 0.12353818987668984 -0.02834467558345888 53.41779076624848 -0.12447657195712516 -0.9916347859632676 0.03414724441873247 11.82292519394534 -0.023889077540634414 0.03740009237397338 0.9990147872102225 -5.437011535479988
-0.9918912372267348 0.12397783028894406 -0.027951227337397303 53.030952510138874 -0.12489830974099915 -0.9915862141848131 0.034017525813497956 11.779235667842565 -0.0234986326551533 0.03723274681617024 0.9990302982531958 -5.449500041291745
-0.9921024474575764 0.12245908466002728 -0.027138650167681726 52.64538258380383 -0.12333026835015473 -0.9918114828671011 0.033160629693148806 11.721704184427804 -0.022855604506846757 0.036245758885648356 0.9990815113420121 -5.463221619397996
-0.9921357371018352 0.122124650557412 -0.02742715609812349 52.32932526118069 -0.12300052977383971 -0.9918608586000147 0.03290755008496057 11.67865085814906 -0.02318509954161509 0.036022311190016865 0.9990820007665977 -5.462921582543007
-0.9921534038986575 0.12220384770292432 -0.02641671324962287 51.926372086176066 -0.12305465558711277 -0.9918370862072893 0.0334177522011302 11.610207600977704 -0.022117297996118467 0.036406236147669004 0.9990922935839905 -5.4886832417227085
-0.9922826438106596 0.12139239279245953 -0.02527927539020572 51.577706207301965 -0.12220065858295906 -0.9919450126409671 0.03334802750699319 11.560401176870432 -0.021027454292509414 0.03617981300169289 0.9991240500043751 -5.496992003481094
-0.9923644550383973 0.1208757282481438 -0.024532564008566612 51.28013905719423 -0.12167021470828748 -0.9919884082911299 0.03399053793152707 11.527149805893979 -0.020227388096138704 0.03671588398114871 0.9991210120072036 -5.486612702573135
-0.9924820347610096 0.11998437084141896 -0.024148735586772243 50.93490151928391 -0.12078181869016269 -0.9920677683091071 0.03483238946853688 11.4888560178974 -0.019777839885770157 0.03748724897855954 0.9991013678368558 -5.504508315174655
-0.9926622506055445 0.11913040597572333 -0.020726856848144393 50.60690413529141 -0.11980051577715767 -0.992187015072821 0.03482475470725217 11.464328911883461 -0.016416231061721985 0.03705230752533372 0.9991784794844137 -5.495376128832899
-0.992790803099124 0.11819229029254943 -0.019924954133158854 50.343694041269465 -0.1188174863111367 -0.9923397278377917 0.03382705280587804 11.460765865294615 -0.01577422671670543 0.03595061988659038 0.9992290661811553 -5.5083180613427905
-0.9927437230536185 0.11878016952182402 -0.018739574862056158 50.07264787296871 -0.11934024320257908 -0.9923276244737267 0.03230777087142594 11.454824673943412 -0.014758275305531433 0.034309722160013226 0.9993022747273802 -5.52872713058315
-0.9928218180101633 0.1179811098914886 -0.019628942706489405 49.77087265388544 -0.11855343120938525 -0.9924597674884884 0.03112384721050717 11.429779419769197 -0.015808909876538456 0.033227513079872796 0.9993227760553888 -5.563168657123178
-0.9929460554960905 0.11651453762582029 -0.02196573232568247 49.476394906306766 -0.11715945661685183 -0.992635354920679 0.030801199436788825 11.412182494881334 -0.018215174992498348 0.03315742274877593 0.9992841401306508 -5.555604355023347
-0.9928795266345186 0.11750122542071448 -0.01958845615801272 49.255173229222514 -0.11805211424800743 -0.9925587370613094 0.02984714064764044 11.414705915976366 -0.015935617703775624 0.03194707354193058 0.9993625170980335 -5.578673573007695
-0.9928236790921211 0.11782863061931563 -0.020434188028121154 49.05845653052995 -0.11836913277673214 -0.9925849662169514 0.027637533279673537 11.381925001673693 -0.01702617513352371 0.02985797458764162 0.9994091307937166 -5.594128377467366
-0.9927224680026587 0.11880203511485188 -0.019702232748601247 48.76880699013426 -0.11931804933772144 -0.9924754559810477 0.02748949576576844 11.298313073142962 -0.016288174389758263 0.02964027205990305 0.9994279111808224 -5.600173769746379
-0.9925437861457195 0.12031131113143166 -0.019545357437583337 48.57286421824614 -0.12085559208382173 -0.992229452072774 0.029574318275111613 11.257890248671135 -0.015835354293362823 0.0317159715790667 0.9993714718267684 -5.590270226274187
-0.9925157030178009 0.11993627328076646 -0.022975413263135517 48.369245514672826 -0.12062458426533836 -0.9922024229385464 0.031369755907576166 11.229011328933463 -0.019033889090415288 0.033906375011294544 0.9992437484416352 -5.583141750760536
-0.9924333989959064 0.12060647197732373 -0.02302232556928683 48.14349139837485 -0.1213105569880669 -0.9920945778396933 0.03212627249348351 11.192518936851146 -0.01896568798332835 0.034676036945747314 0.9992186323027925 -5.597501141883195
-0.9923967092365736 0.12076996586648578 -0.02373577133842448 47.955454695426376 -0.12147062050620554 -0.9921200930791306 0.030701942324542666 11.171572743737498 -0.019840863143012717 0.033351705402718944 0.9992467182315241 -5.589761074349301
-0.9924043554499875 0.12060818738722444 -0.024233456605735403 47.73503586348853 -0.12129922988988666 -0.9921800237256717 0.029415936970374704 11.139914474848558 -0.0204961487117399 0.032132003592887905 0.9992734571843158 -5.571523822369915
-0.9924578480932936 0.1201882526709397 -0.024128897155356002 47.50094431338759 -0.12086791106968575 -0.9922443533553366 0.029018809556916235 11.145362154251764 -0.020454041939857233 0.03171635468266947 0.9992875987492119 -5.571488428170223
-0.9923958738230263 0.12029105945335843 -0.02608621541394063 47.28061009554384 -0.12105741681397927 -0.9921887495987095 0.030109583259753044 11.125708477155355 -0.022260535783305634 0.03303855604197451 0.9992061460786291 -5.567253189385981
-0.9923465114230854 0.12096162168878334 -0.024833190388172763 47.132319260677704 -0.12171709322802007 -0.9920625759420784 0.031572054594079677 11.136259256078079 -0.020817071901604048 0.03435304198452058 0.9991929333336256 -5.561128979265204
-0.9923098916314015 0.12167164670063797 -0.02273959893305049 46.92026585922728 -0.12236722520294893 -0.9919619032670869 0.03221559657791271 11.063689012964423 -0.018637091152080915 0.03475043677273481 0.9992222305260728 -5.577181455780681
-0.992430515760502 0.12105609219338138 -0.020666250995671178 46.71710818892589 -0.12167376568079823 -0.9920594819642237 0.03183518477928878 11.025845748683519 -0.01664830719327327 0.034108749430988274 0.9992794539466214 -5.575270984404772
-0.9924215544009224 0.12119732860080977 -0.020264893300707583 46.57038457440221 -0.12179527273773784 -0.9920563131929514 0.03146717325645043 11.012999518457066 -0.016290177997847866 0.03369686920233042 0.9992993300842191 -5.556031780953186
-0.99249888090225 0.12057785833149216 -0.02017303864017992 46.40208911313519 -0.12116924272788294 -0.992140154420129 0.03123985601694741 11.015058928291165 -0.016247646738483612 0.03344987395191852 0.999308320743938 -5.552442273650384
-0.9924155683837362 0.12093842891936114 -0.022028073908077733 46.2943367101797 -0.12158834667979478 -0.9920951740710511 0.03103932242498326 10.985549117863199 -0.018100098929485407 0.03348226389365933 0.9992753996888444 -5.562559786641198
-0.9923608687538112 0.12100551751893883 -0.024032704720062994 46.14432334860059 -0.12172307219269558 -0.9920782452364553 0.03105235940364631 10.973238634889798 -0.02008481670714359 0.03374048100628382 0.9992287926592736 -5.576318534611015
-0.9923512399595571 0.12108290483734287 -0.024040522184079947 45.973061349914154 -0.1218061344302095 -0.9920595482706694 0.03132280798659063 10.942570260248438 -0.020056972999450747 0.03401151042143488 0.9992201634239367 -5.584465992949127
-0.9922513102716998 0.12203610378304917 -0.023335094547817552 45.90665345155817 -0.122758458621418 -0.991903070091452 0.032537061638168135 10.908779788763246 -0.019175455691983694 0.03514952228133844 0.9991980849573365 -5.580806648991038
-0.9922401080425871 0.12213016113158684 -0.02331934247808538 45.84066060316148 -0.12289022655732558 -0.9918187628829471 0.034547558669584644 10.913943837889978 -0.018909262500839248 0.03714519262721611 0.9991309596125858 -5.582382756638809
-0.992096165282298 0.12333534005154673 -0.02309962611244357 45.765560226193834 -0.12408458506620339 -0.9916740354517015 0.03443287905314057 10.906323526119577 -0.01866050859737962 0.03702703478959683 0.9991400222759472 -5.590486966608197
-0.9922392538436221 0.12196278714372621 -0.024214493263224383 45.630301121092174 -0.12273873678347226 -0.9918677985791089 0.033667085330293625 10.913798825843536 -0.019911444564814706 0.0363778599422 0.999139722802259 -5.615147789350301
-0.9922443234254762 0.12196092107672576 -0.024015335934349416 45.527191676101424 -0.12271996491594406 -0.9918865945956448 0.03317821080903351 10.891803668666412 -0.019774044628044687 0.035868052519985136 0.9991608829250057 -5.615170816823316
-0.992034438930485 0.12368840275980139 -0.023850597447699337 45.442537484796375 -0.12441896515973565 -0.9917116693580971 0.03206066074740942 10.872158540361598 -0.019687383890774936 0.03477274624918108 0.9992013125661086 -5.602253341613319
-0.9920123906753141 0.12405139222211177 -0.02286195167522585 45.31080897160632 -0.12471521991023689 -0.9917284315279918 0.03034521414930478 10.86137310227552 -0.018908481414041164 0.03295406176455925 0.9992779889219191 -5.617592081429828
-0.9919746557603795 0.1243507550224376 -0.022872954650012826 45.21529743570183 -0.12500077706004356 -0.9917149180974093 0.029602820092545796 10.828504159476172 -0.019002317318081798 0.03222438437575044 0.999300005497922 -5.62763465875562
-0.9918788625204483 0.1251711719483591 -0.022549940093649683 45.11670497928187 -0.12580314186929306 -0.9916252325390653 0.02920561055119882 10.823193773647551 -0.018705389088946322 0.03180528108548359 0.9993190343999827 -5.627140411154165
-0.9918627564864951 0.12527353699590918 -0.022689495885719717 45.068584067435985 -0.1259076696624851 -0.9916154771164108 0.029086152433046387 10.823113395798508 -0.01885553009535895 0.03170625288061525 0.9993193596208839 -5.633109796800743
-0.9920007783514015 0.12432336939458673 -0.02186676868209575 44.961522238541654 -0.12492987085709065 -0.9917421003186885 0.02898506206847004 10.834441321744567 -0.01808267452150105 0.03148501672000193 0.9993406379229753 -5.6212986907642435
-0.9919346154542648 0.12484165463742591 -0.021915289890738848 44.929863382759386 -0.12546179265246085 -0.9916549301684675 0.02966206427417677 10.789579333837757 -0.018029344082272372 0.0321723598755756 0.9993197096084963 -5.618415370776426
-0.9918659388626152 0.1254105669126358 -0.0217749633946932 44.86624464269558 -0.12602118150741282 -0.9915920588524341 0.02939133600697076 10.77825586985868 -0.017905896673026195 0.03189637169726049 0.9993307762382226 -5.624756748540702
-0.9918605090649165 0.12556049035319042 -0.021149321969088242 44.79126206559094 -0.12615601101204438 -0.9915664867765613 0.029674284946989923 10.758431169824384 -0.01724504111377073 0.03210086546888821 0.999335850949589 -5.616352456212689
-0.9920186876568823 0.12455465646173655 -0.019622968511889986 44.633520278340505 -0.12508547254444277 -0.991732111292088 0.02865386519255762 10.767205947574798 -0.015891755656754734 0.03087971803365238 0.9993967656122936 -5.592012269869208
-0.9918949921023283 0.1255160835661177 -0.019749364763360172 44.58332316999089 -0.1260594327089271 -0.9915925054417848 0.02921168562057462 10.766167840762236 -0.015916785713124708 0.03146451839634618 0.9993781266440926 -5.5887790086075935
-0.9918987640026015 0.1256892938173869 -0.018413130907027998 44.49576395808581 -0.12619829041446648 -0.9915592321852561 0.0297368553255563 10.750394938657085 -0.014520105598080153 0.03181965568438792 0.9993881508430826 -5.614848382600664
-0.9920678273948316 0.12444338395135543 -0.01775584520219284 44.417965015670646 -0.1249279500118781 -0.9917285987124397 0.029451550072908495 10.754535034045762 -0.013943928927640037 0.031436136636078374 0.9994084931395512 -5.62811539350843
-0.9920287984214465 0.12475731104673442 -0.017733483665103602 44.356388306540566 -0.1252391576380347 -0.9916934069558034 0.029314501437247082 10.764016939019351 -0.013928980459054873 0.031301756193320984 0.999412919449511 -5.638585819988132
-0.9920002613332095 0.12500163384449897 -0.017608891250136576 44.30346967706755 -0.12548015653802583 -0.9916615291753809 0.029362252446751728 10.773511164648625 -0.013791730494994714 0.03133692853103749 0.9994137206783786 -5.6322877027729135
-0.9919164480459459 0.1256275954174491 -0.017873650034116915 44.23780486524859 -0.12611536430217604 -0.9915785074602423 0.029444497445938966 10.752384191954476 -0.014024085811287773 0.03146062320653594 0.999406601041148 -5.646340700991491
-0.9919179381892737 0.1256131965824321 -0.017892141925449346 44.231380646329775 -0.12611254703361777 -0.9915552373360143 0.030229733578246726 10.728957053411156 -0.013943793566739545 0.032241838593050756 0.9993828267811672 -5.646503303218615
-0.9918764401427255 0.1258409934071366 -0.018578801578778455 44.25735425006802 -0.12635670204751556 -0.9915360114569731 0.029838261204002462 10.742900182471159 -0.014666674383619084 0.031943424398564194 0.999382062226567 -5.625169646238969
-0.9918938560764282 0.12574304770329928 -0.01831022206655152 44.23733207309875 -0.12624995522005159 -0.99155014745149 0.029820360424851283 10.759302107417597 -0.014405800386526873 0.03189029700736562 0.9993875533905782 -5.633270962468013
-0.9919101661918679 0.12562378944644412 -0.018245156352828792 44.202506807733755 -0.1261308347160272 -0.9915607428818495 0.029971748521525135 10.745841602901244 -0.014326016161596334 0.03203055885735332 0.9993842146843371 -5.655450017269954
-0.9918752981640051 0.12588499840655046 -0.01834012181664619 44.20432659130909 -0.12639013911147515 -0.9915378308085492 0.02963549916663254 10.757665682622674 -0.014454259837472973 0.031712730119870004 0.9993925040347743 -5.653238487411223
-0.9919123386491411 0.1258142429273539 -0.016753767105166878 44.18430727613235 -0.12627614128615372 -0.9915361874712049 0.030171593874856722 10.728109461992014 -0.01281595011996091 0.03204317730322838 0.999404315685517 -5.690613438842753
-0.9919013880045405 0.12597681644588873 -0.016170287345193733 44.14082299925781 -0.12641545720149064 -0.9915295726306428 0.02980333503881435 10.728536020876628 -0.01227878883303457 0.031606143659986326 0.9994249761876789 -5.7082900108835375
-0.9919428379437016 0.1256853424026122 -0.015893424971730442 44.09964797127944 -0.1261135184677462 -0.9915725760315128 0.029651423606928663 10.741831765960544 -0.012032735012420512 0.03141689302541585 0.9994339358460685 -5.715576380500604
-0.9918523335653934 0.12643177379263662 -0.015619058119354544 44.08725896273966 -0.12684519453117715 -0.991493994977412 0.029153979969797413 10.74793637178185 -0.01180021293184668 0.030897645531305345 0.9994528955760682 -5.7403730703712315
-0.9918672821777984 0.12632512984184488 -0.015532421436183176 44.08797923345633 -0.12673722504068027 -0.9915045013186672 0.02926601533880881 10.749605325612068 -0.01170343258272568 0.030996539085262117 0.9994509713990571 -5.725433477483587
-0.9918594148379525 0.12639886772593606 -0.015434618068697862 44.107261243126466 -0.12680697186300025 -0.9914979499268868 0.029185735860615597 10.745569718438146 -0.011614348206488153 0.03090536407147842 0.9994548340907434 -5.718569253738948
-0.9918487821179989 0.12633647002957765 -0.01658582984087039 44.14496883585942 -0.126777073552661 -0.9915090938761311 0.028935970389080155 10.728993652196628 -0.012789332760868216 0.03080280995947946 0.9994436551732866 -5.669402535777812
-0.9918776413688023 0.12602407968991067 -0.01722428201629664 44.139157650508075 -0.126478456021985 -0.9915601905217527 0.028488396493383982 10.730264886213929 -0.013488688407759365 0.03043550411574515 0.9994457140706869 -5.647158519427981
-0.991788652789288 0.1265692616672313 -0.018316391550307565 44.131036610616114 -0.1270611368136779 -0.9914770692804317 0.02878695195235839 10.728865721534806 -0.014516738959831693 0.030877873827446018 0.9994177410862154 -5.6175904046781096
-0.991784509273759 0.1267947222662179 -0.016928838413899642 44.127069480003755 -0.1272471998573944 -0.9914456280800084 0.02904680170845864 10.728592567041035 -0.013101041678587638 0.030962315263402613 0.9994346890820186 -5.634123603805424
-0.9918108672113053 0.1264287071198778 -0.018082745852182433 44.14675585815815 -0.12691423851453942 -0.9914942072642041 0.028844635962354783 10.720740905047956 -0.014282147731805594 0.03090338132829905 0.9994203326321927 -5.621422229524189
-0.9918219508498608 0.12645437288869604 -0.01727742427859524 44.136765381035424 -0.12691558536043152 -0.991492865639022 0.02888479841612201 10.733369136437446 -0.013477833839118462 0.030841351530821598 0.9994334190083726 -5.6247081095050095
-0.9918666491113373 0.1260372643868699 -0.01775270026011871 44.14180661362502 -0.1265145934182523 -0.9915413854098386 0.028978244801135093 10.734531729124274 -0.013950198309215458 0.030988530223514662 0.9994223846611233 -5.619549036157855
-0.9918213302295216 0.12651250435366854 -0.01688298385671016 44.147608605713955 -0.12696025700382518 -0.9914899934848054 0.028786906068978383 10.727241920135468 -0.013097405974713244 0.0306949354399657 0.9994429843143029 -5.628829561621195
-0.9917853398704455 0.12681949158246947 -0.016692997718657985 44.13526606286322 -0.12726170832162167 -0.9914504500326988 0.028817750172949387 10.72874418596978 -0.012895627675074118 0.030705401556265326 0.9994452866976469 -5.63139490402879
-0.9917855764260827 0.12665723299645204 -0.017869407457225355 44.14112736209445 -0.12713946895196332 -0.9914583472753377 0.029084378155173025 10.736809814225763 -0.014033026323773512 0.03111737372822021 0.9994172217970152 -5.619537852866933
-0.9917697856264653 0.12691343035736477 -0.016901878989184483 44.13932142260123 -0.12736376676645714 -0.991433489758485 0.028950065636771542 10.738221537785812 -0.013082936730689164 0.030864487363946293 0.9994379521442396 -5.628680916028305
-0.9917823442072186 0.12684532251768463 -0.016674707620387797 44.140765339301986 -0.12728969977598967 -0.9914406663751022 0.02902993952173959 10.722628281287683 -0.012849671193463181 0.030913899997916005 0.9994394512611288 -5.631683523222172
-0.991768965798088 0.12693904954698174 -0.016756974067706685 44.15114415127155 -0.12738627554744067 -0.99142749960436 0.02905597753306117 10.72678169560724 -0.012924986729176266 0.030951425304146678 0.9994373186897219 -5.628675453828578
