-0.9864441697616534 0.1491697114083782 -0.06838345663675148 129.80611823424294 -0.15311743180901172 -0.9865833012529681 0.056643108715927065 13.226492240561901 -0.059016540219347345 0.06634596360844389 0.9960498286197401 -0.794115740294445
-0.9824158198960793 0.17456995573803025 -0.06621546172564152 130.1467768037072 -0.17884666741428643 -0.981706028372785 0.06532337568852221 14.664620393345857 -0.05360061914494556 0.07601713234634819 0.9956647875751807 -0.8882202537976851
-0.9947350989462028 0.09047913829529075 -0.04812076950579685 132.0125871917448 -0.09529554750118063 -0.9893971072286531 0.10959983044705665 9.345378336100133 -0.03769405193049234 0.1136084932604726 0.9928102883774677 -2.0920686789321095
-0.9939295551295755 0.09946996610241282 -0.04700814060899694 130.33988326100956 -0.10412582342628926 -0.9884607322640516 0.11001451571414934 9.569986582602366 -0.035522560939880675 0.11424144001021021 0.9928177280088596 -2.108828613377825
-0.9953160704272082 0.07882008483436156 -0.05597601429228569 125.56030217971731 -0.08155425460724343 -0.9954947142374789 0.04836504399560953 7.5891351253978705 -0.05191168948130046 0.05270358765724074 0.99726000037265 -1.7404667122764312
-0.9989191012833691 0.010020927187880458 -0.045389537445660266 118.80502157071138 -0.011074774231756538 -0.9996735187477513 0.023026187053148992 6.411226774356871 -0.04514397486876186 0.023503976956808906 0.9987039524304836 -2.153818881064375
-0.9955283507210724 0.08346308322716689 -0.0442404413268894 123.69462785256546 -0.08722164980811827 -0.992002855581208 0.09122893358732993 8.700838514241546 -0.0362723960517221 0.0946797140730075 0.9948467545445039 -2.9902715900248813
-0.9958178630144782 0.07868194710960016 -0.04643204604932992 122.06736822125464 -0.08228929517952979 -0.9932530275816432 0.08171227018482895 8.043617273765298 -0.03968948979441899 0.0851913986206605 0.9955737893300132 -2.956086265850249
-0.9993441033309559 -0.00442913977440967 -0.03594086613482433 119.38859698580022 0.0011126119762952852 -0.9957789201863088 0.09177747113093312 7.395594110761497 -0.036195652118076585 0.09167728635522412 0.9951307200234072 -2.7917451137795397
-0.9990450662905974 0.019877264660959276 -0.03890822368106628 118.59712442182071 -0.022865760009571634 -0.9966961503370309 0.07793549205935199 7.507290407397563 -0.03723053235722485 0.07875073493591558 0.996198880348426 -2.8432224784926525
-0.9889782981325982 0.1365434712103639 -0.057252129153236686 117.41195590437735 -0.13911815269256445 -0.9893120086272933 0.043679390760866965 13.5348179613125 -0.05067608325593516 0.051162779983665266 0.9974037820913801 -2.176811825121324
-0.9946343042305646 0.0884961693135992 -0.05358198264912785 118.37810158187729 -0.09221981777262753 -0.9931647931663606 0.0715485766791164 7.528745620404677 -0.046883963759222276 0.07610598945971819 0.9959968736449905 -2.6293400440615
-0.9953958967926763 0.07909300715914062 -0.054141526269904074 117.43935965051894 -0.08279807887731598 -0.9941045465373469 0.0700044904846368 6.998067752935409 -0.04828547175430911 0.07416499694810272 0.9960763356516222 -2.644005029865603
-0.994135553036928 0.09462356047441571 -0.05235345252338752 116.4535295856438 -0.09843817780192991 -0.9922486199013162 0.0758459059869441 6.763913698287799 -0.044770831341507555 0.0805546901619591 0.9957442013659533 -2.6271160320299116
-0.9975041053533802 0.03429876489312186 -0.06171834840600857 107.3835910973316 -0.03742856486408702 -0.998033049973287 0.05029049307013837 9.510431109683731 -0.05987204970079064 0.0524750025043271 0.9968258181732675 -2.2646738914990068
-0.9993607691800866 -0.023928996571152363 -0.026560424448729122 108.98898070576965 0.02234782050134929 -0.9980483085004309 0.05831079504069453 6.4715457026096885 -0.02790390550869731 0.05767995338535065 0.9979450861820139 -3.7517192925546947
-0.9918662261486156 0.12471608446218779 -0.025441849424269875 108.17844290612129 -0.12606522600960907 -0.99014153946264 0.06105154069884617 17.850481308817244 -0.017576922849379256 0.06376229377129593 0.9978103134745493 -4.033983046774373
-0.9913766597384817 0.1281665507593649 -0.027306662048477513 107.11328912157379 -0.12934671852524143 -0.9904830086875303 0.04704078983245791 17.636186372397542 -0.02101772900516704 0.05016716822540988 0.9985196594457787 -4.1717747502160245
-0.9917193489950722 0.12563125364772726 -0.026636834190600544 105.96078554649716 -0.12688993106573246 -0.9905273137415503 0.05248415118959807 17.464791563463496 -0.01979086210680842 0.055429494304561455 0.9982664438606621 -4.109266579440821
-0.9921951401740978 0.11928741630498835 -0.03632239152622545 104.90489201422373 -0.1208462890096925 -0.9916839707138694 0.04426145797149407 17.373031189421376 -0.030740498491239658 0.0483054297202379 0.9983594579168659 -3.555524737767324
-0.9922735154043335 0.12132895049307953 -0.025933692359127774 104.17614826209359 -0.12243140739290095 -0.9913972811158931 0.0462815457802098 17.540406239614345 -0.020095300717425105 0.049099050584097796 0.9985917394615358 -4.107927766670674
-0.9927291397528022 0.11678208431260957 -0.029168473893343823 103.13630793541795 -0.11819266866393213 -0.9916004061512869 0.052527398514501625 16.874719125478137 -0.02278921147741037 0.05559297891106218 0.9981934043741396 -4.017525319499815
-0.9928587907862676 0.11534656340080543 -0.030439971584456795 102.05782132267345 -0.1169130860768603 -0.9915614279559682 0.05601129255705062 16.621483333864543 -0.023722391583130074 0.05917013521659965 0.9979660030462127 -4.054996056397228
-0.992416597230006 0.12003866174259795 -0.026457838715101083 100.790108334675 -0.12139963341401513 -0.9909160936695108 0.05785692969475217 16.816853060142755 -0.019272429773412265 0.06063014921478161 0.997974227351002 -4.284076090600277
-0.9923167322158251 0.12089539358089246 -0.026302219971585803 99.98639480477311 -0.12203886175639604 -0.9913936467821624 0.047383049091084324 16.778302022787663 -0.020347461407167665 0.0502288854234852 0.9985304401386071 -4.182789385868606
-0.9927601803315885 0.11736770255297654 -0.025535205999424115 98.87784219504864 -0.11850329290389942 -0.9917553289133128 0.04876819806984248 16.635786866456407 -0.019600865259722232 0.051441131106174584 0.9984836584098897 -4.2402949887885955
-0.9932374173661744 0.11063093359569658 -0.03521688906657727 97.95407397010776 -0.11228052624342173 -0.9924710442364046 0.04893168481471378 16.39448665632044 -0.029538384693201327 0.052554951089793196 0.9981810762310004 -3.6107001403605286
-0.9926962434556214 0.11518184956041826 -0.035879099221495514 97.97881603210531 -0.11658451611061763 -0.9923823361954283 0.03981644648334099 16.596190929350218 -0.0310196523571406 0.043708584272987065 0.9985626374086398 -3.811444694542856
-0.9930674106690351 0.11464204031686827 -0.025967681049411568 95.9883123945998 -0.11589595785952647 -0.9918221504131315 0.05345043406460431 16.101864158709606 -0.019627654442681185 0.05608943342428465 0.9982328038284567 -4.33009607203333
-0.9935805454685898 0.11005619261104106 -0.02617888718620533 94.91695192068127 -0.11113633805644127 -0.9928225848127037 0.04418177734349448 16.005292972045435 -0.021128512246514738 0.04680758008898847 0.9986804475989665 -4.172726983016659
-0.992457897815477 0.11884766989899546 -0.030042510269170233 94.17109064706624 -0.12014391808113598 -0.9916981995114796 0.045827066607082606 16.466363917503617 -0.0243466632581832 0.049090859080645595 0.998497535071029 -3.9845605110851294
-0.992860032842675 0.11755337580466038 -0.020252383083799494 92.96816921189613 -0.11833719635422871 -0.9920318418583077 0.04323346733997948 16.116208601093973 -0.015008768859086507 0.045321392036703316 0.9988597040031169 -4.459545978664813
-0.9930414116142373 0.11529906867587503 -0.023976646589794277 91.95722428963668 -0.11632085782686097 -0.9921081169637908 0.04680750248613873 15.736997421766658 -0.018390564255611523 0.04927077244210828 0.9986161315186799 -4.448944419364293
-0.9937999291618882 0.10840579077872337 -0.02469585640281394 90.7700776218836 -0.10934321747365275 -0.9931810838641278 0.04044002283616212 15.660637571661617 -0.020143524774435782 0.04288961622723396 0.998876728745619 -4.562935565482517
-0.9933010842295046 0.11194875575775828 -0.02864318684752213 89.83393569071809 -0.11311664079909049 -0.9926486173736706 0.04305052845750197 15.768760782140603 -0.02361316672583724 0.046002157671462186 0.9986622150891425 -4.377307896590777
-0.9934588230683069 0.11109607752717601 -0.026405083332941195 88.95054402593816 -0.11204057039096328 -0.9929965418649311 0.03748037394100373 15.446757474457417 -0.022056233908168577 0.040193648781433014 0.9989484436863721 -4.459462352761803
-0.9930044120119725 0.11446828740906258 -0.028969792929824004 88.14926842511437 -0.11552969061479008 -0.9925736773507564 0.03808392859006144 15.42208096519169 -0.02439525181693187 0.04116438033103693 0.9988545266858211 -4.440370225436255
-0.9932898220781121 0.11211712207386626 -0.028373936877225683 87.39040292408512 -0.11326906116778834 -0.9926376148078679 0.042903210261229 15.39473995561801 -0.023354852562299265 0.04582921127867327 0.9986762409586875 -4.499859874889223
-0.9934648854200738 0.11096187682610459 -0.0267391721732892 86.50990141036371 -0.11196758550359275 -0.9929217022904506 0.03962010748511769 15.39199597740013 -0.02215358286553904 0.0423551060896414 0.9988569786282512 -4.468055417014913
-0.9929475031474694 0.11500046135784671 -0.02881232168180708 85.40358102227304 -0.11607678275068029 -0.9924751259117945 0.03897826256547823 15.26092480876397 -0.02411299441100527 0.042047810095819774 0.9988245817793486 -4.565439008518376
-0.9926953696250184 0.11509006975057383 -0.03619639443185913 84.28356349574145 -0.11672703548018813 -0.9920545378318631 0.04693179258482019 15.297661688472973 -0.030507414067171206 0.05081407100425495 0.9982420687763643 -4.2017432225881866
-0.992586375309247 0.1174237425494486 -0.0313680129452887 83.45558889133514 -0.11864418372919625 -0.9921153409030681 0.04038202585332632 15.39647475614795 -0.026378878249240807 0.04380428096049814 0.9986918142008818 -4.5847670661598325
-0.9925446627962878 0.1175432677090596 -0.0322284435069828 82.44071238834198 -0.11893267082519647 -0.9918708062732822 0.04524735874251708 15.287189636571348 -0.02664792984440437 0.048743039288338584 0.9984558097161546 -4.526213204429692
-0.9927659632608892 0.11595348946352388 -0.031153338054160748 81.77428453335415 -0.11738997901377403 -0.9918709602581319 0.049107952754740045 14.836748387650783 -0.025205852848704573 0.052409793720716476 0.9983075069858637 -4.480816560062953
-0.993404568434512 0.1113374315741054 -0.027410577227229917 81.27000420530801 -0.1123485519945755 -0.9929180380486565 0.03862088272336377 15.002599638088995 -0.022916506674698175 0.041445699995177686 0.9988779142987106 -4.589274390287757
-0.9930684189843295 0.11447710026869914 -0.026647865393640224 80.30903692071799 -0.11547851239117723 -0.9925167537072455 0.03968887484358731 15.035595206738046 -0.021904985548702197 0.04249102404624594 0.9988566886614001 -4.681079291877035
-0.9931032793753611 0.11100035987772292 -0.03774647799361774 79.41526866924087 -0.11281835832989276 -0.9923552387130291 0.05003097263255909 14.936212854898486 -0.031904459212686094 0.0539444186717088 0.9980341202466592 -4.242125989585437
-0.9932313031507722 0.1129052567333698 -0.027276023232769567 78.85444057153384 -0.1138903689368186 -0.9927755430068553 0.037758509913451935 14.877362130127972 -0.022815834520332486 0.040609410355478354 0.9989145676611827 -4.679450750775564
-0.993044001895465 0.11266217393948072 -0.03421761041732465 77.82104640639574 -0.1140292310441182 -0.9926294035544343 0.041039026141634946 14.719358656796805 -0.02934186031813113 0.04465536655763639 0.9985714563668857 -4.3547001264061285
-0.993196984601289 0.11239153919814474 -0.030461314738212914 76.92157721362452 -0.11375255190272511 -0.9923778204297259 0.04739850688328231 14.598122829980085 -0.024901941983025592 0.05054110639686309 0.9984114832320721 -4.563557879400342
-0.9932792972532776 0.11149458285124908 -0.03106759795767288 76.42482226631377 -0.1128279791590191 -0.9925903159201341 0.0451033464441615 14.57423204316672 -0.025808618074699148 0.04830551455471708 0.9984991199278456 -4.71112628497394
-0.9931208744997445 0.11146460484184614 -0.035868795635115386 75.82695377481821 -0.11294931458033892 -0.9926942208828584 0.04243390344531506 14.752654318784076 -0.030876867857578236 0.046193351179857615 0.9984552034708827 -4.524320498569273
-0.9933525422683503 0.10831949141795441 -0.03895657259003354 74.9057123734593 -0.11033014621331379 -0.9924369833974592 0.05381535860235753 14.378185421484112 -0.032832691110474786 0.05775570763056254 0.9977907058248939 -4.336269345145068
-0.9937347215539475 0.1076367028188129 -0.0300939094237009 74.41424529687501 -0.10906764081628377 -0.992733827177187 0.05083107420576028 13.643426165730991 -0.024403952648667494 0.053794875075930844 0.9982537545687943 -4.766856196682559
-0.9927623791316528 0.11664854726366905 -0.02856527616082124 73.09230431085487 -0.117934503195132 -0.9918378581324184 0.04846768130853736 14.191166005980744 -0.022678437710430464 0.051485722259516316 0.9984162002223541 -4.837335975413737
-0.9933260732454446 0.11203993455788756 -0.027392796043022565 72.67758697009104 -0.11324276867139361 -0.9924444692466619 0.04722341374099497 13.878336540166591 -0.021894920744958395 0.050010284202149986 0.9985086799420437 -4.93081807141032
-0.9931367757086863 0.11343688326329145 -0.028485404165402826 71.57411030828021 -0.11470360942564349 -0.992255084641213 0.04767524502704303 13.886249583747917 -0.022856655916499446 0.05061541780099898 0.9984566353934206 -4.85520791378805
-0.9935446169078316 0.10850281923392169 -0.033109400957422847 71.27916713490465 -0.1101277042708857 -0.9925563376699762 0.05199812788155597 14.05593468768506 -0.027221002286711572 0.05530872236323016 0.9980981726589118 -4.661188152695418
-0.9936899223152068 0.10753185124200394 -0.03189418846237815 70.21730720115886 -0.10913928537826845 -0.9925655967780902 0.05387162963643146 13.738375745865323 -0.02586415814068408 0.05701260440492258 0.9980383801551189 -4.7666261939613275
-0.9937847328207352 0.10753077725627519 -0.028792998369121945 69.6572507013804 -0.10892885506437269 -0.9926657228365316 0.05243345534861783 13.846328576535393 -0.02294361233084626 0.05524395576071267 0.9982092446001126 -4.928153975831739
-0.9941733416804807 0.10441899138490743 -0.026758941123096687 69.22562936900374 -0.10571181585207269 -0.9930051475589418 0.05259076830302278 13.547867373401338 -0.02108029129610263 0.05511307612176123 0.9982575670433332 -4.948473286844682
-0.9936811391364936 0.1082503317121618 -0.029659052726134873 68.2450164855943 -0.10972286599502111 -0.9925167879728586 0.0535846831648348 13.553433859015206 -0.02363654801877651 0.056500365275309904 0.9981227491253348 -4.984921470804015
-0.9935099985789431 0.1097799967612256 -0.02976969994437309 67.38597565681988 -0.1111276608332871 -0.9926367886810546 0.04819594126779457 13.167845394724262 -0.024259549076498296 0.051191386659004336 0.9983941687582825 -4.921506000687207
-0.9934859730910842 0.11004166042066352 -0.029604969905846337 66.91106871074561 -0.11133842495059715 -0.9926963057706957 0.04645212200464067 13.468469595919268 -0.024277075622532448 0.04944570235195299 0.9984817204727127 -4.971037689912153
-0.993305762410083 0.11013159568114674 -0.034852460396085264 66.09034888892276 -0.1117155855965712 -0.992612181870078 0.047335867351832046 13.34279092218648 -0.02938180215289006 0.050912552831883714 0.9982708157941934 -4.912498712296431
-0.9941038809543593 0.10477707408205122 -0.027914845840302776 65.71278862516007 -0.10617326974128194 -0.992858709631829 0.054395031948439775 12.98501928611662 -0.02201614552841705 0.05703812282176887 0.9981292210335552 -5.062100689970142
-0.993098533248968 0.11234563124175974 -0.033671388442478994 64.94408812272508 -0.11374120870529968 -0.9925848497275322 0.04287485899257429 13.307415321030751 -0.028604906939373273 0.04640878399901512 0.9985128862797596 -5.109315985066999
-0.9932994078099102 0.10924681080910423 -0.037701734343735555 64.23051831380118 -0.11095259121026455 -0.9927334744269781 0.04658080351249604 13.165958688805063 -0.032338969498313955 0.05045178966283056 0.9982027890021211 -4.965785939920188
-0.9933739307439204 0.11036624504483211 -0.032055041305156205 63.916934251103086 -0.11173290224434063 -0.9927398206056318 0.044535459354953705 13.305849881878599 -0.026907104534434033 0.047821967113503894 0.9984933986697013 -5.062805723645463
-0.9940582533875745 0.10424523398815856 -0.03132283612327371 63.43992365195722 -0.10545316375042531 -0.9936289526611031 0.0397634843623529 13.173102564221486 -0.02697812312000563 0.0428303119806797 0.9987180509275709 -5.131471961789063
-0.9941098363603225 0.10379245499844807 -0.031189093238726723 62.892781686353054 -0.10522503180898399 -0.9932666279179898 0.048467499886291 12.865646111890651 -0.025948524668214703 0.05146389170889295 0.9983376893204646 -5.108643658126903
-0.9942316641663717 0.10278886614600705 -0.030624287181748956 62.278539026950035 -0.10428390664001924 -0.9931845072114699 0.05205191111774794 12.81063840047265 -0.02506521064878177 0.05494527851901707 0.9981747099499212 -5.096453150362836
-0.9934326315178644 0.10776402533917172 -0.03845154714957784 61.99604907722073 -0.1096784502341734 -0.9926195887509555 0.05173963260520094 12.82439565667155 -0.03259208783934552 0.05561714547322396 0.9979200814392366 -4.9100378394745166
-0.9930064793283049 0.11304009439194695 -0.03405978672667041 61.11445778309672 -0.11460586601255572 -0.9922415939640419 0.048188325175415075 12.91020021873304 -0.028348324245328013 0.051754770481179484 0.9982573897772705 -5.153233926423489
-0.9930058129595523 0.11375269726220605 -0.03161928674266017 60.13252430333078 -0.11542489354675216 -0.9916585367539654 0.05736236076648909 12.125982471080283 -0.024830412365914805 0.06061081049250248 0.9978525844397986 -5.171361530101213
-0.993019417877854 0.11235167802225092 -0.035910112268226387 59.82081860160879 -0.11412780843958814 -0.9921055998005036 0.05197424540349316 12.679856719306585 -0.02978722978574933 0.05570977732920953 0.9980025759744455 -5.101994912905926
-0.9924675322122924 0.11861796455123973 -0.03062639368536138 58.54000762691976 -0.12026873236999029 -0.9909687444582778 0.05929906846574772 12.506204816121674 -0.023315864096475753 0.06253579768829066 0.9977703365449067 -5.1768954940704175
-0.9928405444068693 0.11546045306481072 -0.030602894633397357 58.79241313463284 -0.11701985797389465 -0.9915877589850891 0.05531789105436918 12.475870077326686 -0.02395842694425994 0.05850299145344973 0.9979996962771922 -5.236909846573653
-0.9928602082763882 0.11611529573890303 -0.027310161420920315 58.19447133468093 -0.11741023190365023 -0.9917265176167601 0.051897511501672454 12.428788682660883 -0.02105811638539101 0.05473346646433296 0.9982789206344627 -5.31616073430384
-0.9920429384398424 0.12243388348261758 -0.029338583248182656 57.34687134361748 -0.12396761923184574 -0.9905955026814719 0.05790146327367857 12.346746860477333 -0.021973567612773193 0.06107777208289925 0.9978911103340707 -5.311571341841869
-0.992079942459176 0.12320412719006073 -0.02445671305675913 57.00742437944655 -0.12431700609233044 -0.9909357713518174 0.050907553974072484 12.425496243624485 -0.017963011062873194 0.05354474856341057 0.9984038712539345 -5.402352198015234
-0.9914160181360396 0.12871287121515176 -0.02296248607705334 55.97458292449465 -0.12974325961759253 -0.990227433861085 0.05114993463042202 12.595663561628252 -0.016154428714402487 0.05369009231177201 0.9984269669938199 -5.493596271853813
-0.992491778252649 0.1197156024581416 -0.025064808576656418 56.60828475154254 -0.12086044133532078 -0.9913758659413449 0.05066207801985131 12.055811226808078 -0.018783605115408792 0.05331103973045624 0.9984012766526993 -5.426578168992501
-0.9926955767405522 0.11817639219078178 -0.024286462247870465 55.468948841741465 -0.1193809534452701 -0.9912537136670626 0.056251783045167585 11.9589141167207 -0.017426413120460102 0.058740237231670295 0.998121187359396 -5.4203103305486104
-0.9919783660263704 0.12425412344913732 -0.023234331097379806 55.014809405592494 -0.12531175993754726 -0.9907751822220395 0.05158973845876283 12.240486461752049 -0.016609760895649722 0.054087439380835524 0.9983980492490082 -5.448597114223277
-0.992093354987795 0.12239885850090873 -0.027736157389516194 54.57110325367816 -0.12369115675566933 -0.9910088056716745 0.051010242320972135 12.171596604490196 -0.021243180776564233 0.05403763983442009 0.9983129072348131 -5.413801931516486
-0.991699115258753 0.12561590991938762 -0.02745009963806154 53.27214489141678 -0.12682369571844268 -0.9907683808282626 0.047893274635040624 12.444740778293285 -0.02118053349967689 0.050977041166352335 0.9984752006307438 -5.535840376253607
-0.9922482470672788 0.1213527964856242 -0.02677526801043937 53.42851798026268 -0.12248172570172758 -0.9914239179485087 0.04557237966966304 12.21957883477597 -0.021015305399612935 0.04849859487395236 0.9986021446172751 -5.510126345381604
-0.9924613652689132 0.12004763940808781 -0.024677980491069625 53.25906776632145 -0.12113631185807835 -0.9914373841690471 0.048763790064608174 12.250496399431468 -0.018612694538792992 0.05138557720400116 0.9985054281562186 -5.469702575461278
-0.992371173517939 0.12044038026839883 -0.026335693866660792 52.70316626999601 -0.12155570878002331 -0.9915223359280564 0.045909334767192556 12.011772177096242 -0.020583090963727672 0.04876035435252244 0.9985983998634331 -5.471189978739971
-0.9926291931793212 0.11879007849462489 -0.024004210035315696 52.44170685713848 -0.11978949624975205 -0.9917472795308984 0.04569256100610965 11.938878152827836 -0.018378287091276323 0.048231222193794825 0.9986671055808807 -5.49485548888346
-0.9918836091639682 0.12520125844774513 -0.022170943935205075 51.94210330493017 -0.12600875529695263 -0.9912296769102744 0.03981860370318496 11.952448832906907 -0.016991158300418214 0.04228915340201821 0.9989609241828052 -5.635496377237435
-0.9929508083671944 0.11665780710420194 -0.020967789692403798 51.39360839819751 -0.11742562218843723 -0.9922697219739152 0.04014999511170712 11.64754134418925 -0.01612189246351279 0.04232912585265485 0.998973638134639 -5.6379899954027755
-0.993396761654589 0.11331413157213645 -0.01796612145770111 50.91409553552712 -0.11402623964549707 -0.9924392221675943 0.04541373113597327 11.165750380394305 -0.012684266099726014 0.047162462715963666 0.9988066937621549 -5.6064522076494585
-0.9935506334950934 0.11136934536688854 -0.021307453955230662 50.84579458060802 -0.11216973896378787 -0.9928417500006836 0.041026931598368004 11.44591465449253 -0.016585787358447797 0.04315238542805944 0.9989308200719257 -5.592838420673472
-0.9926182524927836 0.11957368228171002 -0.020276570808837834 50.43888117282692 -0.12024891870412133 -0.9920831371479588 0.036211138302339574 11.587239290241127 -0.015786144832211496 0.03838207253723295 0.9991384359232168 -5.649572191858805
-0.9926100130599765 0.1197698744528033 -0.019507412607415307 49.33052893755304 -0.12048479850438305 -0.9918718561415144 0.040910076066213094 11.38838778603819 -0.014449058877130399 0.04295809781571443 0.9989723852687945 -5.7641088692355025
-0.9935028592401913 0.11219596828121368 -0.019082279292705763 49.46905435334726 -0.11288229341651305 -0.9928108703093003 0.03980155309431905 11.158715626339387 -0.014479520523563029 0.04169700825158121 0.9990253765487048 -5.72948677246869
-0.992809285494714 0.11805584912061297 -0.01981260012957318 49.24555005404027 -0.11877934058530959 -0.9920935971440494 0.040518671694694315 11.325621323867466 -0.014872487539168368 0.042580641073075194 0.99898233123525 -5.713686175438115
-0.9942365775725677 0.10604103359176698 -0.015777420941960944 48.95419452496739 -0.10661774362601804 -0.9934196996115442 0.0418324893809267 10.79427259026194 -0.011237640361137698 0.04327354409450305 0.9990000579682798 -5.623006796848876
-0.9936957733096892 0.11104624166430575 -0.015409163465037163 48.53670404068984 -0.11160700593032229 -0.9928551402472245 0.042220216862702144 11.102677103484504 -0.010610670748316772 0.04367382164290913 0.9989894949244392 -5.641501466225471
-0.9942125096947237 0.10653457711184094 -0.013851694702266918 48.322996319020056 -0.10698102255852349 -0.9935740836151723 0.036954041465177126 10.930243467009253 -0.00982580169025586 0.03822203877187345 0.9992209612359368 -5.730268687713902
-0.9946671979245659 0.10199517200792443 -0.01530196915329424 47.985160582459926 -0.10252656047461363 -0.993953740203448 0.03929715934806364 10.835373967454297 -0.011201328945266001 0.04065645364090942 0.9991103958057955 -5.66337468935072
-0.9944902253200426 0.10385214799463559 -0.014280164557646134 47.90445820861118 -0.10434439608198871 -0.9937499599700802 0.03966439292048963 10.80137306057145 -0.01007168055383087 0.0409359061993993 0.9991110112667453 -5.686926591469987
-0.9940437949191399 0.10870628366597314 -0.007738066573272501 47.43031792331409 -0.10890930257212154 -0.9934607587789968 0.03427075399699429 11.134361304316716 -0.003962019183921609 0.034909377791664 0.9993826282991888 -5.7768865660060795
-0.9959640389723339 0.08932857726091695 -0.008719997617950835 46.85700124847955 -0.08957787929881107 -0.9953855674454727 0.034400227638514566 10.645634914656078 -0.005606836384666923 0.03504250855452932 0.9993700945995787 -5.77032492801175
-0.9939851866598497 0.10924127577209054 -0.0077325525199238914 46.81091874104653 -0.109455973693163 -0.9932836783526068 0.03750898747232551 10.766071830413383 -0.0035830885656484767 0.038129751979302975 0.9992663726406144 -5.735295660379993
-0.9943535402531847 0.10592211355203908 -0.006445374049227881 46.48665384496208 -0.10608308727859037 -0.9937495003871238 0.03476074040908172 10.558423816187277 -0.0027231561484645644 0.03524821046539949 0.9993748786514429 -5.717485625963939
-0.9929735989298997 0.11766736878715173 -0.01256272864132992 46.59546681898843 -0.11811406868263223 -0.9920098251853136 0.04433478899289092 10.789644236597661 -0.007245592276809124 0.045507109977651644 0.998937737966707 -5.565520734518311
-0.9930794935280144 0.11741919230310811 -0.0024192587779252174 45.883309060091605 -0.11743704215713187 -0.9925829765700273 0.03142571801518835 11.06228806902962 0.0012886673480025299 0.031492346725369484 0.9995031622932496 -5.832949259293328
-0.9936143612734836 0.11281458156712235 -0.001836098287868512 45.9296154486688 -0.11282383350089889 -0.9932692906924042 0.02620875352946705 10.680749058753138 0.0011329895187900283 0.026248549545477253 0.9996548054111037 -5.839344860468839
-0.9938834592776982 0.11038919884718772 -0.0031454971110710366 45.63666268111077 -0.11043189782645053 -0.9936372009549819 0.022133883997212455 10.693390720480146 -0.0006821412232277493 0.022345864409983932 0.9997500672803824 -5.853747193765052
-0.9936297554757282 0.11268705244148992 0.0012398569682536865 45.58712649920176 -0.1126351822573994 -0.993407197128614 0.02134142476307258 10.454830720520928 0.0036365850871257752 0.021065823153243 0.9997714770605277 -5.823196615375097
-0.9929102474993208 0.11886208966971704 0.001021787740686152 45.32321366558966 -0.11880654433622741 -0.992645864692234 0.02322051533216635 10.676898506545477 0.0037743123509742754 0.022934492555006975 0.9997298453169873 -5.8308284107904
-0.9932619089337982 0.11565195729322392 -0.007443455879761164 45.50376877657943 -0.11581098301693667 -0.9929145637722849 0.0266173864522379 10.451659701526097 -0.004312362906579881 0.027300070020856652 0.9996179818825919 -5.92780128295785
-0.992668839172823 0.12077431571428465 -0.0047053585440589634 45.01684484950832 -0.12086334877110269 -0.9921500232102188 0.032099569589006054 10.470893490368201 -0.000791618036865309 0.0324329478726695 0.9994736000681463 -5.862765634187148
-0.9925866583939348 0.12084585382504384 -0.012961681667896933 44.90259873944868 -0.1211899301986401 -0.9921683294907381 0.030249078895168327 10.5407141195506 -0.009204694281320315 0.03159565743663904 0.9994583473233583 -5.862353181064983
-0.9925080403960688 0.12166189740298447 -0.011232651933672183 44.69215037648802 -0.12194093739890882 -0.9921166819224074 0.028894588378235043 10.885638376164971 -0.007628730918849904 0.030047831395600723 0.9995193496341115 -5.911587760554966
-0.9933202979731807 0.11445988319841975 -0.014619191929777226 44.641839508114266 -0.11485865966094248 -0.9929223399243069 0.030211176410881002 10.691399304140027 -0.011057754535440799 0.03168851554495687 0.9994366233269607 -5.800830289317722
-0.9932652951915392 0.11496282724325932 -0.01440839062166309 44.64494753085236 -0.1153593533539271 -0.99285117014041 0.0306394116226653 10.627134961916896 -0.010782994103346835 0.03209520685486743 0.9994266480013025 -5.822048147400509
-0.9935090679863621 0.11297380021538211 -0.013291060671472576 44.501096029008764 -0.11334961491330683 -0.9930360725827513 0.032112666479666145 10.432820429153425 -0.009570612722401155 0.033410761953670695 0.9993958796982346 -5.811421046868043
-0.9931707924105032 0.11636840652606939 -0.00837681713299287 44.388904256884835 -0.11656484031976157 -0.9927595277776978 0.02900272414496321 10.576468399011924 -0.004941164227565705 0.029781100872611446 0.9995442316010301 -5.774772391456792
-0.9930174475855736 0.1172962345677578 -0.012567503605020174 44.347033487473354 -0.11765895536170495 -0.9924842145334618 0.03363709448056745 10.566507973637025 -0.00852754441970425 0.03488090105095882 0.999355093912097 -5.757180867793437
-0.9926344239759293 0.12098738845155894 -0.00624116765128782 44.271880752135395 -0.12112463124781378 -0.9921403859177729 0.03140506863577332 10.634720493990859 -0.0023924972437420235 0.03192971134551328 0.9994872532905758 -5.757748726293859
-0.9924521991846676 0.12245477987751045 -0.0065923606293929096 44.208391711974414 -0.1226118327312334 -0.9918306924373684 0.03518829369974003 10.793908942349637 -0.0022295308485808848 0.035731000886657996 0.9993589569158013 -5.755312205780171
-0.9925373006810366 0.1215508561685949 -0.009751724026202392 44.037097625190476 -0.12181535700447253 -0.9919709380868681 0.03398053544211066 10.790780742465083 -0.00554306365418044 0.03491485866706956 0.9993749181811562 -5.735188992761319
-0.9914406530676066 0.13027504664830197 -0.008593233714320938 44.177875829004364 -0.13049885105186312 -0.9908250136826835 0.03515454643237944 10.690088971128173 -0.003934630736192296 0.035975053599752504 0.9993449425496074 -5.7919272084531785
-0.9923979032661391 0.12252672944386807 -0.011558640264802545 43.91842650948938 -0.12288692189625369 -0.9916667854402957 0.03867545838616138 10.839522623856018 -0.006723542209658837 0.039801849533730706 0.9991849712409934 -5.755974225465173
-0.992751523382153 0.119496121247312 -0.012848728702204118 43.81013765159707 -0.11986358119639952 -0.9922353589254977 0.03319208340499266 10.852343093896927 -0.008782637712553873 0.03449158600060095 0.9993663971587105 -5.751975371071683
-0.992102228544223 0.12473460398551711 -0.013207826701170683 43.97891433239916 -0.12512303430938865 -0.9915425037489188 0.034462871971762024 11.233486142269282 -0.008797408868759158 0.03584329543870207 0.9993186997996675 -5.777905078242647
-0.992950364917038 0.11776801132803762 -0.01342640379885855 43.60096404004364 -0.11819053373141632 -0.9923046668376101 0.03691132493680708 10.793828416716146 -0.008976109815162708 0.03823798739665444 0.9992283451606274 -5.800146949696815
-0.9929904899583691 0.11738509009788652 -0.013806790899905809 43.513026593552034 -0.11781073662953558 -0.9923950368451129 0.035675218009095566 10.807526918126197 -0.009514052083565304 0.037051740416630945 0.9992680578028368 -5.761928064707041
-0.9929242015101873 0.11777564865867798 -0.015179810222336991 43.328259879317905 -0.1182640120489105 -0.9923007294081855 0.036781596894073294 10.772934253293524 -0.010730960323001276 0.038316562985351785 0.9992080301376386 -5.808926306442692
-0.9931378137727599 0.11601986879862432 -0.01471981313121229 43.30117485551618 -0.1165035391381437 -0.9924657266382709 0.03793028890816541 10.707559698340475 -0.010208242892628866 0.039384914527262636 0.9991719673233103 -5.817587980294862
-0.9925673878981355 0.12075473333261576 -0.01510876761501174 43.20800472916494 -0.12121592567718592 -0.9920205677912646 0.034668320428368704 10.89916668108893 -0.01080184443965281 0.03624206750269653 0.9992846604946168 -5.910534396025963
-0.9931164667070622 0.11630346066200226 -0.013899229954615485 43.07579339152014 -0.11678286669453389 -0.9923111046505106 0.040993092514388846 10.767845856616297 -0.009024721707394873 0.042334107116231715 0.9990627496672997 -5.853451758434237
-0.9929192047451539 0.11781786965406105 -0.015179013091408068 43.0562692882196 -0.11831096349985508 -0.9922784631798597 0.03722858344275141 10.698514405088087 -0.010675615391465906 0.03876081912958655 0.9991914882225638 -5.833109538313051
-0.9933514131426153 0.11446555450502834 -0.012272197823754648 43.01432465475537 -0.11488665902004051 -0.9924821137378272 0.042193713864882236 10.480402558464956 -0.00735020998215845 0.04332309710021993 0.9990340753302012 -5.783863464630165
-0.9930152232481109 0.11755947680311082 -0.010026754773630662 43.002408952147874 -0.11785080756838336 -0.9923582618323735 0.03655499047340101 10.513111119003087 -0.005652747384383863 0.03748132317313913 0.9992813401941429 -5.840856282843675
-0.9929783216676735 0.11789866048932013 -0.009693222007113634 42.88101012854105 -0.11817832941658749 -0.9923119346121952 0.0367546851777163 10.609521238165355 -0.00528537173334497 0.037642134384657064 0.9992773061390998 -5.86931283239595
-0.9926226427613332 0.12064527587606415 -0.01204186390473933 42.66666875893931 -0.12101324114922823 -0.9919634788644615 0.0369357829981114 10.475369051844869 -0.007488961481451981 0.03812051951263476 0.9992450857762716 -5.935787454827326
-0.993516306821022 0.11320947455748202 -0.01043853203970913 42.74858199976716 -0.11354764512864242 -0.9926719806411377 0.04134333242194129 10.141574746163936 -0.00568158133490072 0.04226054567122946 0.9990904693335396 -5.8547610566269315
-0.9922342376885923 0.12377128848294446 -0.012324191892899584 43.0050590197064 -0.12416562894336038 -0.9914833214346412 0.0392902011452639 10.91700899096552 -0.007356231891466505 0.04051532381960266 0.9991518375042732 -5.920488246821569
-0.9936236181113043 0.11203510189147008 -0.012658652202329685 42.59938111452946 -0.11245032317530608 -0.9928874707971167 0.039107482044758085 10.18480405020955 -0.0081872064332681 0.04028158733565076 0.999154824525484 -5.925062388423556
-0.9927034467933981 0.1198597437942632 -0.013172264121252854 42.895368647623755 -0.1202790831309049 -0.9920190592469825 0.03783025577403215 10.994443425498 -0.008532812296970858 0.03913857315121977 0.9991973594871087 -5.967765074532602
-0.9939698907215633 0.10927151592640023 -0.009142874061974077 42.817374946513326 -0.10955397823216396 -0.9931599973279485 0.04038744311131325 9.85354685810044 -0.004667139645795316 0.041145540641840124 0.9991422632902862 -5.968922895030201
-0.993548014175196 0.1127503310560648 -0.012235455662757506 42.96644831699452 -0.113145060488193 -0.9928232851231079 0.03873138010046382 9.938584161366883 -0.007780669357491403 0.03986586715614369 0.9991747463883625 -5.917226291945956
-0.9928199027198783 0.11890166176600317 -0.013078057676198672 43.068076823235856 -0.1193070435466744 -0.9921843039265286 0.036553199613574075 10.646426709676666 -0.008629607375251676 0.03785104848112894 0.999246129842613 -5.923921940718891
-0.9927838204945024 0.11910027698653658 -0.013978905038638759 42.4948235872131 -0.11953524006037532 -0.9921738701945821 0.036087916077509344 10.50778916235416 -0.009571423512570405 0.03749847096668934 0.9992508456474359 -6.025222157653343
-0.9923077481932627 0.12304077787996281 -0.013649170462516508 42.619644240416385 -0.12345237710971572 -0.9917276853623826 0.03515264814685236 10.909000982597957 -0.009211051057378718 0.03656726766480629 0.9992887427935764 -6.072891263365373
-0.9924512704805477 0.1218434497380826 -0.01395168367892895 42.66075712116241 -0.12221756360071777 -0.9920449473162575 0.030161061847883846 11.393130864449287 -0.010165769476926226 0.03163852493734108 0.9994476779055209 -6.13899420790384
-0.9924751707663875 0.12122510319493462 -0.017248471457465706 42.46232828968976 -0.12177764019025213 -0.9919137944979868 0.035738363620936436 10.667575356644683 -0.01277660995469877 0.03756991668857878 0.999212319578826 -5.93755327749744
-0.9925938512339126 0.12024442777882945 -0.017283636213935784 42.516606031163285 -0.12080748249181786 -0.9920079010545999 0.03641258600041335 10.695253581390837 -0.0127670931156105 0.03823090155084615 0.9991873695658873 -5.954534035357946
-0.9929131671650668 0.11785008192216614 -0.015323206622073784 42.756070686927025 -0.11833552531438443 -0.9923203077911839 0.03601541605737517 10.28737975243162 -0.010961109378741412 0.03757346052941958 0.9992337510037631 -5.965392817208226
-0.9941030089425944 0.10746640406505158 -0.014497572508008807 42.705707889798404 -0.10792729191630249 -0.9935056295727953 0.03603142609981431 10.017734177094214 -0.010531252105563719 0.0373836328424672 0.9992454937224425 -5.994706621130625
-0.9925677695886092 0.1207326288811106 -0.015259590340144256 43.15878185729857 -0.12116887073217698 -0.9921181293756041 0.031933088321439956 10.084401244483116 -0.011283950521961648 0.03354474158063863 0.9993735151448226 -5.875599888909138
-0.9931832659246612 0.1156633682567993 -0.014456331855590124 42.61632669948074 -0.11609574118571389 -0.9926594889255348 0.0338956918301449 10.1475849375987 -0.010429725105038805 0.03534295247424042 0.9993208176279773 -5.98061262099664
-0.9928586216582077 0.11823473763402405 -0.01588408686637563 42.820718556570014 -0.11876602342882442 -0.9921868094188289 0.0382095131372702 10.023929437123446 -0.01124228970757169 0.03982313438061858 0.9991434976469816 -5.895995348642855
-0.9927925704884502 0.1191073543241798 -0.01327968858202026 42.744922907998905 -0.11949357251760481 -0.9922665332314445 0.03359186145238967 10.274636127946557 -0.009175952807255833 0.03493658790939656 0.9993474054178247 -5.964763385036155
-0.9927002785021445 0.11990446793899255 -0.013002908522348955 43.155801490827336 -0.12024210641569189 -0.992309837929986 0.02937722573864225 10.82048700177132 -0.009380453426714754 0.030726277282628073 0.9994838182671486 -5.966947216213414
-0.9930655731118063 0.11688114046931478 -0.012631963534004422 42.858702999140164 -0.11721987449657706 -0.9926336324580673 0.03062634056041166 10.585529547113708 -0.008959270234734003 0.03189468162104364 0.9994510797238516 -5.996171688230718
-0.9932009720924198 0.11534222463498953 -0.015748023715115623 42.71867611291483 -0.11585019269658287 -0.9925973956200934 0.03645741434018198 10.169270158479813 -0.01142636805135108 0.03803395094463111 0.9992111171762978 -5.939406106026624
-0.9932306321339613 0.11509384458228633 -0.01569453185200363 42.699969264691134 -0.11557327476883106 -0.9927119203166035 0.03414471292218869 10.179569278578436 -0.011650302570899315 0.03572744324183756 0.9992936606670848 -5.950626548544617
-0.9935329293156415 0.11262673453503658 -0.014406145683636871 42.62749550462115 -0.11307145834603143 -0.9929667977718375 0.035096778060745376 10.207488650021176 -0.010351988842032716 0.03649872861782752 0.9992800804260585 -5.983881699268133
-0.9935061786731711 0.11307339737153882 -0.012644356254930413 42.63553747818468 -0.11346879371686178 -0.9928571528831628 0.03687149062878709 10.219152657835313 -0.008384854839760762 0.03806679360816279 0.9992400179304872 -5.954590549752009
-0.9928572736370636 0.11901501687844017 -0.00835822609228805 43.31999917594467 -0.11922706719153528 -0.9923271333998988 0.03273784915426305 10.453210524135285 -0.004397798868809949 0.033500538439950045 0.9994290236376748 -6.058670644988026
-0.9926036163681322 0.12097199810452663 -0.010190017051642061 42.7596264046381 -0.12121223397620992 -0.9922393153163248 0.02772607933147116 10.541816783470722 -0.006756856326050264 0.028756161343212957 0.9995636188244338 -6.067186147638347
