-9.896370960219484925e-01 1.369171492766096676e-01 -4.326791433858457464e-02 1.300135276643908071e+02 -1.395107978371797064e-01 -9.881478776053538304e-01 6.403521898821064318e-02 1.341813843954787089e+01 -3.398757808491337934e-02 6.940796941274900156e-02 9.970092167667863325e-01 -2.337709744381256449e+00
-9.913273654087297881e-01 1.213715857974568962e-01 -5.038841883605107985e-02 1.285685171448389781e+02 -1.242859700037320519e-01 -9.904662172287876931e-01 5.941102750102347091e-02 1.194057070006310539e+01 -4.269721597502776356e-02 6.515835088080812465e-02 9.969610509234928530e-01 -1.747852842143645447e+00
-9.905201106684888845e-01 1.290745029184966197e-01 -4.700726600886077911e-02 1.277468145205793206e+02 -1.311758835243366506e-01 -9.903485614944247395e-01 4.475057907484294301e-02 1.200635036223895469e+01 -4.077741952226079936e-02 5.049256818846822176e-02 9.978916286926343693e-01 -1.740026929318305049e+00
-9.919181779767454188e-01 1.160292714986873447e-01 -5.133747515000842976e-02 1.272509109777158045e+02 -1.185755328344432064e-01 -9.917010130877548235e-01 4.968846600317944340e-02 1.028802375725379470e+01 -4.514610960339458801e-02 5.537426113462044774e-02 9.974444946920471011e-01 -1.398675680702267554e+00
-9.911041370632449610e-01 1.291317327241932045e-01 -3.221156779433220763e-02 1.248834923799807513e+02 -1.305985617795525910e-01 -9.902444898791278316e-01 4.857845124269731529e-02 1.182132716770921554e+01 -2.562430793667818882e-02 5.235308842536676166e-02 9.982998291971666438e-01 -3.227058151245449036e+00
-9.855591265151624203e-01 1.654176396736044274e-01 -3.619685935940105542e-02 1.249653362100303298e+02 -1.668673201518760807e-01 -9.851032983846987889e-01 4.155465048486136487e-02 1.524574227971282347e+01 -2.878377334544565333e-02 4.699463795372043479e-02 9.984803445214115447e-01 -2.794215396665797879e+00
-9.922544065980880568e-01 1.120130855564674816e-01 -5.370531864532415711e-02 1.238458420314642865e+02 -1.143781738933341702e-01 -9.924980310846909237e-01 4.318902209865473074e-02 1.019196334495944356e+01 -4.846468738682338517e-02 4.899721376906417125e-02 9.976223970618172121e-01 -1.362559648088666364e+00
-9.916836735162524175e-01 1.107725690588021589e-01 -6.552045196291579610e-02 1.217596672773109105e+02 -1.157528484729700852e-01 -9.902225983205039661e-01 7.784910947329148900e-02 1.018952884957505667e+01 -5.625628633055578670e-02 8.478586981038646608e-02 9.948098243025099707e-01 -1.348214064563540759e+00
-9.944014930247135897e-01 9.194681423870901260e-02 -5.207162395751974843e-02 1.207510768423930330e+02 -9.578012336555966066e-02 -9.924464804348536173e-01 7.665605938574347744e-02 8.389948566858528523e+00 -4.463001947455525614e-02 8.121432646907068842e-02 9.956969391023937632e-01 -1.957255185199645808e+00
-9.926718448167368702e-01 1.170706837759505209e-01 -2.995101848633059671e-02 1.190435260017231940e+02 -1.185973003317487978e-01 -9.913824899093974796e-01 5.563667005730249526e-02 1.061111559462822385e+01 -2.317949227567545761e-02 5.878106583990766465e-02 9.980017522211903636e-01 -3.297777266571597643e+00
-9.934480601307074110e-01 1.047172677115987549e-01 -4.577385351432744498e-02 1.191752126033005226e+02 -1.079339023817190435e-01 -9.913552105534135794e-01 7.459972671029219127e-02 9.674855391008954086e+00 -3.756626863540342420e-02 7.905150442347125272e-02 9.961624541756222140e-01 -2.987711614778611580e+00
-9.932020950158493289e-01 1.048707561693379281e-01 -5.051458162351862152e-02 1.168464519526609422e+02 -1.078480084658264976e-01 -9.923346465368230174e-01 6.033868040149334422e-02 9.239315369628270602e+00 -4.379960646036522992e-02 6.537640081183587748e-02 9.968989520963532636e-01 -2.583887235309819008e+00
-9.928736495777554794e-01 1.098286986322388886e-01 -4.625551784271085543e-02 1.174260968589685348e+02 -1.122528645394878649e-01 -9.922357409728737032e-01 5.354931128120646311e-02 9.626743499897326473e+00 -4.001512685007861669e-02 5.836001450274841407e-02 9.974933074113385700e-01 -2.510193289197418576e+00
-9.834540660438146897e-01 1.736716051859995280e-01 -5.153904863311565415e-02 1.143752194761031689e+02 -1.760529567741745682e-01 -9.833085665784340179e-01 4.593059225109613619e-02 1.524523738853118537e+01 -4.270194835085364821e-02 5.424422960632900581e-02 9.976142075779880214e-01 -2.019632159543177874e+00
-9.896227449658241415e-01 1.327834409059266141e-01 -5.491248007047043467e-02 1.141200339536734703e+02 -1.360427065589151219e-01 -9.888469821532548387e-01 6.061375981182496459e-02 1.166617933230423532e+01 -4.625153660617595253e-02 6.745519778032665892e-02 9.966496835167232282e-01 -1.793012720555773765e+00
-9.904480146939569352e-01 1.313420159493212114e-01 -4.197624370007373151e-02 1.135815128068822020e+02 -1.336469409199497749e-01 -9.893387193207736630e-01 5.785666457264379559e-02 1.246016752769218883e+01 -3.392971222305292411e-02 6.291401512461439194e-02 9.974420290570077396e-01 -2.682272128824786606e+00
-9.937719998717571279e-01 1.010108215534120391e-01 -4.705343983168171207e-02 1.128239657553382784e+02 -1.039217921826701141e-01 -9.925122953385148161e-01 6.418414688546605906e-02 8.928912740020981786e+00 -4.021782416330930976e-02 6.867428580609999389e-02 9.968281542415379226e-01 -2.827851536579083280e+00
-9.894173111884940752e-01 1.258162663612429899e-01 -7.227483268363922575e-02 1.103052507880706372e+02 -1.321746600150973672e-01 -9.870204568654572519e-01 9.121664858455300062e-02 1.125609490168315929e+01 -5.986020022038603811e-02 9.980423261576221172e-02 9.932048487505253931e-01 -1.639754836949960159e+00
-9.933476445682674072e-01 9.605618905001127306e-02 -6.351114528855975050e-02 1.097682876533978344e+02 -1.009966004565276826e-01 -9.916820491279969563e-01 7.978972448581438115e-02 9.005153402516622663e+00 -5.531856584276714089e-02 8.567334464397984017e-02 9.947863762087885142e-01 -2.073074294873974655e+00
-9.931262146188521989e-01 1.109980282482053299e-01 -3.714511491219852496e-02 1.087557294082511419e+02 -1.125008243132953750e-01 -9.927988854521916373e-01 4.115747287814566779e-02 9.417546839015194848e+00 -3.230923034767111540e-02 4.505342128958529646e-02 9.984619686620238577e-01 -3.446708718738214383e+00
-9.954720403543144691e-01 9.118004799607891397e-02 -2.686290602768145325e-02 1.081142793618060978e+02 -9.200791374351736940e-02 -9.952634991972939549e-01 3.138647756796896643e-02 7.676854335877707491e+00 -2.387384932064304244e-02 3.371596080481609886e-02 9.991462722272567154e-01 -3.856828531402111349e+00
-9.866512099268722746e-01 1.560093049981952917e-01 -4.669568185409735811e-02 1.064620480546840469e+02 -1.580914158844355100e-01 -9.864072579156442089e-01 4.480876872883365891e-02 1.288554088430051081e+01 -3.907037462699127633e-02 5.159281234164052321e-02 9.979036464214302571e-01 -2.708950445612714475e+00
-9.877172141992687227e-01 1.480565226240733445e-01 -4.993967243488525026e-02 1.055423540229553652e+02 -1.508578600934020464e-01 -9.868547315822548960e-01 5.796244302784225866e-02 1.202392995485697647e+01 -4.070148427853611389e-02 6.478429487293640987e-02 9.970688964737294269e-01 -2.719144837634458689e+00
-9.847646382758645789e-01 1.683307124113289088e-01 -4.362772582315738168e-02 1.031289291412618354e+02 -1.703486795058780090e-01 -9.842335590017796676e-01 4.759862104404189581e-02 1.574652112100334733e+01 -3.492756206793957985e-02 5.430536431868521891e-02 9.979133192889074744e-01 -2.942346493065196356e+00
-9.882438053663173960e-01 1.469955707362591846e-01 -4.202955316229883831e-02 1.024897360349847020e+02 -1.486027921384227013e-01 -9.881638876543359373e-01 3.807021545164043091e-02 1.262058806823253576e+01 -3.593593360086555499e-02 4.386836354129258070e-02 9.983907929044834040e-01 -2.849242946231656415e+00
-9.887932769001432920e-01 1.429301984075876941e-01 -4.311396456189509063e-02 1.017974303855813645e+02 -1.447216516079806170e-01 -9.885909251878697290e-01 4.175675025730028050e-02 1.308131684425754138e+01 -3.665377351562887354e-02 4.752831807838225203e-02 9.981971548084602741e-01 -2.964702807649162164e+00
-9.840882453038557465e-01 1.725182156612921069e-01 -4.251812225183327493e-02 9.939298990075906204e+01 -1.744458615528097778e-01 -9.835549370229978994e-01 4.677956011747508996e-02 1.552232621268780299e+01 -3.374858281285105649e-02 5.345232569992105359e-02 9.979999408994940646e-01 -3.414630467555110904e+00
-9.907513524718791764e-01 1.307369548721227792e-01 -3.632638443206916146e-02 1.000301053010503978e+02 -1.323776925601031218e-01 -9.900758573800942930e-01 4.717990192374078157e-02 1.158403720776976797e+01 -2.979771950342451070e-02 5.155235459060537179e-02 9.982256511673899269e-01 -3.581012423202277972e+00
-9.899198861693065954e-01 1.377453182710839663e-01 -3.293700443186701327e-02 9.897179535324239907e+01 -1.390171220902622073e-01 -9.894790719595356610e-01 4.006751701612183691e-02 1.317327665878385723e+01 -2.707136369465311040e-02 4.424243945007845513e-02 9.986539680085479986e-01 -3.541120077455170545e+00
-9.907145848814997713e-01 1.301935712188546923e-01 -3.916944365649531468e-02 9.775686518843150452e+01 -1.319769695812912647e-01 -9.901365356034455001e-01 4.702893113123395724e-02 1.147650104547923533e+01 -3.266023274897569828e-02 5.176171245707045926e-02 9.981252598348036020e-01 -3.225434822410092828e+00
-9.865218722145203678e-01 1.577919297432240908e-01 -4.331630813294092691e-02 9.624939171042636588e+01 -1.597686849828404143e-01 -9.860468197368168486e-01 4.675079235439952297e-02 1.371526447460927045e+01 -3.533501013460093459e-02 5.304126878968597192e-02 9.979669638139170296e-01 -3.052095538411957243e+00
-9.913157319911176657e-01 1.277952245195186076e-01 -3.100806503027175864e-02 9.639056578347256732e+01 -1.291463290177655987e-01 -9.905397352657259180e-01 4.639244077370356656e-02 1.100750077334830124e+01 -2.478598814150387297e-02 4.999413415304224118e-02 9.984419068439269740e-01 -3.908108108018708116e+00
-9.870370993722699104e-01 1.582437230668578276e-01 -2.677103981385842157e-02 9.467408902036382301e+01 -1.593084339057967702e-01 -9.862526477358610766e-01 4.389234239005822269e-02 1.362632266958589256e+01 -1.945732122513194051e-02 4.758822274411311781e-02 9.986775123666291609e-01 -4.286633527094545926e+00
-9.899710244696982020e-01 1.374792114778128072e-01 -3.250903138906929835e-02 9.471326856168242614e+01 -1.388180520625685033e-01 -9.893703683695469486e-01 4.331076787430041680e-02 1.154101867056085062e+01 -2.620914214488324206e-02 4.738924565496196312e-02 9.985325934912104850e-01 -3.805594972957797140e+00
-9.923417741495192956e-01 1.182357232967339022e-01 -3.575076242939013993e-02 9.384922981100262973e+01 -1.197707489958107219e-01 -9.918096946163925676e-01 4.436775123804537896e-02 1.060304457200167327e+01 -3.021209960871676717e-02 4.830986857192582501e-02 9.983753731116349339e-01 -3.480798505871375959e+00
-9.872598597268800180e-01 1.530873043745366313e-01 -4.338486615630005733e-02 9.203006837128054940e+01 -1.548891507302609105e-01 -9.870495026614711787e-01 4.174482341322893059e-02 1.307976581144360040e+01 -3.643240807468819259e-02 4.793283358076310535e-02 9.981859161032068384e-01 -3.280978619049840006e+00
-9.825916093371980242e-01 1.824904332432550347e-01 -3.479900910693465438e-02 8.870747046411008796e+01 -1.838227275381448256e-01 -9.821472795704015990e-01 3.994904345408518964e-02 1.628911103017513540e+01 -2.688743387853187450e-02 4.565044366869268344e-02 9.985955652276246042e-01 -4.093957253886617131e+00
-9.902577525937359404e-01 1.344491668578285115e-01 -3.623541029489840692e-02 9.017484665507056718e+01 -1.360911695325344450e-01 -9.895584782211963581e-01 4.746800770853600027e-02 1.140518865443849350e+01 -2.947502338032667937e-02 5.193688199908094716e-02 9.982152990637555012e-01 -3.951147648805978463e+00
-9.897217942796425749e-01 1.392175917572281429e-01 -3.269911425716438141e-02 8.922027686863839335e+01 -1.407638177978647875e-01 -9.887268775048900782e-01 5.103635271451039540e-02 1.115482604806398648e+01 -2.522533501967515537e-02 5.511464274354097720e-02 9.981613389770197520e-01 -4.155103383071415912e+00
-9.847424481277304853e-01 1.710321177830990691e-01 -3.209868442838312297e-02 8.655719967700314044e+01 -1.724313665941228368e-01 -9.838726031534932304e-01 4.756179746869003411e-02 1.356526819617808854e+01 -2.344642125971489049e-02 5.237094089853269741e-02 9.983524176760000257e-01 -4.280120873263759229e+00
-9.902341551487303661e-01 1.360174765499312932e-01 -3.058699151387790638e-02 8.537863077317724958e+01 -1.372555871734501554e-01 -9.896075548409895006e-01 4.286946688857142668e-02 1.305096004939328225e+01 -2.443812117476647922e-02 4.664904580618762370e-02 9.986123596064789831e-01 -4.300998323333980800e+00
-9.875175285701729422e-01 1.550183719153083728e-01 -2.790045045129310036e-02 8.489612701934763095e+01 -1.561514041579187273e-01 -9.867315601150936644e-01 4.446984655183564700e-02 1.336726704994569914e+01 -2.063661178992915596e-02 4.827144747737140834e-02 9.986210480518979971e-01 -4.596490726000958205e+00
-9.851001140108215370e-01 1.695684764694274649e-01 -2.871057581631220740e-02 8.497148792737145584e+01 -1.707503463351288109e-01 -9.842635629216149873e-01 4.549239421355825985e-02 1.321873649878701507e+01 -2.054469766875493403e-02 4.971690349051774427e-02 9.985520241354548521e-01 -4.644243300290770371e+00
-9.892254643999938146e-01 1.422664077212931755e-01 -3.454344824559088534e-02 8.408220425013713850e+01 -1.438123064961091546e-01 -9.884700473474927751e-01 4.738128319405375544e-02 1.100511809921908757e+01 -2.740439896962157049e-02 5.183854483803283786e-02 9.982794018641218958e-01 -4.182236385549265911e+00
-9.840024235486060089e-01 1.757176919794203873e-01 -2.936874488116929596e-02 8.234057763238755001e+01 -1.769561412500308961e-01 -9.831013491916658076e-01 4.688561923900969042e-02 1.441185133657325323e+01 -2.063381991703867532e-02 5.133254272829100573e-02 9.984684349205433795e-01 -4.546612831343084693e+00
-9.880982298441205458e-01 1.514700635111888849e-01 -2.680873064568042169e-02 8.212425029865288195e+01 -1.525659268013258296e-01 -9.872633582833985066e-01 4.510764203811862272e-02 1.260680067520938685e+01 -1.963482004421570476e-02 4.866088008763257144e-02 9.986223473320273714e-01 -4.637657525454065066e+00
-9.894606948549085068e-01 1.426757777276336792e-01 -2.472156522263868617e-02 8.089307293145733979e+01 -1.436185915485697628e-01 -9.887478608309581141e-01 4.184934723278149055e-02 1.152512413198376784e+01 -1.847250656644611189e-02 4.495876057032376777e-02 9.988180396594431576e-01 -4.702174668811589520e+00
-9.860979746904381393e-01 1.633595147503525691e-01 -3.040482284023165657e-02 7.987813698847031674e+01 -1.646053594209873905e-01 -9.853613362450202029e-01 4.436341604651550946e-02 1.385215183234343073e+01 -2.271255074411699174e-02 4.875147150556598946e-02 9.985526696497976085e-01 -4.506024246905570685e+00
-9.926718147459059338e-01 1.159726758755873638e-01 -3.395595175114848874e-02 8.084966447413457047e+01 -1.175413866432958448e-01 -9.918797614510670435e-01 4.856502084573122158e-02 1.033519339715209462e+01 -2.804800590133995838e-02 5.220035702972759817e-02 9.982426719445164354e-01 -4.285111350909376782e+00
-9.856652914029129242e-01 1.647704600360609950e-01 -3.625781051188553539e-02 7.961051022768262442e+01 -1.663394551433370339e-01 -9.850127685918355080e-01 4.561832278443922473e-02 1.359211183213949958e+01 -2.819785428412494369e-02 5.099550186587381573e-02 9.983007261357766948e-01 -4.341312246153946397e+00
-9.884197981055917737e-01 1.469335638190787663e-01 -3.790554756662561225e-02 7.919433571500577784e+01 -1.485555273039231572e-01 -9.879132058259867399e-01 4.425780227343809048e-02 1.171701091770817804e+01 -3.094443440029815556e-02 4.937636659421289209e-02 9.983007645001578112e-01 -4.252674348015484718e+00
-9.904185045581890279e-01 1.337824909588386513e-01 -3.425537828675484509e-02 7.742950824559680711e+01 -1.351584445617731167e-01 -9.899497599108315615e-01 4.161331176593933284e-02 1.149869351783518567e+01 -2.834397100553355531e-02 4.584449765604824839e-02 9.985463941862201542e-01 -4.458030566176098830e+00
-9.850187537734482746e-01 1.691027365363451662e-01 -3.379821312617632689e-02 7.768823649908974005e+01 -1.704785488880524169e-01 -9.844182819600437728e-01 4.310116601508043321e-02 1.299677301574409682e+01 -2.598305377793248133e-02 4.821732716311669109e-02 9.984988584257961097e-01 -4.576885900894128945e+00
-9.918017760521489201e-01 1.252151058650122495e-01 -2.550322103219551662e-02 7.504811859734229529e+01 -1.262947037774537484e-01 -9.909083447906259501e-01 4.637132758577570263e-02 1.057041798548215006e+01 -1.946496384708826938e-02 4.921208680310040079e-02 9.985986609719220697e-01 -4.917435130994793901e+00
-9.899905833383906284e-01 1.374876887724862384e-01 -3.187130899904889320e-02 7.562459436716619621e+01 -1.389442964885222453e-01 -9.890782037191307996e-01 4.918118950418987056e-02 1.123253444550066327e+01 -2.476140897894392803e-02 5.311725109357003094e-02 9.982812380595160739e-01 -4.649571644105394697e+00
-9.911258092307457801e-01 1.286493614292371634e-01 -3.345104005182592682e-02 7.431524878957476687e+01 -1.301418070722056841e-01 -9.903758400013451535e-01 4.710419932034420887e-02 1.085003937401646290e+01 -2.706917672704794997e-02 5.103956647033185134e-02 9.983297162389991319e-01 -4.508696514573744984e+00
-9.889370814623323902e-01 1.441026073097998739e-01 -3.518362510148333872e-02 7.436447169185322537e+01 -1.456724145074424215e-01 -9.882112300097152247e-01 4.709684208370857467e-02 1.281481042312896435e+01 -2.798207569741722328e-02 5.170109717601285154e-02 9.982705044177456744e-01 -4.498715957637649865e+00
-9.875366712903075328e-01 1.537933661634273419e-01 -3.345031212082739958e-02 7.285410382692630549e+01 -1.552547417276881891e-01 -9.867719406583739250e-01 4.665942884750366726e-02 1.183731739409723183e+01 -2.583191878137667055e-02 5.127121661740034753e-02 9.983506269435823421e-01 -4.628145595687405134e+00
-9.881900499267590732e-01 1.488193185703032273e-01 -3.651349950388978888e-02 7.243601389931181700e+01 -1.504749022236486766e-01 -9.874580837646671494e-01 4.778950312145636287e-02 1.212923508825767627e+01 -2.894354896230460703e-02 5.271947674325801886e-02 9.981898255068439862e-01 -4.520189342222464823e+00
-9.907087474355955603e-01 1.327131750491580275e-01 -2.972189299094588760e-02 7.142214780772329163e+01 -1.340007397836208702e-01 -9.898851877601455573e-01 4.659524429063861134e-02 1.106398763303083754e+01 -2.323745881192761098e-02 5.014507175619051932e-02 9.984715781065229834e-01 -4.787900497556711876e+00
-9.899614927703161982e-01 1.382025382350682285e-01 -2.960238600775789292e-02 7.106831113686720869e+01 -1.395054801075777395e-01 -9.890700843664161912e-01 4.773457061046352395e-02 1.176253807676999408e+01 -2.268179560621316065e-02 5.138508185062663075e-02 9.984213086224082989e-01 -4.821417900901242781e+00
-9.902576192545584632e-01 1.364245700997384902e-01 -2.789595277806616175e-02 7.108270730657905290e+01 -1.376471546808058777e-01 -9.893177709076093063e-01 4.799592664672748532e-02 1.105262988145655001e+01 -2.105013816042195646e-02 5.136813058211570082e-02 9.984579144079763768e-01 -4.890935798760042807e+00
-9.936752669126884818e-01 1.100750131921833935e-01 -2.220259887351643674e-02 6.932429533635901464e+01 -1.110379938996699095e-01 -9.926467626599466687e-01 4.819718343912687830e-02 1.311414581599439444e+01 -1.673403229154549199e-02 5.035768115658853517e-02 9.985910454794779678e-01 -5.102728148458523627e+00
-9.956763174993259469e-01 8.944731932359772930e-02 -2.505689200208154402e-02 6.889640506974599532e+01 -9.060006890436730909e-02 -9.946596042231927726e-01 4.943580929939256352e-02 9.691774752570093909e+00 -2.050117766143045792e-02 5.149222069773599919e-02 9.984629451923141552e-01 -4.973270892870480964e+00
-9.945107491466298466e-01 1.014251843317839769e-01 -2.571578921739249221e-02 6.784242164597422686e+01 -1.025219979402049036e-01 -9.936808453443257694e-01 4.569045342448870006e-02 1.167076891062717081e+01 -2.091912450745350358e-02 4.807608115321369835e-02 9.986245944551892517e-01 -4.989569198448460696e+00
-9.906688146821709395e-01 1.331804693062406952e-01 -2.895275827261334367e-02 6.802708426125391838e+01 -1.344028665431131475e-01 -9.898846773965104262e-01 4.543341194100548180e-02 1.034870879320411952e+01 -2.260904865793813417e-02 4.890079806073174135e-02 9.985477168707594942e-01 -4.936160019778207619e+00
-9.911785907424992548e-01 1.294929418023382517e-01 -2.822373605832996166e-02 6.671349385879197769e+01 -1.306705501802311875e-01 -9.904092446338297329e-01 4.488580465407220749e-02 1.267476594976946203e+01 -2.214065422045425127e-02 4.817785972024999502e-02 9.985933533042697929e-01 -5.075102543304398139e+00
-9.919900791361679904e-01 1.237623401094370829e-01 -2.526986478112468529e-02 6.651157494891914723e+01 -1.248454231245543916e-01 -9.910586022242289239e-01 4.707937215182000923e-02 1.037730963247085469e+01 -1.921726359998438341e-02 4.985709706746478675e-02 9.985714629668395181e-01 -5.214826440686035625e+00
-9.935939177058259464e-01 1.108194118664065780e-01 -2.214011408219166213e-02 6.530965797804358886e+01 -1.117449503398888350e-01 -9.926624827680963215e-01 4.619806682335087650e-02 1.187834321245091651e+01 -1.685801801886857229e-02 4.837616415408271114e-02 9.986869148888518621e-01 -5.265927608357119816e+00
-9.965467377217080980e-01 7.934869071469886903e-02 -2.446190544671496270e-02 6.427009641484805513e+01 -8.042564322980196023e-02 -9.956643329291521294e-01 4.673598232432103761e-02 1.030388968736020416e+01 -2.064740776207926037e-02 4.854195519970019856e-02 9.986077123365795227e-01 -5.139170465454748538e+00
-9.946200095350794523e-01 1.007752287843081546e-01 -2.398728613056156159e-02 6.376317250508213874e+01 -1.017584303032526977e-01 -9.938321625616728383e-01 4.407782345133726132e-02 1.211186780922359318e+01 -1.939738370649875601e-02 4.628159376533552694e-02 9.987400840979014927e-01 -5.184994424465043217e+00
-9.913056150584711457e-01 1.289979845520655422e-01 -2.593641330353266966e-02 6.342195967400150636e+01 -1.299985584544344486e-01 -9.906438951735314635e-01 4.153369421545342194e-02 1.389005531512603397e+01 -2.033598665704692415e-02 4.454428063083817196e-02 9.988004078442126454e-01 -5.136941654934081392e+00
-9.904866148961917194e-01 1.349023872947251457e-01 -2.715900612444433967e-02 6.277576908362891572e+01 -1.359967596372401166e-01 -9.897509231807584129e-01 4.356594347661544436e-02 1.377593012724621957e+01 -2.100350160459816748e-02 4.684502070680404001e-02 9.986813290311002955e-01 -5.139130707519174557e+00
-9.921504442146502623e-01 1.221500220029140826e-01 -2.677439391208035965e-02 6.214114870560936765e+01 -1.232558075459045110e-01 -9.913763635243588723e-01 4.450743478819033788e-02 1.276925712824721160e+01 -2.110691713345624540e-02 4.745817073914324752e-02 9.986501990583167565e-01 -5.150142722055597311e+00
-9.932627366247555045e-01 1.129455154023169955e-01 -2.593157502365098926e-02 6.155509010807312364e+01 -1.140700454263158387e-01 -9.923601171931235587e-01 4.700449490090372051e-02 1.213092520462687141e+01 -2.042451392666441018e-02 4.964582917985976840e-02 9.985580257931452319e-01 -5.173920592233153926e+00
-9.930818978884852211e-01 1.150501046424428492e-01 -2.349079623953416462e-02 6.103785971689211465e+01 -1.160314028217495769e-01 -9.921855860600696797e-01 4.587457219258920388e-02 1.222771295353781085e+01 -1.802935510275519709e-02 4.828287725891184518e-02 9.986709698985846151e-01 -5.259169378141951512e+00
-9.915220049927890855e-01 1.279149687426511806e-01 -2.284457017862945652e-02 6.019737298908671619e+01 -1.287960424368389534e-01 -9.907595192276006379e-01 4.251063999167451618e-02 1.290005119966850522e+01 -1.719572818137496059e-02 4.509252522824986481e-02 9.988348067127276186e-01 -5.314441342053886963e+00
-9.911043897904445732e-01 1.309034642524003755e-01 -2.400774010254436153e-02 5.973270198032520995e+01 -1.318300399292409997e-01 -9.903716757255083269e-01 4.224670984708503441e-02 1.299956249717077483e+01 -1.824634512348991683e-02 4.503584091997843430e-02 9.988187242549395606e-01 -5.293565566324312854e+00
-9.916247466512109199e-01 1.268572055247667030e-01 -2.424069378894642621e-02 5.945569225121202095e+01 -1.278380859239466871e-01 -9.907985135227614926e-01 4.444917758956314774e-02 1.256660252515615284e+01 -1.837894491596248417e-02 4.717578836155263827e-02 9.987175072943509369e-01 -5.284036188259757516e+00
-9.918808710081499225e-01 1.250286516806102532e-01 -2.324164338085914217e-02 5.880640739360924840e+01 -1.259939747811147648e-01 -9.909558923112895545e-01 4.617291210647407607e-02 1.232320874826494261e+01 -1.725850651042026146e-02 4.872633530715186900e-02 9.986630503831434025e-01 -5.341880871984448831e+00
-9.915435279957063308e-01 1.275683273978800436e-01 -2.382758768184974410e-02 5.823948369334636510e+01 -1.285578216244170346e-01 -9.906319673236061440e-01 4.605639820640845816e-02 1.224480365326122389e+01 -1.772903237668427626e-02 4.873014633130073880e-02 9.986546221039166449e-01 -5.344564873819706463e+00
-9.916763650678499520e-01 1.267065442866692759e-01 -2.287878057822080938e-02 5.779877807710840898e+01 -1.275848977508563520e-01 -9.909290225540317021e-01 4.221097163078491726e-02 1.222391243088416601e+01 -1.732284132928512202e-02 4.477860979353550513e-02 9.988467326237988608e-01 -5.383073404053944522e+00
-9.915936332057793123e-01 1.272171017083615907e-01 -2.361939073489708815e-02 5.736610955679921631e+01 -1.280926879725940437e-01 -9.909449965505956470e-01 4.025266574149501120e-02 1.225928516119748402e+01 -1.828468959865130541e-02 4.293975831633477236e-02 9.989103299505995848e-01 -5.349452965340852906e+00
-9.914793068504208495e-01 1.282521309355672268e-01 -2.280734526191945805e-02 5.684050810145774335e+01 -1.291247985440766299e-01 -9.907328005565472218e-01 4.213436011539174048e-02 1.214303121461716373e+01 -1.719216357419599273e-02 4.472034002406514303e-02 9.988516009396841699e-01 -5.399304948905524704e+00
-9.911179548141126894e-01 1.307704090537127606e-01 -2.417229325106882987e-02 5.623137799102210010e+01 -1.316981001345778057e-01 -9.904039540509650408e-01 4.190009810438431043e-02 1.219530724688037182e+01 -1.846104184583698821e-02 4.471138463678969027e-02 9.988293558049979870e-01 -5.371615968916541917e+00
-9.912110337975286178e-01 1.300586608256909527e-01 -2.419568602586030445e-02 5.576392697068818194e+01 -1.309573887199282360e-01 -9.905700611450092286e-01 4.026308859029405912e-02 1.207628490534486509e+01 -1.873095880332209182e-02 4.307782152570078377e-02 9.988961169585695021e-01 -5.364956499994300465e+00
-9.915304601958474517e-01 1.266094888409965147e-01 -2.893758523500965241e-02 5.542105635270721109e+01 -1.276544630751426934e-01 -9.911028316045715769e-01 3.767645474826883389e-02 1.194834390182874628e+01 -2.390992598919743778e-02 4.105136442096533889e-02 9.988709130405030168e-01 -5.300566382822237799e+00
-9.916680614649928671e-01 1.258904385668479786e-01 -2.731397714926053766e-02 5.501369846438982592e+01 -1.268972300083038574e-01 -9.911514798433638251e-01 3.893375168834991434e-02 1.184615861774395462e+01 -2.217090179679827300e-02 4.207542610309660674e-02 9.988684145730906128e-01 -5.347066975198322858e+00
-9.914246026712096871e-01 1.285656156210632506e-01 -2.341238343722439746e-02 5.451425825209510378e+01 -1.294287929605829890e-01 -9.907772823472293933e-01 4.010691134213029141e-02 1.184064562644407026e+01 -1.804008788784408623e-02 4.279321517035124256e-02 9.989210659328308095e-01 -5.402535910255222618e+00
-9.911113378402118812e-01 1.308940839394533151e-01 -2.377088122549816593e-02 5.397009018840787320e+01 -1.316631792967427883e-01 -9.906997717835155370e-01 3.433321140767282148e-02 1.195622101401352211e+01 -1.905579234928716711e-02 3.715778488744377744e-02 9.991277074529558710e-01 -5.405531073893905081e+00
-9.913487528712985331e-01 1.290271804494059760e-01 -2.407564922900044119e-02 5.356464020565133666e+01 -1.298334569647497383e-01 -9.908954875045801192e-01 3.562872851566687565e-02 1.186749221085236528e+01 -1.925937779638581260e-02 3.844632034846826724e-02 9.990750506436235634e-01 -5.448428303597373734e+00
-9.915710342601802285e-01 1.265620348116650584e-01 -2.772968374373350336e-02 5.326940931999649109e+01 -1.275380626747548707e-01 -9.911498740551678566e-01 3.682349426107397322e-02 1.169941940862161367e+01 -2.282381618763389824e-02 4.004970043278634900e-02 9.989369824517846386e-01 -5.395749882150847831e+00
-9.921548476722759080e-01 1.226033725370446886e-01 -2.443708826651999622e-02 5.294148284148446493e+01 -1.234367344433194708e-01 -9.916938660763054969e-01 3.614759434042905811e-02 1.148288414250512801e+01 -1.980229356343554681e-02 3.888044533146999687e-02 9.990476365721777663e-01 -5.468469974501263486e+00
-9.920473110984020515e-01 1.235756370252399095e-01 -2.389967523288200404e-02 5.247191974735781628e+01 -1.243455711315578083e-01 -9.916570755493399059e-01 3.397680757367223942e-02 1.148190567417571728e+01 -1.950157640801820566e-02 3.667841935986081853e-02 9.991368184942762687e-01 -5.409802197817479730e+00
-9.916247196570471267e-01 1.270843594334749582e-01 -2.302131517674711400e-02 5.200348358369976154e+01 -1.278634390114728459e-01 -9.911270636817830493e-01 3.630543487809063941e-02 1.149673283139875046e+01 -1.820319557778633454e-02 3.894495121207969257e-02 9.990755399096935552e-01 -5.404661969762336149e+00
-9.917044254237177281e-01 1.268056097304642305e-01 -2.103972280949463827e-02 5.174999178531616906e+01 -1.275045771876114897e-01 -9.911807215520840320e-01 3.610207777538108898e-02 1.151872419210854304e+01 -1.627622165072688601e-02 3.848525125780580258e-02 9.991266036115743487e-01 -5.497537338531833129e+00
-9.919892948548743039e-01 1.245866499313371262e-01 -2.086637371983283626e-02 5.131069601051368068e+01 -1.252692877296065488e-01 -9.914897637228483607e-01 3.543520826138114171e-02 1.144255753795729014e+01 -1.627404206232499137e-02 3.776526302962632947e-02 9.991541124687706166e-01 -5.551261492538927200e+00
-9.923452228961235910e-01 1.215608069463718355e-01 -2.176990605836733386e-02 5.099628469447474544e+01 -1.222636194630435658e-01 -9.918963618589600184e-01 3.454293975265750050e-02 1.147849830865208354e+01 -1.739442298667293399e-02 3.694018875840469895e-02 9.991660805408949519e-01 -5.516541143209453324e+00
-9.927321770160999481e-01 1.183496451061794297e-01 -2.182169150446132758e-02 5.070580512918551364e+01 -1.191024829796414608e-01 -9.921840286437380030e-01 3.722165837742805877e-02 1.138567097545966433e+01 -1.724596372948521486e-02 3.955015559417080634e-02 9.990687473480082126e-01 -5.507661334777878892e+00
-9.925806700995267740e-01 1.194058345112212621e-01 -2.293163817641775959e-02 5.053878217303184783e+01 -1.202144911559917401e-01 -9.920242463958968138e-01 3.789948124657768064e-02 1.125693160766315870e+01 -1.822332189479421161e-02 4.037500770690388013e-02 9.990184028794395488e-01 -5.338700799916908935e+00
-9.923602654806102930e-01 1.221014378724996352e-01 -1.767321036827935662e-02 5.031504747291153734e+01 -1.226963640114746845e-01 -9.917241185641090251e-01 3.780046185704027950e-02 1.127453657744903737e+01 -1.291145822969071502e-02 3.968011501633993132e-02 9.991290120493313553e-01 -5.412470169674330478e+00
-9.924716763507945849e-01 1.216627399819287664e-01 -1.407655289955343607e-02 4.990477412820757053e+01 -1.221081470141506115e-01 -9.918282034840506522e-01 3.696505385322306630e-02 1.133217155062630077e+01 -9.464252438249614804e-03 3.840563075501681606e-02 9.992174115036699389e-01 -5.535640562178980595e+00
-9.925996445447404781e-01 1.205419892162775536e-01 -1.468245502079425398e-02 4.954676598826002021e+01 -1.210033406192572575e-01 -9.919928673680769027e-01 3.617101947472588924e-02 1.137100437157826427e+01 -1.020476401661633663e-02 3.767996717944189361e-02 9.992377509205311314e-01 -5.541055640579590325e+00
-9.923794927295566115e-01 1.219642823263418357e-01 -1.754013245241975091e-02 4.934511360018396431e+01 -1.224904866968026390e-01 -9.919226263938341059e-01 3.294820050835484126e-02 1.142838987658314132e+01 -1.337995062055400905e-02 3.484561786765617841e-02 9.993031371094622806e-01 -5.486606008516856647e+00
-9.922197767197771245e-01 1.231415923704599624e-01 -1.833201883653479483e-02 4.908618945590330895e+01 -1.236856928636619057e-01 -9.917956830813698943e-01 3.229817954613868614e-02 1.129462054719742703e+01 -1.420436788426302985e-02 3.431430094911150364e-02 9.993101443913107174e-01 -5.457788935850970802e+00
-9.923454257826223035e-01 1.223979929822193030e-01 -1.640997386441691089e-02 4.889699375665279746e+01 -1.228859993740464424e-01 -9.918701199595016949e-01 3.305595694221642733e-02 1.121343762363171592e+01 -1.223057995959753869e-02 3.481948370450664576e-02 9.993187762012697428e-01 -5.456873489682197764e+00
-9.925104652384861836e-01 1.216941437763442574e-01 -1.065418990945126917e-02 4.871976100957619593e+01 -1.219956463729838930e-01 -9.919187773500965921e-01 3.484539289960078556e-02 1.111190953714261731e+01 -6.327610775171414043e-03 3.588418190278463982e-02 9.993359229163363278e-01 -5.525052349556922593e+00
-9.923290635041517316e-01 1.229359267327664040e-01 -1.303025875912379103e-02 4.848029553067301123e+01 -1.233178441004047776e-01 -9.917732816654039052e-01 3.432880861702287262e-02 1.119262886891464603e+01 -8.702818589520090048e-03 3.567233792438911227e-02 9.993256452506390497e-01 -5.490675673374913579e+00
-9.921604539796762268e-01 1.237439708855122694e-01 -1.746605932454836640e-02 4.822553095574179594e+01 -1.242910201873550086e-01 -9.916355866197958946e-01 3.479375877941924544e-02 1.127099635334999128e+01 -1.301444811083667975e-02 3.669186583834892212e-02 9.992418781864934596e-01 -5.474727913115390088e+00
-9.922206583997241758e-01 1.222736985221900274e-01 -2.339460823614580853e-02 4.806516415928596331e+01 -1.230422793195027620e-01 -9.917892567682351501e-01 3.485208256293626655e-02 1.114738443246603694e+01 -1.894102807874013111e-02 3.745948222836035374e-02 9.991186239113469814e-01 -5.442470318646474681e+00
-9.924135183163886875e-01 1.213256078532942289e-01 -1.988732113473424754e-02 4.792054795451760896e+01 -1.219391646567001136e-01 -9.919800862542955677e-01 3.326181891819612879e-02 1.105896184110800995e+01 -1.569231613604420497e-02 3.543452206463866550e-02 9.992487907725168261e-01 -5.528396665954039335e+00
-9.923031622725395628e-01 1.230459325493375305e-01 -1.393314849496156589e-02 4.765095165221810447e+01 -1.234112034426702725e-01 -9.919201016794663150e-01 2.939705340726819771e-02 1.114637582227472379e+01 -1.020338222113737793e-02 3.089029568103559414e-02 9.994707002328721002e-01 -5.590069017055342648e+00
-9.922718984187388624e-01 1.230931245147730835e-01 -1.563848795961602159e-02 4.748794288342643455e+01 -1.235052320078163512e-01 -9.919232060695277742e-01 2.889309480560201676e-02 1.105569399208258652e+01 -1.195563779845891343e-02 3.060124111765112620e-02 9.994601676739756080e-01 -5.535738611435776058e+00
-9.923233331192706785e-01 1.221996740368838652e-01 -1.901689281510591384e-02 4.729220618976514601e+01 -1.227662260786526183e-01 -9.919131333147657159e-01 3.219921881179048373e-02 1.099196132827455052e+01 -1.492837169509966116e-02 3.428666829780543934e-02 9.993005394252367779e-01 -5.517373019432952219e+00
-9.920890624817830794e-01 1.232736491496553288e-01 -2.372550377431192556e-02 4.715503093138720203e+01 -1.240471622979164024e-01 -9.916768562131170750e-01 3.448643758209123111e-02 1.107436063942046900e+01 -1.927676398806588490e-02 3.715669894644531290e-02 9.991235089284765669e-01 -5.458412146791552289e+00
-9.921771910264456373e-01 1.232167833404905488e-01 -2.005108251679154491e-02 4.693688203120522218e+01 -1.238587616863950636e-01 -9.916910642335252657e-01 3.475399650243515132e-02 1.098901191537182065e+01 -1.560220370285451963e-02 3.696562487773053657e-02 9.991947326807790741e-01 -5.529998538031851929e+00
-9.921381527193640082e-01 1.239129357379206431e-01 -1.753483035043593499e-02 4.667960394565152171e+01 -1.244397063262941694e-01 -9.916758507349514584e-01 3.307214172889774706e-02 1.093651051091523563e+01 -1.329080163249329004e-02 3.499416274067122801e-02 9.992991359778338190e-01 -5.589098913633506527e+00
-9.922633921480692454e-01 1.226986129925884128e-01 -1.893174509921928192e-02 4.659992443826303798e+01 -1.232403452940765420e-01 -9.919004524791779076e-01 3.074588856088774150e-02 1.089902423269290921e+01 -1.500592864849045228e-02 3.284117448108021808e-02 9.993479270825049721e-01 -5.559302964844777151e+00
-9.920866416967113466e-01 1.233931507016576140e-01 -2.319969238718215879e-02 4.656067367244691013e+01 -1.240901872645010368e-01 -9.917713228027469352e-01 3.148441980966703441e-02 1.093524464537199137e+01 -1.912382784912395814e-02 3.411412648754622717e-02 9.992349601482070076e-01 -5.452808787683644631e+00
-9.921614082910399368e-01 1.230792506311310930e-01 -2.161568786829413252e-02 4.637880500042032139e+01 -1.237498965346679469e-01 -9.917628332629659926e-01 3.305216582726953206e-02 1.096298489360512995e+01 -1.736960004143110053e-02 3.546802253147979950e-02 9.992198538720631351e-01 -5.503323840571225922e+00
-9.919535527826210952e-01 1.244295842194124979e-01 -2.335439343934153644e-02 4.621907703184815119e+01 -1.251703995711466455e-01 -9.915690533222460967e-01 3.351393090677087794e-02 1.096855575627122370e+01 -1.898736930527554490e-02 3.616754158922681761e-02 9.991653460475181658e-01 -5.560062846106095691e+00
-9.919217142489678007e-01 1.246625975546589715e-01 -2.346379279475864152e-02 4.604990291704574190e+01 -1.254206444393003994e-01 -9.915134872112030262e-01 3.421500587039500579e-02 1.094047692867296107e+01 -1.899933550998087958e-02 3.688145128930953726e-02 9.991390212582899055e-01 -5.577503893999491424e+00
-9.916810047406001694e-01 1.264067189137045855e-01 -2.429251428209826258e-02 4.589623496154330695e+01 -1.271978585047339738e-01 -9.912815267151544596e-01 3.437498487392797591e-02 1.089129128826352577e+01 -1.973549159468659248e-02 3.717897533209838651e-02 9.991137243401130297e-01 -5.471776533727822134e+00
-9.917206231426687335e-01 1.262832062294168278e-01 -2.329715557607276583e-02 4.577092805731891190e+01 -1.270558661040071258e-01 -9.912650863055039174e-01 3.536008428019574157e-02 1.081061974384234148e+01 -1.862827211734300464e-02 3.802736509621072736e-02 9.991030512323350044e-01 -5.449537597554241941e+00
-9.916854943228257113e-01 1.268702865873644614e-01 -2.153626548251534600e-02 4.567728692400717705e+01 -1.275696547916137791e-01 -9.912121407691221187e-01 3.499250160024326012e-02 1.080942414414331409e+01 -1.690749910666451000e-02 3.744893020013453228e-02 9.991555004606758050e-01 -5.497447739754280249e+00
-9.916899040337381344e-01 1.269019730174824889e-01 -2.114292983071123372e-02 4.554438758767867057e+01 -1.275901794929419630e-01 -9.912018253711856186e-01 3.520919592648608792e-02 1.084344811992518309e+01 -1.648879421046566679e-02 3.761423434154918116e-02 9.991562885957251394e-01 -5.544271754600815783e+00
-9.916798338363181919e-01 1.270643556085245818e-01 -2.063387254400934900e-02 4.536285876696748431e+01 -1.276950049207694060e-01 -9.912698411422735667e-01 3.283424675634213918e-02 1.097963819373249805e+01 -1.628167315286416228e-02 3.519590282351184318e-02 9.992477948656085518e-01 -5.587825078723382077e+00
-9.918660115399242638e-01 1.255692010549652182e-01 -2.083724785811951960e-02 4.532309504165031910e+01 -1.261585166059258079e-01 -9.915594034562540404e-01 2.989946663855719625e-02 1.094716088515965069e+01 -1.690691691809388317e-02 3.228506100188711231e-02 9.993356948475468071e-01 -5.595098286046520819e+00
-9.917317310174298406e-01 1.265922630794404924e-01 -2.103741004968028711e-02 4.526540891666628141e+01 -1.271739818616006157e-01 -9.914535523483272161e-01 2.909693924364274362e-02 1.092262167057465128e+01 -1.717416753842620353e-02 3.153176912747989585e-02 9.993551898624699614e-01 -5.611272199924895787e+00
-9.914660657687313083e-01 1.285568778719257121e-01 -2.163722673765194893e-02 4.516385331004160264e+01 -1.291873399359693142e-01 -9.911411504582281484e-01 3.081965393394831693e-02 1.090627090059255622e+01 -1.748346731464027470e-02 3.335189680007422802e-02 9.992907381490609975e-01 -5.596265133457360541e+00
