-0.9929847675929218 0.10137919102239965 -0.06085647834118522 130.6174194289568 -0.10395795000928602 -0.9937439764092625 0.040812424335982554 9.165662597299711 -0.05633822821418856 0.046852630427303206 0.9973118043339011 -1.0422030071474309
-0.9933198403054155 0.09871201618826175 -0.05976313843569196 129.5142605805654 -0.10135157670936942 -0.993926574312729 0.042869835239801805 8.424009342794994 -0.05516840358538536 0.048640546203876846 0.997291604552467 -1.1769677946302703
-0.9938632036569778 0.09893142331641273 -0.04948237966471139 132.3441264070123 -0.10403239338774843 -0.9879980279428519 0.11418037443912804 10.294199149880914 -0.03759246656859023 0.11862744312186545 0.9922269580069213 -2.0184778578310905
-0.9960365686176937 0.07759778267505779 -0.04347111800041243 127.41876629300108 -0.08070115487145549 -0.9939215506314621 0.07488173871355722 8.49917295469631 -0.03739622412362803 0.07809311950656442 0.9962444414434826 -2.6262871685356908
-0.9940637337169971 0.09332379876939172 -0.055928185129522696 125.51354072642954 -0.0959255761254837 -0.9943346516965884 0.0457917490430952 7.958294263084898 -0.051337872507789574 0.05088486040741284 0.9973841555928704 -1.6701387288383516
-0.9784520767626855 0.2026033589726502 -0.03979211494498217 122.14239432924 -0.20389666274477689 -0.9784804578985081 0.03165666489491089 19.2217886292303 -0.03252206021053579 0.03908800895064425 0.9987063848579028 -2.779351178677786
-0.9955489982871397 0.08387902238667173 -0.042970939167423325 124.29166190681282 -0.08732590970117583 -0.9924725769130269 0.08586250386796376 9.128729527805998 -0.03544541584374896 0.089232806069686 0.9953798917079878 -2.9732865989580275
-0.9946665561244251 0.09330097192160923 -0.04397011219077094 122.3731907957766 -0.09665658872324141 -0.9919635580692943 0.08164437101780721 8.553583171574896 -0.03599924976957334 0.0854589263973648 0.995691129776225 -3.037822416022934
-0.9964035624859439 0.07463755912361154 -0.04011452895640307 120.4900157400016 -0.07776679129461574 -0.9934997585172791 0.08312975398647961 8.049502438450496 -0.03364917290312362 0.0859503612219424 0.9957310221986472 -3.0141963644820735
-0.997619325976569 0.05448183748352601 -0.0422777698381146 118.65179699215084 -0.05796949019607741 -0.9945897902331303 0.08620143485133155 7.550612183432286 -0.03735262567039784 0.08844703809874066 0.9953802804994152 -2.8253109849333384
-0.9903154668543753 0.13551950012072939 -0.03016191631900902 115.3004745238094 -0.13685523345692824 -0.9894369279726533 0.04780387682495418 19.031687309274698 -0.023364956333297767 0.05146873469469969 0.9984012460751847 -3.772874345867734
-0.9901907771785742 0.1367900440222817 -0.028472945876348105 114.00453834050742 -0.13835560955397946 -0.988362108509554 0.06323027571898693 18.86156222222398 -0.019492308622684522 0.0665494276379187 0.9975927142805479 -4.209846638751867
-0.9946763589574783 0.08812143338711476 -0.05341866629659003 117.57921282768889 -0.09165107214759946 -0.9934883424089743 0.06768304419621497 6.841990640277 -0.04710649536212334 0.0722186020030261 0.9962757909431693 -2.7015312361053434
-0.994791799592435 0.0874789794305289 -0.0523135127997119 116.61794077675472 -0.09082040487282288 -0.9937221793474009 0.06532904661633032 6.650540842167252 -0.0462701796234814 0.06973993426190636 0.9964915514176542 -2.6998016078758598
-0.996251150900237 0.08110208133900745 -0.03010144070370513 111.86732662409744 -0.08193679887528363 -0.9962548384457026 0.027616260854760544 10.415510121939139 -0.027748969711130583 0.02997914735291209 0.9991652743185014 -3.799507943278431
-0.9998365526830995 -0.010557223679976609 -0.014676952918023446 109.48429584818531 0.010206646504391147 -0.9996656025051651 0.023759367313349117 6.28421722075745 -0.014922877936957415 0.0236056814383144 0.9996099636947967 -4.2331836597217425
-0.9998479828771589 -0.008052209085935349 -0.01546522115336074 108.87335810340146 0.0078096901509069035 -0.9998465855829277 0.015678457765792922 6.113802294739024 -0.015589094785547663 0.015555295786429741 0.9997574770396901 -4.2867758896491415
-0.9915000369673943 0.1281045775589374 -0.02273530079215116 107.4760550130021 -0.12896240201619782 -0.9907827392175311 0.041451930411254306 17.78233511601362 -0.017215561561446026 0.044031589535844996 0.9988817965921085 -4.435082459335824
-0.9958010153928617 0.07178612042278361 -0.056807487686041665 106.97567365712584 -0.07457700754295103 -0.9960285663038286 0.04863501878980449 9.631424919780356 -0.05309056119964098 0.0526673335321959 0.9971998517298949 -2.3904370177449334
-0.9919321227390147 0.12204632999732364 -0.03428348308821345 105.7385070654538 -0.12348530761094739 -0.9913896460349702 0.04356545120722337 17.62371462860317 -0.028671286729150765 0.04744747694918669 0.9984621646554551 -3.6230542793645295
-0.9974229088902091 0.04842168663133397 -0.05294224291410573 101.98979427902005 -0.05156508098896218 -0.9968827167710914 0.059715085411405834 7.512398352980073 -0.04988570179521431 0.06229116523927458 0.9968105273769643 -3.073520979857313
-0.9971969850740258 0.04093630433428866 -0.06262900244079314 102.67787785105747 -0.04382638793622207 -0.9980029629435577 0.04548992939492716 8.285909656771423 -0.06064174040825444 0.048107223400880215 0.9969996360966884 -2.223302474912804
-0.9933177179071545 0.11307225304631267 -0.023120918726693904 102.62851833283003 -0.11411682334560076 -0.9921880053255591 0.05040151503287848 16.712395410783678 -0.017241285371017514 0.05270320368944376 0.9984613715110039 -4.298595799216134
-0.9925478875334312 0.12093159346133694 -0.014974667135932915 101.41636112554013 -0.12150531377863133 -0.9915023676971992 0.046470566753624425 17.030838071412823 -0.009227658234187692 0.047943764492873096 0.998807411751519 -4.717786633266136
-0.9925097152077847 0.12100284256815341 -0.01681598372370903 100.43154169193433 -0.12160419008665294 -0.9917260866344566 0.041131375397355674 16.91713268013792 -0.011699836389404793 0.04286818376296581 0.999012228478375 -4.6180459526791715
-0.9928667232331477 0.11813186860591114 -0.016140988691955974 99.35486055633454 -0.11870722259344778 -0.9920746594119038 0.041188171322695415 16.78040071473677 -0.011147430216333137 0.04281041663466434 0.9990210223149175 -4.611352172755409
-0.9931774159041759 0.11168963596806757 -0.033526791603652836 98.75410095467645 -0.11286262179330796 -0.9929795427483304 0.035407008984957515 16.562600391119677 -0.02933682225216566 0.03894936328928191 0.9988104414549888 -3.617465218912473
