-0.9880824170212215 0.1510782314656143 0.029470411444745295 127.64443059492237 -0.15152720188673313 -0.9883590415412818 -0.013634958451611924 15.022115710117752 0.027067402200378867 -0.01793803168752571 0.999472652330868 -8.586898743104403
-0.9725977416918637 0.22632560289934836 0.05320107450175864 123.83158803866678 -0.2272202530553861 -0.9737774006410678 -0.011337133772619476 24.117748646294476 0.049240120403395246 -0.023114832315616243 0.9985194615377767 -11.298342352441017
-0.9846887047638049 0.15377886158105433 0.08209882119384374 123.19958575116843 -0.15438023526967698 -0.9880110136874463 -0.0009898436207367678 18.019036188285632 0.08096232252513323 -0.013649123164090567 0.9966237021906487 -13.88758708464221
-0.9797387793110449 0.1902801018431814 0.062493256889513266 121.67774986926108 -0.19139416814351526 -0.981436215948148 -0.012297415420971097 21.345471025487 0.05899319210520879 -0.024009099690170347 0.9979696219912313 -11.767087987601517
-0.9849109138921247 0.15405765032867932 0.07884625591228427 121.12572680309549 -0.15433603761224254 -0.9880150260118519 0.002587637717123667 17.53626163102325 0.07829993097271415 -0.009620226089268852 0.9968834295240657 -13.458535397584141
-0.9740966929219756 0.21851415983581002 0.058199611594291885 119.80311164044535 -0.22049617554987766 -0.9749243463230098 -0.030065852965283524 22.578157936235772 0.05017040368936221 -0.04211983971839047 0.9978521181496536 -11.30948378391357
-0.976976241193575 0.20770986739622985 0.048724071356099206 118.89893313515722 -0.20933863123108548 -0.977349561611899 -0.031067215699579695 21.785822692551644 0.04116748252650017 -0.04055176202421691 0.9983290003697036 -10.502453151962136
-0.9751241053288221 0.21615782260594518 0.04907927192742 117.39610613992167 -0.21759798930321078 -0.975688728865549 -0.026126986353820554 22.869408549207158 0.04223853995901372 -0.03615660508107965 0.9984531063856459 -10.351957358395557
-0.9747518708053244 0.22026551100577307 0.036631885330878876 116.01520076432669 -0.2212566379577134 -0.9748793788622115 -0.025606577844123617 22.861026684122592 0.030071423663973706 -0.03306510744884408 0.9990007047786472 -9.487956891055154
-0.9669930703891417 0.2535218991092669 0.025515651890940533 114.73844486917721 -0.2540693744512613 -0.9669552983526322 -0.021123540274457328 23.793613243215795 0.019317214740574674 -0.026909062782133265 0.9994512231994465 -8.661019387422293
-0.9870846161736118 0.14447901465300755 0.06920819921292751 114.84531131915963 -0.14469749937394014 -0.9894741675470197 0.001872279909931542 15.104664843244237 0.06875023046018103 -0.008166154666019965 0.9976004810191565 -12.484280370425365
-0.989737711203736 0.12712800425883383 0.0652513107481803 113.87949774905893 -0.12711452857625194 -0.991878397512549 0.004375062602495398 14.465688463183712 0.06527755851766061 -0.003964225158170652 0.9978592712767059 -12.163914237448502
-0.9918065338959734 0.10904554864584191 0.06654973810455696 113.13118335535263 -0.10865935827573306 -0.9940345402525277 0.00940620242488507 13.814765863200686 0.06717844282478447 0.002097881188289622 0.9977387712794168 -12.262098138968216
-0.9915720619449206 0.11017355041562081 0.06816622887556942 112.29230467204691 -0.11004410673746506 -0.9939105744747502 0.005662554160923625 13.21288382920569 0.06837499939782406 -0.001886461261052091 0.9976579076623754 -12.335258478673627
-0.992234387178263 0.10377137812148479 0.06857420786090779 111.14411389501814 -0.10328260130038179 -0.9945950903685937 0.010644739701950826 13.436694111518822 0.06930818977298961 0.0034795542048494076 0.9975892278553006 -12.23485827911741
-0.9931634686183558 0.0968270537279302 0.06519851431076651 110.20485804578567 -0.09578881601972018 -0.9952227333664437 0.018873624881591285 13.61411191195533 0.06671452111424261 0.012499306260729707 0.9976938107533325 -11.796858743226581
-0.993050021334553 0.09806229944734648 0.06508026240373038 109.13401469669037 -0.09733791856717976 -0.995149838333296 0.014217203459859823 13.581647313032079 0.06615878427274509 0.007783616916946142 0.997778748306076 -11.761283949526344
-0.9980417583080649 0.058572398224535666 0.02195274104927134 108.4722220663259 -0.05854308221970585 -0.9982829267820982 0.0019762640487638997 10.040178997881782 0.022030801110416772 0.000687212921913917 0.9997570562595893 -8.405388260879832
-0.9929576426506643 0.11548039156110147 0.026446154097227774 107.22385432599742 -0.1153086158769062 -0.9932980145268645 0.007935832756929138 16.818126458364958 0.02718534543078145 0.004830476362571473 0.9996187390660142 -8.342959199975466
-0.9981705814491448 0.05671981287220437 0.020936885088845447 106.25351596099046 -0.05673804529824124 -0.998389061082906 -0.0002773548850844087 9.782589517787496 0.020887425528671913 -0.0014647654214875675 0.9997807609256402 -8.331153516225779
-0.9954751872106684 0.0844254326115339 0.043606169015926545 105.30681572027251 -0.08447522219870546 -0.9964253322367893 0.0007029305016190103 13.195144094223428 0.043509636660963136 -0.0029838909441596033 0.999048551328949 -9.967115005251806
-0.9932078861509508 0.11393856475700626 0.02358173760927203 104.29671864181458 -0.11372839295417667 -0.9934608035014219 0.010073953661354967 16.52394031353863 0.024575343814870247 0.007323617099807311 0.9996711544847944 -8.088063063776817
-0.9938479013881129 0.10627049867451908 0.0311918261394856 103.13183601611391 -0.10630492881741899 -0.9943334207948066 0.000557135196966701 15.85045964208929 0.03107428222132197 -0.0027621372111485756 0.9995132613339688 -8.57156697831409
-0.9940828377673271 0.10520514123701069 0.02704052354831006 102.12355703783038 -0.10517664467372144 -0.9944504679854362 0.0024779303329554134 15.634403526149164 0.027151152307841916 -0.00038076351985802913 0.9996312669917405 -8.307671286322101
-0.9984122979470396 0.05361911081684813 0.017259034252461683 101.61737811303192 -0.05370757447806961 -0.9985456302103719 -0.004703278798497226 9.87052915046084 0.016981747607347525 -0.005622752260626755 0.9998399896509543 -7.767291382180874
-0.998800320695804 0.04747624665275092 0.011996890502941702 100.86415610516744 -0.04752501465535801 -0.9988627702066271 -0.003813040408360804 9.198620629240938 0.011802218434709612 -0.004378618379667838 0.9999207645314298 -7.583210827006909
-0.9996324771731648 0.02553221175466455 0.009111352455125066 100.13245748922151 -0.025539066806556 -0.9996736220216065 -0.0006367894940700426 8.355686213044605 0.0090921200661243 -0.0008692508984445201 0.9999582880078496 -7.519518194940981
-0.9991017816265727 0.041301338559244484 0.009477836452853942 98.9713856056489 -0.04131907568551863 -0.9991445844927621 -0.0016832300147052814 8.720323912770596 0.009400209311866522 -0.0020733335483097805 0.9999536676031054 -7.483042008625736
-0.9990927402272687 0.03973871111754175 0.015314413599228223 97.9386261778435 -0.039714608119132806 -0.999209304694804 0.0018749168713705056 8.597252435507015 0.015376811344214127 0.0012650099000482901 0.9998809696273094 -7.701303725230445
-0.9988972879391489 0.04505658844316634 0.01319515008191314 97.09947706048051 -0.0450495391468458 -0.998984408410339 0.0008311291743950826 8.707478756957036 0.01321919704361945 0.0002357772480667227 0.9999125947994748 -7.574109019830264
-0.9992721100033405 0.03730835008327968 0.007958466154882689 96.05284321081632 -0.037293071106248334 -0.9993022487537796 0.0020597288913838125 8.43303767607551 0.008029758211761438 0.0017614339911172774 0.9999662095957844 -7.390421934849556
-0.9989109675380274 0.04438139103153567 0.014393438169793996 95.1449970434871 -0.04432901557062034 -0.9990092250332827 0.003937851817645734 8.641849355705144 0.0145539448529135 0.003295516424442382 0.9998886549314963 -7.752660362482335
-0.9990254044967707 0.04234563947223385 0.01245343276984843 94.10661762593334 -0.04227567747509645 -0.9990889822923222 0.005828598125733289 8.587322711171819 0.012688903186934483 0.005296440292974021 0.9999054652596634 -7.638222702511461
-0.9991628112292117 0.03929853660239679 0.011371089545621459 93.07734639548171 -0.03923900675531074 -0.9992151981067487 0.005411859324826039 8.524113282138915 0.011574843644781467 0.0049611383174743675 0.9999207019065041 -7.534312180471681
-0.9992167936452291 0.03833811041505202 0.009797376545030765 92.00038430202358 -0.03831633276947599 -0.9992627751871298 0.0024009932158436335 8.465330836983588 0.009882203218955622 0.0020237132027319904 0.999949122027926 -7.587354425813145
-0.9992771788267947 0.03732999201575436 0.007182727342453146 90.98661764634541 -0.03730665864796412 -0.999298230346534 0.0033555993223187454 8.491111223884111 0.0073029512182853145 0.003085210266953447 0.9999685736967537 -7.508898483076853
-0.9992206407582476 0.03923235533425014 0.00435125012049292 89.99112150266274 -0.03921933299923537 -0.9992260052255513 0.0030388155727346694 8.54172975141183 0.004467102167982142 0.002865794116295539 0.9999859160119761 -7.4124802354230805
-0.9991657984657573 0.040579011586774516 0.004588136325504084 88.97670293207905 -0.04056163728004352 -0.9991697416346768 0.003818505318063774 8.527714258192738 0.004739278158484532 0.0036292175936424634 0.9999821838523965 -7.408002048742696
-0.9989888148399646 0.04441379727539424 0.00698301054177257 87.98131614813522 -0.044379067833783765 -0.9990019888895173 0.005052181014074434 8.662309924376787 0.007200427963024892 0.004737172825089827 0.9999628558255464 -7.452793534359333
-0.9989393600842502 0.04551544875643931 0.006964107909726449 87.04902815013358 -0.0454879335482845 -0.9989566388992965 0.004059741436645708 8.657210028774058 0.007141622783756459 0.003738652635009722 0.9999675093224256 -7.375463476534443
-0.9987967235550786 0.048747225974368515 0.0053677719261276515 86.07795227777055 -0.0487188831989849 -0.9987985206342685 0.0052901416469711615 8.618057089350234 0.005619202389219895 0.005022264290629284 0.9999716003096829 -7.3273097306589365
-0.9936964496681735 0.11199160900253007 -0.005024483048094753 85.01622997532172 -0.11204563868112885 -0.9936280411995267 0.01221026594853486 15.172007280171796 -0.0036250199191933774 0.012696269334729534 0.9999128281883247 -6.258949781508489
-0.9936787068985463 0.11214462246437777 -0.005119678580100956 84.1367214629321 -0.11220057381643264 -0.9936081419691374 0.012405299186704905 15.071360793088981 -0.0036957667276026587 0.01290131252897745 0.9999099446666888 -6.237406971391501
-0.9938307027157834 0.11083335151443711 -0.004062330801134086 83.30132713293206 -0.11087180818662414 -0.9937744754304497 0.010942309279544043 14.940375665303943 -0.0028242678501625164 0.011325200881996612 0.9999318793478369 -6.2509027136796815
-0.993866027734867 0.11052999085066785 -0.003666065613138214 82.4405044576894 -0.11055800014948217 -0.993832404318525 0.008607016290074663 14.85378545039702 -0.0026921213709010204 0.008959533973471052 0.9999562386592267 -6.275199832010951
-0.9940146056725504 0.10923537463966411 -0.0016114083846927056 81.60409388091855 -0.10924215786959951 -0.9940026004223749 0.004998129405768023 14.72989673576426 -0.00105577158659034 0.005144247359527846 0.9999862109376633 -6.369185057540327
-0.994092258869758 0.10852803313574198 -0.0014989592760086747 80.79665148796715 -0.10853192415578523 -0.9940889678824388 0.002818753886397417 14.645487631852447 -0.0011841850644007947 0.0029647863525831047 0.9999949038608229 -6.36549158224243
-0.9939872418608132 0.10944777374529277 -0.003247743853606342 79.94621189019992 -0.10946863859735885 -0.9939645240721606 0.0071513669776842766 14.551439241923354 -0.002445440978814892 0.007463893635850135 0.9999691545793872 -6.180506609364558
-0.993901577069333 0.11006708661030935 -0.00670011523913493 79.11104037903641 -0.11013583172460058 -0.9938563226205167 0.010941140596841304 14.485962460117548 -0.005454692423012177 0.011612339658650625 0.9999176965621852 -5.9291867975255315
-0.9939242004622573 0.10975451986386825 -0.008284268520240643 78.32029110787533 -0.10984089655367935 -0.9938903832153014 0.010811271730288632 14.425537222336501 -0.00704706887636477 0.011655536092061963 0.9999072393470613 -5.898966192323657
-0.994038650502081 0.10877458121951666 -0.007433154681876485 77.53737972027484 -0.10884985331310106 -0.9940015949292869 0.01060842645061183 14.338647546211497 -0.0062346404645779625 0.011354283709692546 0.99991610123036 -5.926069801564007
-0.9941120518983722 0.10792803811995288 -0.009631555325560757 76.80419510524158 -0.10804389062698913 -0.9940681730098763 0.012449301466179572 14.273939832867065 -0.008230793922515071 0.013416631335407818 0.9998761163439293 -5.842765391930664
-0.9940936306600222 0.10794398147070564 -0.011222760151929684 76.04833154815476 -0.10812348538246837 -0.993994620817509 0.01685246850183317 14.211825319587097 -0.009336240674045619 0.017966375541809076 0.9997950009676857 -5.708030626133443
-0.9940239478834714 0.10852545081403626 -0.011773595872620068 75.27847267475278 -0.10871413594355042 -0.9939313554184255 0.016783842293739647 14.171406794490352 -0.009880672052502261 0.017963497479717056 0.9997898204513247 -5.725082432163166
-0.9938820713116139 0.11011587397493777 -0.008539474461575053 74.42297610957151 -0.11024697709468999 -0.9937621394619741 0.016805184124125 14.047510763224723 -0.006635688873677897 0.017643822451424283 0.9998223157954049 -5.954057019877942
-0.9939371906070276 0.10992970976476572 -0.002078470411140305 73.79449483309813 -0.10994562855869004 -0.9938815607835478 0.010554709626428425 13.928154927591688 -0.0009054772503819263 0.010719237169558651 0.9999421373586873 -6.3426689554099625
-0.9940699765219217 0.10874145487829096 0.0004216262134258852 72.99940879974766 -0.1087331940397359 -0.9940296160045855 0.009067249841933932 13.797691162890377 0.0014050948825861658 0.008967636072612908 0.9999588027572146 -6.53900480388002
-0.994026868408174 0.1090831706316336 0.0033833071978334366 72.34066443334112 -0.10905582073929602 -0.9940079033033434 0.007424024068727978 13.703309832122185 0.0041728701782119265 0.0070107100527516735 0.9999667179956736 -6.714511396289543
-0.9940797248924066 0.10857616423791218 0.004088657141714588 71.70585585578465 -0.10853529947096593 -0.9940504180953673 0.009157240477897401 13.607261066894322 0.005058589387264248 0.008659263467731678 0.9999497126503983 -6.739125327750422
-0.9941035446523896 0.1083965972180155 0.0028844793477988983 71.03583335028367 -0.10836846316992005 -0.9940737882490865 0.008577861405815991 13.527164283989958 0.0037971963001908345 0.008214695835092234 0.999959049197815 -6.74794991858831
-0.9941278533264276 0.10819737380382656 0.0017718754325966083 70.35819805177384 -0.10818109285909534 -0.9941023342513138 0.007576290906647739 13.495784626996452 0.002581160282819864 0.007340118394493684 0.9999697296786332 -6.673879045432763
-0.9939720101012774 0.10960571510577055 0.002496067182505286 69.67740842580838 -0.10958475582885237 -0.9939500444570653 0.0073817622372221794 13.35885343539804 0.003290049415770465 0.0070637341362941464 0.9999696391565582 -6.698912108550706
-0.993891712029336 0.11032549598443603 0.002747670866176337 68.98408762377392 -0.110308841580291 -0.9938815016270016 0.0056142847160924195 13.313167691553485 0.0033502579923528402 0.005276898658005329 0.9999804648651606 -6.678018639231027
-0.9937906660982098 0.11123845741055914 0.0024733719906707427 68.33008502434944 -0.11122656437509353 -0.9937848165911847 0.004515494452183146 13.262231586422706 0.002960296167417325 0.00421235157045396 0.999986746282598 -6.680098754584077
-0.9935387047066128 0.11347698056584712 -0.001953748082277115 67.65034926349793 -0.11348003804658131 -0.9935390951029965 0.0015321445334160401 13.234884403704713 -0.00176726196628231 0.001743956301863736 0.9999969176960316 -6.639388074744592
-0.9934741064520366 0.11401573515173473 -0.003100314039631573 66.95660783690131 -0.11401948499169864 -0.9934779477743738 0.0010603434594944423 13.177144339163522 -0.00295919779050163 0.0014069199810648307 0.9999946318478963 -6.653586718658815
-0.9933292702558039 0.11522457501092559 -0.004500907311817687 66.30071047483148 -0.11523860272154866 -0.9933333345653091 0.002991802826744453 13.147410636517034 -0.004126172059389037 0.0034905235882323605 0.9999853953679615 -6.596979223000846
-0.9934029783636027 0.1145876681138396 -0.004493205376776258 65.68091299354305 -0.1146025098553554 -0.9934062831525936 0.003197081138030967 13.029996190201194 -0.0040972323804068025 0.003690922538064204 0.9999847947732213 -6.6290442590972525
-0.9933696803592763 0.11488442046230413 -0.004271776908016047 65.07460081807807 -0.11489545005652764 -0.9933746120550743 0.0024322172469479334 12.957297760414018 -0.0039640508599322055 0.0029068985995525844 0.9999879180476704 -6.673988728827883
-0.9933444564261593 0.1150974906362909 -0.00439983370790466 64.46677052066116 -0.11510752160223857 -0.9933508223403582 0.0020981483107366137 12.894795734261951 -0.004129086826359297 0.0025906379468090264 0.9999881195479359 -6.686809779131532
-0.993226970905106 0.11608902438952491 -0.004850018861381312 63.8694117333575 -0.11610409148057592 -0.9932326730854151 0.002949077325513954 12.828816070957062 -0.004474841688636202 0.0034922101725495466 0.9999838900002206 -6.676568412893503
-0.9931258260823592 0.11695352548840739 -0.004792331798958642 63.27376176211668 -0.11696759438360045 -0.9931318746758105 0.002767917453330789 12.76263953140887 -0.004435699759140314 0.003309437829379093 0.9999846859771939 -6.700600576851612
-0.9928539919460536 0.11923490218651636 -0.004897833945873618 62.69648035425176 -0.11925508781109097 -0.9928553522078061 0.0040587711791974295 12.753148584459645 -0.004378893462836633 0.004613858784961026 0.9999797685949257 -6.686245384893322
-0.9926651187351545 0.12082998026677157 -0.004009727578881651 62.052083456444926 -0.12084415040603254 -0.9926653144177412 0.0035021228670510654 12.641302672990582 -0.0035571560509023996 0.003960987334275912 0.9999858285096707 -6.681666555484456
-0.99283222200713 0.119432947745555 -0.004466535257229244 61.42758486221624 -0.11945186691194402 -0.9928309406818024 0.004239659908697506 12.501565078296192 -0.003928159320688833 0.004742806942810718 0.9999810374935401 -6.655673939989256
-0.9929259062187019 0.11868015125858485 -0.00362856128794338 60.68274111486373 -0.11870191174517183 -0.9929085036401583 0.006523767861650753 12.194130241984464 -0.0028285876021817073 0.00690833527775344 0.9999721366097505 -6.7467791735507685
-0.9929176118098917 0.11874264798717317 -0.003847038698094546 60.25213092867615 -0.11876532724753855 -0.9929021746155822 0.006329983209976338 12.116631152614854 -0.0030680941211014444 0.006742046621559571 0.9999725654265846 -6.7789939745776655
-0.9928134295317728 0.11961812379427478 -0.0036053573059528755 59.81075792270634 -0.11964048909915469 -0.9927939613050025 0.006804686946288984 12.091253172133035 -0.002765413076174337 0.007187131295496689 0.9999703483775217 -6.777658039833415
-0.9927535184985989 0.12008063248909837 -0.004592734443940766 59.37462441292777 -0.12011487339605399 -0.9927269970064895 0.008094850432817288 12.047375976495024 -0.0035872967127042413 0.00858784696517488 0.9999566891554873 -6.744894553492839
-0.9927250750714608 0.12033440949424622 -0.004068810149562517 58.97460828353685 -0.12036845295540025 -0.9926834830642516 0.009536140967300853 11.975194971177459 -0.0028915147390408476 0.009956522640727864 0.9999462519552846 -6.7368646480718155
-0.9927793187411247 0.11991597952915861 -0.003063026848907304 58.48623760083049 -0.11993929758447497 -0.9927392927166415 0.009124778978667397 11.852249403391166 -0.0019465802983423064 0.009426269146845145 0.9999536770646527 -6.801180284851318
-0.9927060046040035 0.12050694443732309 -0.0035867486026623556 57.9024673967678 -0.1205407502086071 -0.9926414879824408 0.011524056367312619 11.790168043141342 -0.0021716266496173563 0.01187234932060083 0.999927163027042 -6.77840142247686
-0.9926045654684621 0.12130674953616945 -0.004566084552128206 57.427876500740254 -0.12135473940426902 -0.9925323628410245 0.012350544009800575 11.763807652684815 -0.003033782340623344 0.012813322371068506 0.9999133037091402 -6.708320014623471
-0.9924654660100731 0.12228314951164683 -0.007689611363605822 57.00136215798038 -0.12238495179566125 -0.9923758350024622 0.01456453490983338 11.778689044947766 -0.005849987297856018 0.015395890642570024 0.9998643629012617 -6.604661489959533
-0.992391840713921 0.12286400148242123 -0.007929162891654337 56.54145845267109 -0.12297143337188292 -0.9922984577229161 0.014892863229905896 11.704374028876458 -0.006038299338465685 0.01575461648045281 0.9998576553693328 -6.626209382876783
-0.9923657536134466 0.12299188051019923 -0.009121862955847137 56.09836543329554 -0.12310992402393325 -0.9922976361728626 0.013760372544905608 11.685749990229565 -0.007359188952761015 0.014778314325978023 0.9998637125946936 -6.617080448391068
-0.9920590979888786 0.12539075976497424 -0.009793031351986527 55.28201543289439 -0.1255111626668246 -0.992009158778579 0.012836547255525178 11.967514974078629 -0.00810519238024708 0.013963748242628334 0.9998696513003593 -6.577929300453593
-0.9924488625508813 0.1224355207946298 -0.007402598814558278 54.802615760387134 -0.12251520790765472 -0.9924001285998952 0.011489498955772915 11.489076195816459 -0.005939617227221711 0.012309671102758898 0.9999065921097537 -6.718230233251195
-0.9924239788368353 0.12264476612601462 -0.007273759108123539 54.41125470593627 -0.12271435203574044 -0.9923911716635317 0.010047398107674943 11.4319820109261 -0.0059861535326182404 0.010863873442793836 0.9999230681505983 -6.730000028477606
-0.9923244750346665 0.1235703319762345 -0.004744396953885925 53.819946451931294 -0.1235951575161576 -0.9923182830075217 0.005353713436301618 11.585302115358061 -0.004046391692556769 0.005899005363998771 0.9999744138976702 -6.754834935392549
-0.9923095627774778 0.12373018540901146 -0.0035458199385489824 53.39119370592813 -0.12373785697089876 -0.992312861187809 0.0020318153272149394 11.570881244388628 -0.0032671658413250875 0.002454941939393997 0.9999916494088584 -6.833878972052826
-0.9920853733762236 0.12552947197983125 -0.0029939267566290863 53.05976995419536 -0.12552606311877998 -0.9920894688043632 -0.0013012937318563765 11.62728607711191 -0.0031335939206738905 -0.0009151786388152196 0.9999946715044034 -6.82224180730196
-0.992242977435143 0.124262861548152 -0.00355175597532947 52.70556539859206 -0.12425361206535988 -0.9922467731845015 -0.0027167984207084376 11.594699503061152 -0.003861815551666139 -0.00225440564494539 0.9999900019679373 -6.827319905618797
-0.9923994145833351 0.12305364334899228 -0.001096719285628882 52.3991052560806 -0.12303851748009251 -0.9923593388142636 -0.009190532325126047 11.644344776928605 -0.0022192681120750137 -0.008985740184168709 0.999957164743767 -6.828980809060855
-0.9923669493257148 0.12328288444184013 -0.0030279183744080958 52.11025498733069 -0.12325594126163117 -0.9923436241909943 -0.007880639009805327 11.656446733744154 -0.003976283401788286 -0.007447276763596643 0.999964362984562 -6.910724851224782
-0.9924952586892318 0.12205057091582061 -0.007537878913758394 51.823703291938166 -0.12202525293424901 -0.9925199730639291 -0.0037337267594412817 11.593659372938921 -0.007937198859076082 -0.0027858945249474706 0.999964619207083 -6.896206713376755
-0.9927003448371257 0.1205662928618097 -0.003129598348253034 51.48420696264529 -0.12055193892731168 -0.99269713879981 -0.004429519109935873 11.471250072327322 -0.0036407940241488536 -0.004019905998950362 0.9999852923791616 -6.9495138559439225
-0.9928946729634115 0.11895409380385329 -0.0031767858268391008 51.19799115933715 -0.11893377509844963 -0.9928842904999124 -0.005961779878741255 11.480895303672273 -0.0038633588646850344 -0.005541592351917374 0.9999771823459256 -6.959867694621244
-0.9927716980994855 0.11983095844941243 -0.006700511156504816 50.988960575547985 -0.11982196947831854 -0.9927938895868671 -0.001728707412250858 11.529612898306581 -0.006859379199375221 -0.0009133433498935749 0.9999760570738307 -6.925999403981479
-0.9932690030802338 0.11573755863662243 0.004637352783595432 49.679897658508054 -0.11576798210296868 -0.9932520397420688 -0.006939731121074239 11.435833323870536 0.0038028725737620102 -0.007429876786330664 0.999965166938896 -7.015937681691977
-0.993332564994442 0.11519381965061316 0.004560617926523908 49.37885788027982 -0.11522094386942844 -0.9933204535386578 -0.00621374891658406 11.402141009043936 0.003814369595140128 -0.0066977978516637796 0.9999702946030629 -7.026587208844437
-0.9934023495051008 0.1145871527483483 0.004642889485326255 49.06481186175242 -0.11460951240629307 -0.9933986569237474 -0.00487525261785441 11.342932908231166 0.004053598862559635 -0.005375206705076974 0.9999773374877768 -7.022976988165109
-0.9933752518098261 0.11489994953860276 0.0019001809910935753 48.93003077975426 -0.1149074754827837 -0.9933660467479823 -0.004491018421759544 11.301978674809318 0.0013715574891911778 -0.004679611556244843 0.9999881099621861 -7.033416828526808
-0.9931852854520413 0.11654208572723224 -0.0009648916550398475 48.775267844709234 -0.11654109576332627 -0.9931853407119694 -0.0010256671710676497 11.348377437674232 -0.0010778496385390063 -0.000906228011304328 0.9999990084949871 -6.985705721057504
-0.9929936509525803 0.11816723279698894 -0.0003380251017116865 48.668272001285835 -0.1181661000822326 -0.99299096803292 -0.002389601725166543 11.39644235969558 -0.0006180284963179843 -0.002332916233396559 0.9999970877670751 -6.983191467669057
-0.9932848857611204 0.11567706105365716 0.0019882817976984817 48.41334115744153 -0.11568238510468434 -0.9932822766313842 -0.002811530983064446 11.383790093857563 0.001649695429420545 -0.0030226604119449672 0.9999940709969338 -6.962841428416403
-0.9931208514770602 0.11702807576271852 0.0039247732111568345 48.23671249207312 -0.1170360048495603 -0.9931259406282654 -0.0018546212764650313 11.378547850322073 0.003680751327829452 -0.0023012028378247983 0.9999905782231976 -6.942451179061969
-0.9928993277111597 0.11876358159587565 0.006792401434759119 48.08015139781944 -0.11877623842924419 -0.9929199289247923 -0.0014899424777301072 11.356421559620928 0.0065673598448026905 -0.002286138776788542 0.9999758213847797 -6.900729215574171
-0.9925933400270084 0.11899019708817404 0.024490698866097938 47.92212643933227 -0.11937764443043944 -0.992735410601613 -0.015012746180788404 11.378122121624292 0.022526414367869455 -0.017825193815656365 0.9995873264108398 -6.790205152297364
-0.9920644119908495 0.12319002862884308 0.025147948379030585 47.980895030160696 -0.12362982926312416 -0.9921870469273357 -0.016749006716314085 11.455816861564337 0.022888158021584025 -0.01972513006386826 0.9995434215012089 -6.7790028892905365
-0.9918030869188421 0.12550771704746555 0.02396768115166003 47.98228530444941 -0.1259454101722027 -0.9918789978942641 -0.017714603942134012 11.559905602972604 0.021549720063380552 -0.020588018306875594 0.9995557728648166 -6.771637303658629
-0.9920680151208646 0.12350053787479527 0.02342371701471476 47.825941243587465 -0.1238798349777813 -0.9921762603304887 -0.015493705899078943 11.513753759083501 0.02132697493848909 -0.01827253625651473 0.9996055594877069 -6.739768390132215
-0.9922974554196534 0.12140800361299674 0.02461415500056608 47.58516117710217 -0.12186071053879684 -0.9923874732673736 -0.017806463123872792 11.447390293970185 0.022264931948345335 -0.020668806465523916 0.9995384300989292 -6.765791252746274
-0.9924251168456986 0.12053145610340729 0.023760377593769578 47.36108360771063 -0.12093701244954069 -0.992524082890781 -0.016437271720059862 11.437416783501371 0.02160153868560858 -0.019186270388268364 0.9995825431423886 -6.758156350525336
-0.9918395683179428 0.12314398553926176 0.033012566461609265 47.20946672486309 -0.1239650473218327 -0.991994076787579 -0.02409187956252613 11.546754695347712 0.029781500321011345 -0.027987683788892468 0.9991645268897251 -6.83742034990566
-0.9918638685982403 0.12476801741889436 0.025278607530807976 47.144620762458395 -0.12525517057954583 -0.9919483573918858 -0.01869755360024228 11.454608306783705 0.022742216524053258 -0.02171170414554401 0.9995055745170608 -6.823299364186123
-0.9917901809559386 0.1252363718090924 0.02584740094246157 47.01567713026503 -0.12573687461265745 -0.9918866626810167 -0.018737309256030326 11.385493331973317 0.02329109963110621 -0.02183345074903121 0.999490282647292 -6.823944756118407
-0.9917804471584664 0.12506418870533687 0.02702764025271394 46.944954461138586 -0.12563358067207803 -0.9918648149282677 -0.020503470799447126 11.382528575172142 0.02424351545602964 -0.023730520659841537 0.9994243915112074 -6.792583909272059
-0.9916740381043516 0.12612276090825772 0.02599329395629688 46.838354483222076 -0.1266520135646875 -0.9917490245282666 -0.019827753459538838 11.347539183035469 0.02327809291650849 -0.022954771358502126 0.9994654615653599 -6.776132342687416
-0.9915888003908266 0.12711012985051437 0.024385771032908708 46.67321415764449 -0.1276120315512229 -0.9916172035910117 -0.02026057614465543 11.290817775253588 0.021606025614470267 -0.023202078176958404 0.9994972952566815 -6.776461775337239
-0.9917976734279721 0.12590094718867273 0.02205281115545654 46.37915748884604 -0.12626196686616575 -0.9918707963585084 -0.015818946053030986 11.176315015834732 0.019881919071103295 -0.018473625202894896 0.9996316493918742 -6.738532449185313
-0.9918106987297111 0.12616615160046168 0.019840364805413367 46.357897681418805 -0.12647370793659055 -0.9918551478984351 -0.015091944478516032 11.18381887377747 0.017774675413409977 -0.017477636502182262 0.999689248284808 -6.7130950140147325
-0.9917578138429446 0.12693334056985844 0.01744608074168659 46.29196807374004 -0.12714736617851297 -0.9918141588519939 -0.011756767182445355 11.160987316801158 0.01581094416331 -0.01387808893516562 0.9997786818552293 -6.723807027780936
-0.9918412116470808 0.1267032129461388 0.014046590603746948 46.221279877138265 -0.12678337646957635 -0.991917988407925 -0.004967869136904465 11.102955305436105 0.01330362091451647 -0.006708211528680389 0.9998890006238967 -6.6616147556472916
-0.991905723480813 0.12618366679327778 0.014167496624764655 46.08886489864203 -0.12624579798700572 -0.991992543125534 -0.0035767127312721437 11.036586642815465 0.013602728279024487 -0.00533634874626716 0.9998932388837475 -6.587568565907777
-0.9920443396648071 0.12502814211148308 0.014696660136702238 45.97497141222791 -0.12508448526833815 -0.9921416318483052 -0.002975550124407797 10.952619631237326 0.014209140866933258 -0.0047902018266709106 0.9998875708209859 -6.604896706352462
-0.9917527535907816 0.128037975870025 0.005722978265093021 45.9772018949935 -0.1280258307225722 -0.9917678275303874 0.002441913894114113 11.113491626007349 0.005988523433226047 0.0016890857819233938 0.9999806421007968 -6.597806852390123
-0.9917742096529674 0.1279992554070969 0.00032815006921304646 45.89158255520484 -0.1279947039598081 -0.99175502200256 0.006271530192082712 11.107796551087892 0.0011281956739621316 0.006177940428604131 0.9999802799188567 -6.614552435210583
-0.992017596014283 0.1260833685901752 -0.0020182574161180526 45.797344343547316 -0.1260955642877859 -0.9919861927749992 0.007956256073471129 11.121312247080773 -0.0009989319231456515 0.008147239331042238 0.9999663117456982 -6.607715667624805
-0.9920637801600806 0.12571414239902895 -0.0023260471564326137 45.63632379737554 -0.1257288116019725 -0.9920330589398012 0.007916811460680979 11.07005589937904 -0.0013122605125198044 0.008146433049206125 0.9999659562209775 -6.636498976789941
-0.9920941635418716 0.1254765853953613 -0.002190247401047335 45.42149539919386 -0.1254887008705431 -0.99207205647677 0.006754310607183068 10.940993442760663 -0.0013253754116608794 0.006975763433077734 0.9999747907345234 -6.660837411543609
-0.9919443915035389 0.12657513540740467 -0.005005922619543547 45.29593870614658 -0.12662376685065352 -0.9918895720527323 0.011022636780766655 10.901978752154713 -0.0035701307017559475 0.011567711512911548 0.9999267184234724 -6.634846104929216
-0.9919233688353625 0.12675890460165132 -0.00449560479770313 45.2113503370132 -0.12680139468499257 -0.9918677612386646 0.010943058134747184 10.858451421214635 -0.0030719154039588604 0.011424724048680886 0.9999300170592799 -6.5905027063733375
-0.9919607508256953 0.1264577967124436 -0.004721702231456396 45.210445248303834 -0.1264988291696242 -0.9919189351952127 0.009740237159054161 10.934993344531577 -0.0034518169191443786 0.010259222769482454 0.9999414149379583 -6.666524616529785
-0.9918517073483855 0.1273235470189248 -0.004347988571745226 45.14543029340182 -0.12736290210520265 -0.9918010033069822 0.010462361426033184 10.90388764408041 -0.0029802344608676474 0.010930883486124594 0.9999358149345288 -6.639609093496533
-0.9918083984359461 0.12763541271235848 -0.005030130581584452 45.051950902157806 -0.12768686636826115 -0.9917448291778137 0.011758314340316867 10.934716630957805 -0.0034878286907475864 0.012304276525561732 0.9999182165708411 -6.639772545773595
-0.9919314651533157 0.1267220264983426 -0.0036737499857759266 44.762071621702084 -0.12675432669214828 -0.9918777969304555 0.010572446321095878 10.857248017200746 -0.0023041492195104325 0.010952805875421693 0.999937361508131 -6.6195780486573685
-0.9918455913734412 0.1274151992004641 -0.002773064330565703 44.73943282972494 -0.12744069032460942 -0.9917608478602349 0.013011191380463128 10.930383983785347 -0.001092393090075713 0.013258494041830196 0.999911505590915 -6.544945039416609
-0.9919816286280227 0.12635543021782802 -0.0025987918284293087 44.747281717704055 -0.12637879989027379 -0.991895351745691 0.013115263001159736 10.971305873203434 -0.0009205448358421803 0.013338532144216726 0.999910614083803 -6.553035653830789
-0.9921071496611449 0.12538331039395076 -0.0015585460846744025 44.65261388214864 -0.12539287796857645 -0.9920466700750331 0.010955845371284896 10.897328673781363 -0.00017247029264371485 0.01106480310243763 0.9999387683184916 -6.521548513742217
-0.9922104589895719 0.12450103309030898 0.004230582838087714 44.53860112506687 -0.12449412108942295 -0.9922186007310462 0.0018606927462377937 10.787532932006947 0.004429321153054432 0.00131951611165947 0.9999893199386477 -6.65181513200915
-0.9920432850309419 0.1256234795679614 0.008298313458558144 44.3296772976925 -0.12561523359001003 -0.9920778871499463 0.0015096086343001102 10.653898367485583 0.008422215572300898 0.00045520252518227184 0.9999644289051098 -6.654374497105159
-0.992133946794706 0.12509765183889116 0.004561701651795679 44.246592498218526 -0.12507874538560546 -0.9921378471680651 0.004218965451941469 10.66846881384521 0.005053619527462838 0.0036152069257952193 0.9999806954179478 -6.68632018429769
-0.992181388323541 0.12470973186983782 0.004855454801887157 44.23186223137087 -0.12468982997464997 -0.9921868505657997 0.004207120775039082 10.673122994422254 0.005342187311748178 0.003568801097726158 0.9999793621337677 -6.688743360335878
-0.9921866520048099 0.12470159501454237 0.003893556770535627 44.21504939291036 -0.12469429243785476 -0.9921930582120861 0.0020660757914495597 10.699790422722545 0.004120802946094837 0.0015644285157379837 0.9999902857260687 -6.674822480087032
-0.9919864915614576 0.12630718666238186 0.003048795996452346 44.23095967361855 -0.12630635623538394 -0.9919911738097225 0.0004641747006908308 10.703853219985692 0.003083007319791262 7.537271959297642e-05 0.9999952446811051 -6.6975955959314035
-0.991939697991893 0.1266894810962041 0.00232614000693374 44.2081056339941 -0.12668718645705834 -0.991942098301917 0.0011092357675376607 10.69343533872229 0.0024479247032245764 0.0008056028594694703 0.9999966793288306 -6.715301414379242
-0.9920301528424231 0.125968419504626 0.0028518658713401653 44.21172582886684 -0.1259679767295675 -0.9920342517105362 0.00033506980824870165 10.720360473866036 0.0028713568398225594 -2.684442062695452e-05 0.9999958772861426 -6.703293857122877
-0.9918662520079002 0.127284274322775 0.0002272398009791857 44.21192017435079 -0.1272832653323792 -0.9918630184584322 0.002592871161184798 10.710890356023551 0.0005554224790769488 0.0025428575767016026 0.999996612684875 -6.727709192086998
-0.9919294364721671 0.12679104569035435 0.00015424902443033882 44.1744851945716 -0.1267901846638109 -0.9919259537134468 0.002674214387721034 10.695363139349237 0.0004920700492868082 0.0026330747083261573 0.9999964123858901 -6.723431013366792
-0.9918934990336972 0.1270584685283571 0.0018526062519979838 44.16812534364994 -0.12705697848956465 -0.9918950103941778 0.0009014278893226427 10.727788679933699 0.001952124944687912 0.0006587339105570396 0.9999978776366728 -6.745802878899576
-0.9920134404151651 0.1261306811087217 0.000620740465836257 44.13538104201012 -0.12612967981827852 -0.9920127020199675 0.001450137920172513 10.689704729607623 0.0007986893103403544 0.0013602625110606063 0.99999875588987 -6.721949771889666
-0.9920109114474553 0.1261493125330357 0.0008381626525304164 44.13370254668563 -0.1261468631141156 -0.992008380916786 0.002518157526361145 10.684364277653605 0.0011491282166818909 0.002392308153497655 0.999996478176822 -6.731262775233197
-0.9920295731473513 0.12596637631255742 0.003130182066552046 44.151393179121065 -0.12596553714615596 -0.9920345092806132 0.000464594288208081 10.70485927353595 0.003163771889292029 6.659620803930899e-05 0.9999949930436566 -6.705604562086138
-0.9920568707763486 0.1257165118625189 0.004303927342351563 44.17113282708935 -0.1257132253929999 -0.9920660917939816 0.001026875801693314 10.716525618484553 0.004398875621796847 0.00047765860643968336 0.9999902108198506 -6.726161367672378
-0.992084961992928 0.12550751139896804 0.00391059713208357 44.1750685429107 -0.12550554945569256 -0.9920926385028233 0.0007440996793599312 10.719201378897411 0.00397306472587959 0.00024740846035471335 0.9999920767414815 -6.6942714410145685
-0.9920535501339379 0.12576062706218652 0.0037441083821435866 44.16423258574729 -0.1257587618996304 -0.9920605829700995 0.0007304262443220007 10.718017016714805 0.0038062412068012577 0.000253767514234249 0.9999927240384926 -6.696193768624191
-0.9920449989674122 0.12580563157228683 0.004434308114147013 44.15319004834183 -0.1257981144296014 -0.9920539728322533 0.0019363351220785107 10.720224355061797 0.004642674844370509 0.0013631039746233625 0.9999882936904092 -6.716698019929454
-0.9921138862798661 0.12515875696005732 0.006732176979391272 44.102323221399004 -0.12514625652822634 -0.9921357556273005 0.002248751391035733 10.702297886979004 0.006960684423279297 0.0013885107345814314 0.9999748101378878 -6.703398758614342
-0.9919789756356894 0.12618235635566677 0.007464907320853079 44.06171309898029 -0.12616390534742922 -0.9920051857040556 0.0028949134278314606 10.711578876342834 0.0077705137708558025 0.0019298913960388235 0.9999679468037717 -6.6971655221643696
-0.9920933665190499 0.12524915265291545 0.007962529035051274 43.97874394817581 -0.1252176386408228 -0.9921197952543453 0.004342215758954311 10.683458692901818 0.008443641520407039 0.003310834367074997 0.9999588708010327 -6.700146223967255
-0.9921081695737539 0.12523575328010197 0.006114406381093005 43.97737242022439 -0.12520139190863677 -0.9921148979806267 0.005713201295048889 10.696951400058479 0.006781690730816459 0.004902581489629401 0.9999649860698007 -6.710925381398909
-0.9920858662454661 0.12536621097738096 0.006996223350043382 43.97382295715634 -0.1253363731117889 -0.9921038552900829 0.00455344855444519 10.687340398544377 0.007511828750199877 0.003640530693366482 0.9999651588755986 -6.710202558919569
-0.9920717383881306 0.1253799286560003 0.008575510583754163 43.948708470581174 -0.12535574893397533 -0.9921063570179848 0.0033034184882813986 10.675357346898622 0.008922000939199155 0.002202238570575082 0.9999577731307094 -6.710511866711699
-0.9920573672999811 0.12548083756034376 0.008760102224941358 43.94990932621168 -0.12545081125104285 -0.992092178895325 0.0038990423422793144 10.696281575787264 0.00918008400248032 0.0027691117503118026 0.9999540279821986 -6.697306232158704
