-0.9893001309575521 0.14485077202018515 -0.017421387216089435 128.66048942385132 -0.14548734023985738 -0.9883960539653197 0.04366548219958185 14.349133839279654 -0.010894251571741538 0.045732858547728315 0.998894299178722 -4.8880957304431725
-0.9906876050929662 0.1347905650639118 -0.019224273326097566 127.65860637343538 -0.13549720224101172 -0.9898854363601984 0.042039636854303286 12.891487649998208 -0.013363281783438697 0.04425298240497045 0.9989309767187348 -4.622207645325887
-0.9909170448134335 0.1329806084617965 -0.01998919886722277 126.67873905935589 -0.1337466697675175 -0.9900495039620231 0.04374709168220489 12.352340999499706 -0.013972781552758417 0.04602322758872419 0.9988426422104745 -4.4707763754376355
-0.9911308271937749 0.12556924596517716 -0.043497676419908336 126.04360771896972 -0.12706315615693786 -0.9913299318833638 0.0334652132753097 12.010795705706157 -0.038918347005387946 0.03869535656718045 0.9984928801180875 -2.0829993702748117
-0.9908118400016073 0.13351390815987482 -0.021585505333703885 124.3293539639094 -0.13438891850084636 -0.9898571753112102 0.04606941576678317 12.784895825969095 -0.015215659591620002 0.048546975320776134 0.9987049989313207 -4.23216980081106
-0.9907238466351742 0.13516274177974286 -0.014046100632992164 122.96669023896749 -0.13561692624894722 -0.9899894096959798 0.039102659814881154 13.033268763686657 -0.00862026816272638 0.04064482653909544 0.9991364716856338 -4.750153941433436
-0.9905031871587101 0.13565374579748513 -0.02239413940192554 121.91710693038713 -0.13653578798481922 -0.9896492127091423 0.044186133385276403 12.94603984607757 -0.016168327922394407 0.04682410741581984 0.9987722904330657 -4.106473253595134
-0.9870936872154266 0.15708740950306593 -0.03113837560102729 120.3068490164678 -0.1585929489922754 -0.9858724460685403 0.053886887206156885 15.077586545630432 -0.022233515002986745 0.05812973299828311 0.9980614234365361 -3.5031683989277473
-0.9874567250386544 0.1551863841799347 -0.029092994708247465 119.32066838996302 -0.15653755226702598 -0.9863007859849376 0.05202647687229471 15.020366697457225 -0.020620642719967774 0.05592804064736204 0.9982218407564366 -3.544402522986165
-0.9884840616697553 0.1462851658135862 -0.03872867268266487 118.38953167845966 -0.14818291734712352 -0.9876046028063254 0.05175878207855182 14.106896692535386 -0.030677073383309203 0.0569016588391856 0.9979083717406049 -2.67186044444568
-0.9910855681007168 0.1315753758763195 -0.020912129625876318 117.86190868942171 -0.13251418316888983 -0.9897780991930089 0.05271912003210315 12.40518868854073 -0.013761829877084786 0.05502031280248173 0.9983903931917392 -4.269571763718256
-0.9882850421998037 0.15059141898255007 -0.02479717510045852 116.10005847218093 -0.1517321708377971 -0.986978006275277 0.053401905038491036 14.764636782609685 -0.016432397785791846 0.05653883318315222 0.9982651634938027 -4.074218069370281
-0.9899375507246868 0.14149799235811453 -0.0014013649899140609 115.43281115556715 -0.14122459799420944 -0.9873048869706034 0.07269575699685156 13.012815965470429 0.008902729165035862 0.07216216683688388 0.9973531787139552 -6.791034077788062
-0.9897236927520295 0.1411041150919056 -0.02316550688887568 114.2206042115012 -0.14218347106422013 -0.9883346651774926 0.05457517901593668 13.343951723018106 -0.015194491153657919 0.05730809988667855 0.9982409073595241 -4.1466039261337295
-0.9875137378935795 0.15299130543731976 -0.037553667358088336 112.88161664953765 -0.15518566523535854 -0.9857526639486804 0.06487753712604956 15.175277584300783 -0.027092928540805562 0.06989525004366683 0.99718635532403 -3.004654494927053
-0.9887116862264546 0.1470970869717306 -0.028489445829557657 111.68818102341794 -0.14830262735772978 -0.9878608452725278 0.04623073756973505 14.073552177874468 -0.02134320121347016 0.04993393016655468 0.9985244465610683 -3.3677657589695835
-0.9915114350450922 0.12585782913795046 -0.032632514759171026 110.8821144360029 -0.12736857587146985 -0.9906292078441035 0.049305359208079394 13.332798788064318 -0.026121256771043024 0.05304318439579699 0.9982505199266694 -3.1370597717424222
-0.9880452028327554 0.15326086639719044 -0.016666853043116728 109.66878790025423 -0.1539970145557669 -0.9862245934725811 0.06038187424838064 14.807784873756786 -0.007183082004922272 0.06222666679984293 0.9980361943696723 -5.20612746404231
-0.9895535429149483 0.14338544249984922 -0.014980006128300567 108.71038404591354 -0.14394569947484886 -0.9884341187008848 0.047724507233738875 14.159939431651031 -0.007963749567763563 0.049382262677291996 0.9987482019136227 -5.189522653639612
-0.9874800819191636 0.15122636178718538 -0.0448739937328735 107.72482553586607 -0.15310595202531624 -0.987321234336217 0.04189686961142797 14.84869458078968 -0.037969135720327785 0.04824279976769902 0.9981137094556042 -3.016893993027988
-0.9836898057232798 0.17567010947715472 -0.03865719535078233 106.1323643971025 -0.17723376302302965 -0.9832886669509201 0.04161238626393758 16.64575858141905 -0.030701129633940494 0.04778504035959036 0.9983857123161556 -3.462391080417649
-0.9861943327670591 0.15502475093232404 -0.058207083903222774 105.58909750738317 -0.15783601033756442 -0.9863337915543647 0.04725934276644628 15.064775120641766 -0.05008524591999504 0.05579406990323355 0.9971852836382908 -1.9979093130056162
-0.9866041939883097 0.16113329765271633 -0.025460259076625285 104.38344224024554 -0.1622030049934365 -0.985598012437681 0.04781990223747083 14.637866285641422 -0.01738820220111603 0.051309046633739454 0.9985314377413251 -4.1092075510272945
-0.9874856170745282 0.1513294261719432 -0.04440226171505565 103.72431384187496 -0.15329077454027518 -0.9871698045720603 0.044695809445715155 13.967409824285633 -0.03706878082409856 0.05094292606078854 0.9980133885738152 -2.8436398990253506
-0.9885526891341923 0.15037448741925238 -0.012292043725793681 102.5383817296368 -0.1507493291428812 -0.9877773062616692 0.03963121241415827 14.032118579225974 -0.0061822785873326454 0.04103055895112287 0.9991387654693559 -4.867950491304828
-0.9858009652837051 0.16262305927043819 -0.041835361110564316 101.60190754390187 -0.16433098206745952 -0.9855423515403368 0.04125047458029531 15.135971270575824 -0.034522241793839385 0.04753960363611158 0.9982726085131545 -3.1064082154298283
-0.9880433774455879 0.1474731693204869 -0.044966082956926154 100.38762788481836 -0.14980149488075856 -0.98725403502403 0.05374925543916054 14.003681183084954 -0.03646637379022114 0.05984258232517344 0.9975415123809384 -3.384636985235076
-0.9890098099619208 0.14263950725764601 -0.038904585441638266 99.82100990072847 -0.144303719740165 -0.9885560406770136 0.04397034125570826 13.259999795177398 -0.032187455137701555 0.049101175243446066 0.9982750334058607 -3.285495363129526
-0.9884578751524226 0.1456523485559396 -0.04167040207746995 98.76369161701103 -0.14747724363066878 -0.9880550137452208 0.04469622382296175 13.536588099059031 -0.03466253972602722 0.050325770466748895 0.9981311663136653 -2.98144986359674
-0.9882235077259945 0.14803833715587908 -0.038716269317388106 97.7755473549019 -0.1496842485431294 -0.9877647461698541 0.04376564819681104 13.916483336757265 -0.0317635721513285 0.04904545805812103 0.9982913495208027 -3.266831008017133
-0.9903295524801539 0.1350221131755361 -0.03188112981186025 97.22096981609589 -0.1364301858524705 -0.9895277045237276 0.0471351924602287 12.381455294327239 -0.025182967909437474 0.05102892252062283 0.9983796207824278 -3.864776707110687
-0.9877758869943379 0.15095669106903273 -0.03886996905113763 95.69415644656792 -0.1526558582320842 -0.9872429679650416 0.04524943260413819 14.083483347629631 -0.031543398992082666 0.05063002691149908 0.9982192215916169 -3.3621409891180383
-0.9861617738309187 0.16219823969901495 -0.03430286975167953 94.49910471472849 -0.16366951795076684 -0.9854600632321815 0.045615267928523856 14.711803330444475 -0.026405392033129818 0.05059836769075077 0.9983699517005782 -3.7056209637772684
-0.9886798446337725 0.1448562548002306 -0.039100259080942903 93.59846955865389 -0.14652841267581754 -0.9882296574589462 0.04394961202651302 13.002147080510138 -0.032273659440032396 0.049181394488431084 0.9982683012810397 -3.5102525942392124
-0.9893594329208084 0.1406228017569086 -0.037324792252050605 93.1011587323407 -0.14214594792288485 -0.9889592988449183 0.04188119765810099 12.528040063046657 -0.03102324901950298 0.04674112594075525 0.9984251725422768 -3.6083263112061728
-0.9902968585622871 0.13427627477782728 -0.03580522243268594 91.895517362323 -0.13559709268375097 -0.9900567170704366 0.03743161016341982 12.300885600820376 -0.030423023804001924 0.04192349002052999 0.9986575291896232 -3.7357054507952925
-0.9865943664630124 0.1591228302358782 -0.036214375062613435 90.65267517091986 -0.16042037105165946 -0.9863816694867241 0.03628369678291084 14.039279615501574 -0.029947631210161762 0.04160681432542033 0.9986851417672136 -3.9039927458695245
-0.9893880458485512 0.1401652542352161 -0.03827526926310913 89.83543745777213 -0.1418190887175438 -0.9888882117152373 0.04458083451406417 12.454864092971155 -0.03160127857083323 0.049535908549480354 0.9982722839771103 -3.7870301444227668
-0.9920910086965989 0.11976534654991963 -0.03757249298550465 89.0135351896208 -0.12142649373220812 -0.9915535824888068 0.04557520897941333 11.23797324155 -0.031796809325308324 0.04977705113195212 0.9982540799302335 -3.7822209071315704
-0.9899497581271322 0.13623720072751538 -0.037932855441749194 88.17175163191895 -0.13784018218127936 -0.9895012106115408 0.04344465875721897 12.375238119399107 -0.03161582768591771 0.04823670113337151 0.9983354446795469 -3.810720086840807
-0.9876268784892765 0.15233817074734674 -0.03723211810895749 87.12632739266837 -0.15392446855010053 -0.9870901869885529 0.04427438009140205 13.453498320193397 -0.030006780352053855 0.049457501799634804 0.9983253721350834 -3.9351515440533755
-0.9880712616098926 0.14992380474877878 -0.03518571798737576 86.061576412368 -0.15144730456043567 -0.987413690940627 0.04558417361751755 13.847845029618922 -0.027908706921243517 0.05036919408391643 0.9983406474572376 -4.179609213278797
-0.9878328027157336 0.15153039968830992 -0.03499845495285183 84.89782998906193 -0.1530821626062399 -0.9870956201008088 0.04699029973946292 14.346218453993188 -0.02742636269326102 0.05177619866414532 0.9982820342374802 -4.210262543184554
-0.9919063497411051 0.12131764135878872 -0.03746762920736622 84.37548794290647 -0.12306954310577282 -0.9912048148052474 0.04865082390498707 11.90176047237235 -0.03123589126336434 0.05286818515929995 0.9981128563919799 -4.037006086551671
-0.9857217302363621 0.16497112230596164 -0.033722386406473306 82.90207464874317 -0.16638884106919377 -0.9850439766184558 0.04475620287016408 14.02032108491207 -0.025834552589252338 0.04972819052424818 0.9984286068416274 -4.277973123243127
-0.9862578218719001 0.16232169966453566 -0.03077620208076587 82.02225923227326 -0.1636310400691064 -0.9854344205906002 0.04630211054784587 13.71820051988337 -0.022812091583256856 0.05070176065284283 0.9984532737911757 -4.4368178080755
-0.9914026687970277 0.12628156814427666 -0.034259507427273364 81.8007331434928 -0.1279109465053683 -0.9905003011728915 0.05047715463967406 11.67676623317451 -0.027559718181390063 0.054425351844883216 0.998137436934582 -4.327166591678139
-0.9859700039605225 0.16361368223098216 -0.033071351301626084 80.49768345097706 -0.1650351877217679 -0.9852071941059571 0.04615378094492422 13.477343629170255 -0.025030743171886246 0.05096418025133621 0.9983867558354239 -4.385059388923715
-0.9880443451479494 0.15017763008950177 -0.03485758800998547 80.45590602556973 -0.15170439874529207 -0.9873404982508632 0.04630891831041109 12.606645817091268 -0.027461744709736276 0.05104331429728553 0.9983188031100391 -4.346536505011006
-0.9883060861492037 0.14854064093252153 -0.03444935517267651 79.56027119155459 -0.15010435900926622 -0.9874845900017831 0.04840316018025682 12.80585693044874 -0.026828370932181305 0.05300813617147932 0.9982336279713115 -4.3981703400554055
-0.9858130507272859 0.16509976924362285 -0.030243928505813346 78.64556543871564 -0.16642622504520374 -0.9848646873401645 0.04841342011843414 14.15315168066009 -0.021793132701968147 0.05275996423485483 0.9983693933314344 -4.768016675491033
-0.9865740888396413 0.15990854790099976 -0.03317866088956284 77.6354300928887 -0.1612663595930526 -0.9859588179259574 0.04334017325359899 13.19272404623603 -0.025782329100278927 0.048108893795653716 0.9985092918165216 -4.536632873114618
-0.9876197257815151 0.1525339447292261 -0.0366152011136652 76.64421087487426 -0.15406240056288018 -0.9871096078495777 0.043352033676140135 12.98464515446726 -0.02953056010398757 0.04845634939196424 0.9983886659130107 -4.4392535209036055
-0.9861975704831452 0.1632488958360811 -0.027643262858101206 76.260979366561 -0.16446199728606067 -0.985139137663812 0.049529091367360535 13.686650276164846 -0.01914689065675802 0.053391735795875465 0.9983900636158649 -4.889842214311274
-0.9882377768614383 0.14939469946401043 -0.03266986617698997 75.02435369053305 -0.15082808899900688 -0.9874422480444967 0.046996748246397616 12.555652043686193 -0.025238541021063616 0.05137149549006533 0.9983606490132959 -4.611091554186409
-0.9869399689424042 0.1587128246051665 -0.027563327263278033 74.86658507082868 -0.15999601495065144 -0.9856842931133276 0.0531765879837616 13.676527594080161 -0.018728932267587543 0.056892122614061465 0.9982046450906683 -4.892648228288808
-0.9868442554790071 0.1591166134464119 -0.028641207262211622 73.92840195608493 -0.1604137315865551 -0.9857404687444442 0.05082482659062275 13.538821079907938 -0.02014572278595818 0.05475063109074774 0.9982968086939902 -4.844463844103855
-0.9880752693272425 0.15054618568019132 -0.03229718441361935 73.67971601281984 -0.15203189197119854 -0.9871132842503462 0.04993663865488989 13.942820380248746 -0.024363209303383305 0.054251359739972624 0.9982300456301682 -4.789706761662397
-0.9862596703245681 0.16173306545647007 -0.033679047334219836 72.93242649376154 -0.1632479274566144 -0.9853905043192551 0.048535226161726626 14.052457008439857 -0.025337262527899834 0.05336637082941729 0.9982535016678402 -4.744748562080969
-0.9881849974467991 0.1512627513007162 -0.02469799364337101 71.77674320889435 -0.15230305413999792 -0.9871775903218208 0.04779314664290499 13.975707047710689 -0.01715198299612224 0.05099005035630915 0.9985518635724253 -5.042205342818247
-0.990981608632299 0.13172329678834938 -0.024585044961355766 71.18713185201747 -0.13273727388439419 -0.9901026011567565 0.045581304329340114 13.877065305625301 -0.018337597287620373 0.04843358613434342 0.9986580597280964 -4.998434287378334
-0.9917393001220312 0.1256708264059803 -0.025690542693944277 70.28115477093542 -0.12683510192868183 -0.9906486701153701 0.05027990967962558 13.673095636046265 -0.019131584153241444 0.053123025037060005 0.9984046908437019 -4.985485052710913
-0.9876490377474428 0.15383427543940478 -0.029738761517346193 69.49490658089039 -0.15520795650724575 -0.9865480974200876 0.05131609604840647 13.23033310441542 -0.021444544140582052 0.0552979852873276 0.998239582640245 -4.886208988881458
-0.9927315610443154 0.1174765506621371 -0.026140155910858606 68.9181167460946 -0.11856590099264978 -0.9919264836898594 0.04498864386122034 13.655738265065178 -0.020644002235979144 0.04776097778727541 0.9986454396693993 -4.963333145763542
-0.9929663079292835 0.11586237278104812 -0.024368460986374123 68.15942159305173 -0.11686062496262103 -0.9921477927298574 0.044568505860319844 13.602972643478209 -0.019013301939571948 0.0471027382942911 0.9987090799599969 -5.00675549253784
-0.9934861417490339 0.11151042087310452 -0.023467257814347404 67.51623907436624 -0.11246815758239734 -0.9926595734548187 0.044473416312676026 13.326978640018417 -0.01833574876145304 0.04682304203276977 0.9987349012887052 -5.100568867779087
-0.9929053823834864 0.115856633001117 -0.026760833760542717 66.83382863146338 -0.11695156165737719 -0.9921711302590643 0.04380388688637459 13.408124272392497 -0.021476355831855337 0.04662283635834733 0.998681669637574 -5.088807829806024
-0.9929524669568549 0.115539147997291 -0.026383776158159084 66.08584825545731 -0.11661064484194207 -0.9922239151611247 0.0435162003382665 13.317154668595368 -0.021150788965220504 0.04628614762963859 0.9987042788852785 -5.082797721933504
-0.9929010635721539 0.1157461894813149 -0.027391560339737324 65.51255513100021 -0.11681404402625603 -0.9922962093126988 0.041263932215501335 13.33339043314705 -0.02240439857532176 0.04417072111941437 0.9987727420791369 -5.0510367560501335
-0.9928489788213378 0.11621879361642887 -0.027278146267163288 64.95445484610852 -0.11730927687876466 -0.9921847256401823 0.04252062751773486 13.18429665315688 -0.022123264036133457 0.04541654122301953 0.9987231342928475 -5.070596593596586
-0.993032078378417 0.11526801689532663 -0.02450664384323711 64.28885080612764 -0.11624962274998048 -0.9922739183095792 0.04334162263962938 13.05570801137833 -0.019321400620250572 0.04588850971176861 0.9987596948988866 -5.166360660257321
-0.9929560316863228 0.11552812873135697 -0.026297730122331917 63.650894892606445 -0.11656012561064609 -0.9923019539585565 0.041839805062440304 12.974037393411907 -0.021261614599716226 0.0446103535276638 0.9987781836337606 -5.137060914098781
-0.9928297453712293 0.11667859042057734 -0.025984673243442783 63.00835669273267 -0.11776636439742143 -0.9920102068648952 0.045241937320132625 12.910555231808512 -0.020498295605135226 0.04797766160758362 0.9986380544841859 -5.141313489145555
-0.9923612980496014 0.12070715255438154 -0.025472287991581292 62.49155947243358 -0.1217297631430872 -0.9916150574604461 0.04337559893358959 12.994287864520564 -0.02002295928280635 0.046145001245343445 0.9987340586771003 -5.178032065532377
-0.9927101457411495 0.11835590424289975 -0.02276941969916931 61.90625106513269 -0.11923674785716835 -0.9919654672184652 0.04227422153629023 12.745075804191938 -0.01758307433408743 0.04468100017790799 0.9988465566442452 -5.280976109544095
-0.9926503862124488 0.1188756719887043 -0.022666833954256727 61.341941372030234 -0.11973389361630156 -0.9919479533424626 0.041268057613321536 12.741043724663124 -0.017578551469226263 0.04367874161339844 0.9988909660515054 -5.229884326251597
-0.9924999366514144 0.11987630221201043 -0.02394886040953193 60.708635512708376 -0.12080788569373936 -0.9917775252249751 0.042223159673727334 12.682354810486856 -0.018690385259530116 0.04479969449224685 0.9988211335731038 -5.2260772138444125
-0.9922250069520021 0.12218822422572545 -0.023655304683423722 60.22137858852409 -0.12311836679336118 -0.9914618298865273 0.042957044081195175 12.64214348549308 -0.018204486733683176 0.04553545584072371 0.9987968356598593 -5.280349100913612
-0.9924871931418365 0.12039391200704858 -0.021782502176827232 59.69099057683009 -0.12120395887715038 -0.9917904261971183 0.040759671935013495 12.502632180812965 -0.016696460761214903 0.04309357789024505 0.9989315150412825 -5.3460689623432955
-0.9921722450557209 0.12299776127216537 -0.02158209589292987 59.079238977165275 -0.12381095835736261 -0.9914337404543196 0.04159308691826801 12.466956519327884 -0.016281361482625743 0.04393960640235965 0.9989015107894702 -5.364558145831621
-0.9919777225126691 0.1243119392668459 -0.022950812497572467 58.65610436340373 -0.12520177462778176 -0.9912171648711442 0.042579897778974356 12.374092925724758 -0.01745604962864452 0.04511179247745462 0.9988294211279722 -5.329744535898252
-0.9914874044463605 0.12781839509861972 -0.02480291713964724 58.06304632696421 -0.12877353664542246 -0.9907947498024225 0.041750928418291366 12.513304470355841 -0.01923806341744352 0.04458947900987309 0.9988201416058758 -5.2859737165953185
-0.991722116480134 0.12630881697387844 -0.023093861496825956 57.58309655577849 -0.12719029455746672 -0.9909961604108032 0.041823904904196685 12.301845230209965 -0.017603200122736133 0.04441500653730406 0.9988580652623975 -5.349176769262268
-0.991965705205414 0.12436188401910582 -0.023198308118231366 57.05061475509375 -0.1252277224517527 -0.9912965104934748 0.04061090756200593 12.196345164662667 -0.01794595291081832 0.04318969884915702 0.9989056975948478 -5.338277598050885
-0.9917416282231938 0.12642994097465587 -0.02154095806504344 56.510540996380385 -0.12719481695049997 -0.9911149349820633 0.03889298389725948 12.184125628886171 -0.016432327593628008 0.04131168939474792 0.999011172574769 -5.408636345755719
-0.991769928245821 0.12599918325815482 -0.022729171686660932 56.05052305811079 -0.12678205479604587 -0.991235758843134 0.03712116609657981 12.0978589549155 -0.017852731134943737 0.03969730732625292 0.9990522527786374 -5.418022037189182
-0.9918430518865304 0.12454031228705671 -0.027149052282780438 55.62560534450591 -0.12553528721920681 -0.9913347839479142 0.038681233146478394 12.06911819904081 -0.022096427023429902 0.04177387641078575 0.9988827214255035 -5.321816890712968
-0.9919339717149145 0.12461422332526573 -0.023201101329958045 55.08277358741314 -0.12540813480824617 -0.9914275870875948 0.03666250517342817 12.033419437571984 -0.018433542301989653 0.039276391212984124 0.9990583414453286 -5.42469529460722
-0.9920100102334262 0.12405632847141995 -0.02293832955722748 54.691205974432904 -0.12486804482197983 -0.9914377429934846 0.03819912499426835 11.920200407220227 -0.018003082486648444 0.04075817873976511 0.9990068367567904 -5.424324585973352
-0.9917995973843735 0.12558558281159357 -0.023702742838613847 54.27334896349851 -0.12638403661214626 -0.9913320225213601 0.035887273696016624 11.927836193126355 -0.01899036381487324 0.03858863192165556 0.9990747137069371 -5.43086050704222
-0.9921615700386844 0.12306860614626168 -0.0216688052184379 53.80546172154383 -0.12377815638437138 -0.9916857086799463 0.03519123757476302 11.799613756439074 -0.017157707902406213 0.037597518284771245 0.9991456548864 -5.482908873984618
-0.992465404361502 0.1202812490063869 -0.02334185688899508 53.378140101349295 -0.12106423381170645 -0.9920035228598478 0.035671584282771895 11.677292772384487 -0.018864581552405116 0.03822867733942518 0.9990909346960097 -5.432088874575673
-0.9920957756739202 0.12360504103645703 -0.021627892184335522 52.965636276450994 -0.1243126056546338 -0.9916192468392792 0.03518018438351634 11.690950933364988 -0.017098186024157313 0.03759073194656831 0.9991469305894985 -5.477373905269936
-0.9923318467312232 0.12202676571174044 -0.019671665230474394 52.48472055215499 -0.12266173485922718 -0.9918249962312699 0.0351749293129966 11.673464674183208 -0.015218566434873963 0.03731816314854578 0.9991875449258253 -5.5231099804973764
-0.9924240324097817 0.12101892191598766 -0.021188686457866545 52.20582504061908 -0.1217164591437674 -0.9919301643160325 0.03549158623506747 11.562532596433567 -0.016722543736536335 0.037801715017584024 0.9991453282044205 -5.4716892100323715
-0.992307221861832 0.12178294035473777 -0.022255176463405305 51.87261759591081 -0.12249512850775357 -0.9918841599942286 0.03406987884374418 11.544974108897712 -0.017925426988807176 0.036533937525452274 0.9991716321414302 -5.479574142665276
-0.9924985767887716 0.12039876172137912 -0.021230008201135513 51.44892807020432 -0.12111048536057603 -0.991977766082635 0.03622653631567262 11.521761622634951 -0.016698065995416927 0.03852596233274051 0.9991180735120134 -5.479287690646408
-0.9928779798761095 0.11760596434807923 -0.01903035015165658 51.04509886687466 -0.11820185246661241 -0.9924074219005402 0.03399751505893682 11.434507643490093 -0.014887550187925418 0.036004806713538735 0.9992407191177353 -5.568285934621774
-0.9931334840719926 0.11529405827698212 -0.019828336820163717 50.7594074888908 -0.1159372847436446 -0.9926357637165083 0.03511106089563729 11.37060179438866 -0.015634219561643015 0.037168813768660186 0.9991866944979461 -5.53688312552579
-0.9928333368578136 0.11844094722903958 -0.015928190207089254 50.43433359427354 -0.11891476819506532 -0.9923521970857914 0.033111853528952524 11.42833799890832 -0.011884575251126949 0.03476864907493984 0.9993247209554089 -5.575664292384863
-0.9934036440933034 0.11407108196219144 -0.011704194210948624 50.01652076010537 -0.1144048309883291 -0.9928674142158034 0.033553426575578894 11.323795218388275 -0.007793237368688786 0.03467111259255507 0.9993683902360097 -5.614543797692119
-0.9931699907386521 0.11605789608237042 -0.011997260234276304 49.912852827801885 -0.11636413386429202 -0.9927793355491037 0.029130383737581384 11.302717281965151 -0.008529820995138637 0.030327473742772983 0.999503620048562 -5.663404044555329
-0.9930749732371651 0.11660423810706828 -0.014336986624924306 49.617784125881265 -0.11698016416371372 -0.9927107015294335 0.029001797550777052 11.295152557018186 -0.010850747543102862 0.030478102375564056 0.9994765362695355 -5.614118179768825
-0.9938020710936257 0.11056623465503919 -0.011513090125452489 49.21345343755993 -0.11085408021403177 -0.9934303619053687 0.02841634994990413 11.246111314499778 -0.008295564473376508 0.029516500449414028 0.9995298693942527 -5.6660009263693345
-0.9931837047753236 0.11618288032744557 -0.009363059734075828 49.02299165766404 -0.11638781749212972 -0.9928744993092822 0.025575467948055295 11.261489229875082 -0.0063249117135461014 0.026490884095509523 0.9996290454722012 -5.723660103826455
-0.9938348419538897 0.1106459364679931 -0.00705575379455552 48.74513291121363 -0.11078967640023467 -0.9935278725141613 0.025060210306715035 11.118310314114327 -0.004237277619017068 0.02568741482916379 0.9996610436531885 -5.716880484543357
-0.9934099337750535 0.11434746521612736 -0.007833305540881531 48.56820567133273 -0.11452060541897369 -0.9930468578046402 0.02725746024135678 11.097574288949966 -0.004662017966767504 0.027974906666215826 0.9995977541919061 -5.664065397820143
-0.9935322559040844 0.1132282475806287 -0.008545199118036504 48.30797629326826 -0.11344360600965184 -0.9930451734255062 0.03149336107549778 11.018148108906473 -0.004919830655123348 0.03225906827736154 0.9994674320758077 -5.6128637040552976
-0.9931840562844332 0.11601656667008435 -0.01120654275378011 48.11469660464624 -0.11632975473889089 -0.9926542084838976 0.033241698837428495 11.106656091574504 -0.007267634057695138 0.03431877965916073 0.9993845120162298 -5.56166840356948
-0.9925750650401824 0.12065500846723894 -0.015398350309403378 48.111756878270405 -0.12113174380283691 -0.992015011406282 0.03511862451576401 11.125494341918412 -0.011038156719513376 0.03672310003752105 0.9992645160416128 -5.513512748280372
-0.9929110538115672 0.11827888582844054 -0.011736455427020644 47.712161396344065 -0.11856458513969358 -0.9925595375281882 0.02771287809817858 11.122151040788419 -0.008371282426311785 0.028907950965329086 0.9995470234068682 -5.652934456805105
-0.9928968522515129 0.11851403359986011 -0.010500696592801655 47.496440773855 -0.11877438921197371 -0.992492283630922 0.0291840949903709 11.03625202032655 -0.006963135526834844 0.03022400987585853 0.9995188962549272 -5.599871630699194
-0.9931362958046613 0.11650721256336867 -0.010313456070029437 47.253042903563816 -0.11676468726311612 -0.9927222564012086 0.029470823775982445 11.038996002497639 -0.006804833851048519 0.030472792231810188 0.9995124327240057 -5.596077557764793
-0.9929390707502366 0.1180201274553296 -0.011968763222964808 47.143441733030095 -0.1183268747043649 -0.9925398085318964 0.02938501662695286 11.01945907515617 -0.008411450550095187 0.03059375744979678 0.9994965080002786 -5.606770384588206
-0.9927762803175167 0.11928584389190866 -0.012889712406337543 47.011911466018674 -0.11964727496352358 -0.9922895267707723 0.03234230441462319 11.022980991261353 -0.008932347548388755 0.03365089163812807 0.9993937315489037 -5.569748518609091
-0.993094862948499 0.1163892796243266 -0.014701318778800775 46.89025524359811 -0.11682901246326141 -0.9925764065024034 0.03380915706782463 10.889587634494402 -0.010657158728478593 0.035293240759510486 0.9993201749812367 -5.561147045437512
-0.9931280734925408 0.11620669002308545 -0.013879295186623085 46.63991521410834 -0.11659887611488068 -0.9926655121311075 0.0319356088752632 10.841526832028611 -0.010066366263181905 0.033334459938128336 0.9993935571389754 -5.615509713235285
-0.9931987517628803 0.11548569877988787 -0.014808540575879664 46.52203924631766 -0.11590875012139537 -0.9927477730449433 0.03189076291983419 10.799155838946255 -0.01101821863832942 0.03339030535401722 0.9993816520060849 -5.615875050004331
-0.9932096945151789 0.11524414790531319 -0.01591505873840934 46.339668493078435 -0.11570977631026451 -0.992756432122305 0.0323405959441536 10.811500645028222 -0.012072712507826213 0.03396252130471763 0.9993501872513627 -5.5989956463759905
-0.9929573252247016 0.1171633209108938 -0.017564353553310857 46.172753392049636 -0.1176783868029503 -0.992538989290399 0.031908494446647534 10.840786737696202 -0.013694800548706386 0.03375071808908063 0.9993364505842942 -5.59822839088092
-0.9928006000285258 0.1183620597526065 -0.018368216955520787 46.108085308346475 -0.11889742096835254 -0.9924077785635489 0.031467512352286786 10.818371828394417 -0.014504201807694416 0.033424898768553875 0.9993359816759534 -5.605582902510178
-0.9929470526018922 0.11722126136782497 -0.017757438231906328 45.96365935983875 -0.11773461032265456 -0.9925511035518854 0.03131881814677026 10.733553445370626 -0.013953933545619149 0.03318859324037224 0.9993516923572675 -5.6045920836847305
-0.9927752126734734 0.11877539521192548 -0.01702300189142746 45.81108648355863 -0.11928622062605124 -0.9923101387786744 0.03303613242805029 10.717552586447399 -0.0129682176838969 0.03482806295650515 0.9993091770622391 -5.559172707494889
-0.9925815419879103 0.12077068363268534 -0.014011583771910007 45.73380618645328 -0.12117856019513415 -0.9920726741231926 0.03328011128424972 10.759741992389792 -0.009881247590129273 0.034731127723583485 0.9993478422016605 -5.609314940071298
-0.9924554201648531 0.12149481386176032 -0.01646964450439649 45.61466322138748 -0.12200146422549094 -0.991934542423898 0.034373045735370214 10.738317503300053 -0.012160662491872249 0.03612303629245237 0.9992733582642823 -5.5585785559811765
-0.992351594732677 0.12220054294681776 -0.017473973074674232 45.4486737410142 -0.12272177094981475 -0.9919004046253646 0.03275598020169536 10.805072431885293 -0.013329642397779682 0.034649886111437676 0.9993106153874342 -5.529913428351455
-0.9920954115846222 0.12392505592723739 -0.019730048813189387 45.355169140606435 -0.12450533807275345 -0.991717043047967 0.03155514727565083 10.809904461620002 -0.01565615227728092 0.03376221322172815 0.9993072589820634 -5.506074722255085
-0.9921589878686663 0.12338431494083799 -0.01992118515571195 45.30219172223949 -0.12398112580840691 -0.9917626960287068 0.032178179083879564 10.837044563114054 -0.015786805715807744 0.03439572055436135 0.9992835989712046 -5.526737922813075
-0.9922229052192515 0.12285554390726855 -0.020005541470296855 45.17043459053345 -0.12342917003184493 -0.991883497373193 0.030534695413180934 10.790188325382097 -0.01609180982737333 0.03276649157256774 0.9993334832209458 -5.528752012980385
-0.992036909135359 0.12413747148812358 -0.021275786370958952 45.068211045504555 -0.12474440073455197 -0.9917330717718058 0.03007239331081695 10.788757368822093 -0.01736679010483065 0.03248695933136726 0.9993212656973011 -5.526262401790349
-0.9921224108362098 0.12351658994379369 -0.02089913694883213 44.993771126659816 -0.12411228144084281 -0.9918109517214122 0.0301193897849787 10.7932178040785 -0.01700774858994883 0.03247596117325273 0.9993277982893173 -5.535855126054106
-0.9921059109376161 0.12396187053784942 -0.018955635979935714 44.92782592297128 -0.12447677911125156 -0.9918001187452985 0.028949195479377285 10.735293282629575 -0.015211605593603409 0.03108020446476643 0.9994011346529978 -5.57958083788303
-0.9923777156231932 0.12208459386282772 -0.016787539302924696 44.791572084644635 -0.12253532814825469 -0.9920367213077307 0.029124507422662992 10.673052199613885 -0.013098201788747293 0.03095957878203837 0.9994348110765149 -5.612808429539769
-0.9923677532024148 0.12231477199175807 -0.01566329967166839 44.68494250051558 -0.12273786887670192 -0.9919938523015105 0.02972562092906714 10.728515664701806 -0.011902014434798918 0.03142122767520249 0.9994353648454615 -5.658081697702829
-0.992143750883159 0.12400601634946383 -0.016531348784819582 44.65297275389201 -0.12444185324485608 -0.9918136770266605 0.028633114113744546 10.775710183129465 -0.01284533940755697 0.030465356915695924 0.9994532801904821 -5.636000489612775
-0.9923327243471262 0.12267834774417358 -0.015026216575794414 44.5479467306765 -0.12309489142964543 -0.9919124950041849 0.03093945633814 10.738435631625087 -0.011109090590503403 0.03255188549584098 0.9994083063777907 -5.652323550174716
-0.9923014646023526 0.12261899292268384 -0.0173892473286238 44.54811616453686 -0.12308029631207723 -0.9919860058724859 0.028548289141064546 10.740560099268157 -0.013749327538507274 0.030468782840420577 0.9994411484747211 -5.587236345829841
-0.9923656367886231 0.12227839550550468 -0.016075973180997707 44.48290949294643 -0.12272940219679115 -0.9919576476228255 0.030943806472594666 10.674717859721483 -0.01216292553356828 0.03268056479307555 0.9993918370325414 -5.613994528806516
-0.99220143167874 0.12363467884884319 -0.015836197795041865 44.34925599003341 -0.12405409763960178 -0.9918512320336631 0.029012314146376124 10.721470069873336 -0.012120224151592038 0.030750604859853863 0.99945360095768 -5.653809400135841
-0.9923250512307062 0.12293853221090027 -0.013308268024602858 44.162059151327966 -0.12328838961958902 -0.9919234428407455 0.029796921451297042 10.680338299194181 -0.00953759324958544 0.031208986539054556 0.9994673748923559 -5.726082505288572
-0.9921546302417699 0.12400590807557892 -0.015865826551852986 44.247583746522324 -0.12443660758670932 -0.9917775306890317 0.02988076827464769 10.700540728296463 -0.01202997847604354 0.031620632231544654 0.9994275437645038 -5.649310642945409
-0.9921894519389238 0.12363667694294823 -0.016554865618478364 44.26391981178118 -0.12408831038140239 -0.9918235899555916 0.029800295875898237 10.660431462665247 -0.012735096694938896 0.03162180453591329 0.9994187704811556 -5.609014930378411
-0.9920102317630515 0.1251102746918586 -0.01622095077209269 44.172740389868785 -0.1255591900736187 -0.9916177706396021 0.030480924195379764 10.677456128067911 -0.01227150624333151 0.03227407811657848 0.9994037192327467 -5.648719236373202
-0.9920794637280083 0.12454407116410049 -0.016343561026409142 44.18147633296784 -0.12500405524316086 -0.9916706559634633 0.031037014575528113 10.665405039960673 -0.012341953731822107 0.032834196181223234 0.9993846065150388 -5.622947509385664
-0.9921686964610821 0.12392150438500289 -0.015644120738462584 44.132291659039744 -0.12435441341395614 -0.9917640211426284 0.0306611518289851 10.647970314324754 -0.011715700029993512 0.03236645049996789 0.9994074020412534 -5.658088360838806
-0.9924007470539838 0.12201522963234004 -0.015907262004096583 44.156098751750044 -0.12247762995383339 -0.9919438259093758 0.03235237860136694 10.55868843721958 -0.011831627427888163 0.03405480844228615 0.99934993001169 -5.626143812932233
-0.9924444474500013 0.12161343961314275 -0.016253923560962235 44.134766094178694 -0.12209472749787849 -0.9919723941190182 0.0329187913356883 10.54327753135453 -0.012120076026354747 0.034654590045815954 0.9993258543367534 -5.62811445550636
-0.9922317358751706 0.12335734171207714 -0.0160980920571032 44.076088607614494 -0.12381965715560099 -0.9917932914661715 0.031855290056254225 10.666693642610888 -0.012036395806833043 0.03360108998869381 0.9993628429792454 -5.6294451265426595
-0.9919441709923473 0.12567411481784674 -0.015899009373516224 44.063525928490414 -0.12612841861144547 -0.9915031248798057 0.031830415833840046 10.716791817269153 -0.011763658142132783 0.033579312356410096 0.999366822607589 -5.633159023541078
-0.9923007294656864 0.12284311800341803 -0.01577436721607243 44.09518895934308 -0.12329286224746727 -0.9918641708353829 0.031691272171843976 10.57989562307557 -0.011752974972138109 0.033392139378028395 0.9993732198768753 -5.638942548128844
-0.9922491465397303 0.12306802239834695 -0.01720154220233015 44.07998329468049 -0.12357307861398913 -0.9918106027616683 0.032271078249678564 10.61894501018085 -0.013089134159272943 0.0341465973780107 0.9993311185260223 -5.602810284957144
-0.9920414685383445 0.12463382028737499 -0.017892331901241624 44.04713485505202 -0.1251330282951307 -0.9916804304733027 0.030193526557503368 10.681382849703738 -0.013980340839184513 0.032192152100520975 0.9993839179280234 -5.62111227404556
-0.9920128632999472 0.1252795457410075 -0.014680410974300713 44.02608093219974 -0.12569924176346262 -0.9915390489158205 0.032403936415399785 10.693828133623157 -0.010496650300809478 0.03399043827387567 0.9993670348968078 -5.689171644552856
-0.9920792794651607 0.1247084098168863 -0.01505044108464278 44.07648169612257 -0.12514010600415748 -0.9916123428888368 0.03232514964835993 10.652942982626305 -0.010892985135713051 0.03395252496448963 0.9993640822660091 -5.663313800431397
-0.992306027725201 0.12297750258818915 -0.01432763753755215 44.123956146527455 -0.12339028929667971 -0.9918162496197178 0.03279273543886852 10.591660638500501 -0.010177615021098308 0.03430832038228336 0.9993594725147893 -5.6673490279236365
-0.9921636813306937 0.12352093152674985 -0.018809809225197396 44.12002719309379 -0.12406276960039253 -0.9917886652042357 0.031043079284811943 10.635406800619702 -0.014820885513485944 0.03313341285119254 0.9993410420399224 -5.562665474338371
-0.9919727701965221 0.12509352740049423 -0.018483305741804946 44.100786292954425 -0.12562902910017518 -0.9915804014189041 0.031395136076782605 10.671533809041343 -0.014400355411943946 0.03346515985968739 0.999336136062128 -5.577317426796076
-0.9920448604985457 0.12485153891178115 -0.016096210416818014 44.054545410414335 -0.12531323729790722 -0.9916053974176094 0.03186421770865752 10.659032039373864 -0.011982792510140257 0.03362780164724006 0.9993625886734211 -5.61642627564291
-0.9920860042147243 0.12463655555225853 -0.015201620352239348 44.00213462995855 -0.12507113761596073 -0.9916277484762871 0.032118826057368696 10.635212365517717 -0.011071168714909778 0.033765921754383074 0.9993684464457385 -5.671637221148934
-0.9920113647799735 0.1248329285515347 -0.018171188640911905 44.05499540606123 -0.1253634404485331 -0.9916019210711462 0.031774800186995834 10.611458132243952 -0.014052044202991738 0.033798965624176704 0.99932986044472 -5.597553829315505
-0.992168075594409 0.12407381402356084 -0.014429083302156321 44.01145553758119 -0.12448762759495573 -0.9916852686107952 0.032606112864297127 10.619518701896762 -0.01026354456675033 0.034146986601839104 0.9993641193073473 -5.684776147460193
-0.9921221722971522 0.12419933106910135 -0.01637441291676285 44.086322886727544 -0.1246796089296818 -0.9916615592199021 0.032593666297226286 10.648757663225632 -0.012189764293142535 0.03437845440884772 0.999334544343855 -5.611087250573617
-0.9919468821213766 0.12554140761596205 -0.016755238687808476 44.165739105221014 -0.12601679179616165 -0.9915368522281804 0.031216003248970836 10.661937115787147 -0.012694535638821194 0.033076058520323914 0.9993722145015254 -5.610385571149995
-0.9919284311692355 0.12566375822810022 -0.016929480385679894 44.13075281875661 -0.12615509743679698 -0.9914938004520201 0.03201460691502332 10.695801590875977 -0.012762399024138468 0.033891939059328524 0.9993440136599381 -5.617662971695792
-0.9918917062406583 0.12597539616107006 -0.01676432680003325 44.02873853600338 -0.12644531240563062 -0.991496028103996 0.03077676436279597 10.626722592292678 -0.012744648352911144 0.03264698785588048 0.9993856853699191 -5.622419956945235
-0.9919979016380949 0.12531633995309027 -0.015361578251486043 44.13068957430113 -0.12574041149038662 -0.9915868646404201 0.030738230118296173 10.644181280734669 -0.011380336719258793 0.03242383094790232 0.999409417167368 -5.652152834210237
-0.9920190080626669 0.12517301907055248 -0.015165847787863675 44.11055038234934 -0.12560092960226915 -0.9915759543031557 0.031647011404348724 10.634401281171872 -0.011076738031024738 0.0332992814418521 0.9993840421629964 -5.656198480339079
