-0.9929847675929205 0.10137919102239948 -0.06085647834118512 130.61741942895674 -0.10395795000928602 -0.9937439764092618 0.04081242433598254 9.165662597299702 -0.056338228214188484 0.046852630427303206 0.9973118043338994 -1.0422030071474035
-0.9933198403054155 0.09871201618826177 -0.05976313843569192 129.51426058056535 -0.10135157670936931 -0.993926574312729 0.04286983523980181 8.424009342794987 -0.05516840358538536 0.04864054620387688 0.9972916045524676 -1.176967794630278
-0.9938632036569783 0.09893142331641275 -0.04948237966471148 132.34412640701223 -0.10403239338774847 -0.9879980279428515 0.11418037443912799 10.294199149880937 -0.037592466568590256 0.11862744312186549 0.9922269580069216 -2.018477857831102
-0.9960365686176942 0.07759778267505779 -0.043471118000412444 127.41876629300131 -0.08070115487145563 -0.9939215506314616 0.07488173871355705 8.49917295469631 -0.037396224123628065 0.07809311950656438 0.9962444414434837 -2.6262871685356504
-0.9940637337169974 0.09332379876939195 -0.05592818512952267 125.5135407264295 -0.09592557612548357 -0.9943346516965876 0.045791749043095104 7.958294263084898 -0.05133787250778958 0.05088486040741275 0.99738415559287 -1.6701387288383325
-0.9784520767626873 0.2026033589726503 -0.03979211494498233 122.14239432923999 -0.20389666274477694 -0.9784804578985087 0.03165666489491093 19.221788629230314 -0.03252206021053586 0.03908800895064428 0.9987063848579036 -2.77935117867776
-0.9955489982871382 0.08387902238667146 -0.04297093916742323 124.29166190681288 -0.08732590970117562 -0.9924725769130249 0.08586250386796354 9.128729527805989 -0.03544541584374892 0.08923280606968588 0.9953798917079864 -2.9732865989579578
-0.9946665561244218 0.09330097192160879 -0.043970112190770815 122.37319079577647 -0.09665658872324097 -0.9919635580692915 0.0816443710178072 8.553583171574907 -0.03599924976957329 0.08545892639736477 0.9956911297762244 -3.037822416022937
-0.9964035624859439 0.07463755912361135 -0.040114528956403085 120.49001574000165 -0.07776679129461588 -0.9934997585172779 0.08312975398647947 8.049502438450501 -0.0336491729031236 0.08595036122194231 0.9957310221986466 -3.0141963644821113
-0.997619325976572 0.054481837483525974 -0.04227776983811476 118.65179699215113 -0.057969490196077667 -0.9945897902331313 0.08620143485133165 7.550612183432258 -0.037352625670397904 0.08844703809874076 0.9953802804994162 -2.8253109849332887
-0.9903154668543761 0.1355195001207295 -0.030161916319009 115.30047452380926 -0.1368552334569281 -0.9894369279726521 0.04780387682495412 19.031687309274695 -0.02336495633329781 0.05146873469469967 0.9984012460751852 -3.7728743458677267
-0.9901907771785757 0.136790044022282 -0.02847294587634817 114.00453834050757 -0.1383556095539794 -0.9883621085095535 0.06323027571898687 18.861562222223945 -0.019492308622684567 0.06654942763791874 0.9975927142805482 -4.209846638751885
-0.9946763589574771 0.08812143338711446 -0.05341866629658992 117.57921282768875 -0.09165107214759942 -0.993488342408974 0.06768304419621499 6.841990640277007 -0.04710649536212334 0.07221860200302606 0.9962757909431679 -2.701531236105418
-0.9947917995924371 0.0874789794305288 -0.052313512799712 116.61794077675468 -0.09082040487282315 -0.993722179347402 0.06532904661633039 6.650540842167273 -0.04627017962348144 0.06973993426190642 0.9964915514176552 -2.6998016078759073
-0.9962511509002382 0.0811020813390076 -0.030101440703705188 111.86732662409756 -0.08193679887528385 -0.9962548384457048 0.027616260854760575 10.415510121939157 -0.027748969711130576 0.02997914735291212 0.9991652743185018 -3.7995079432784555
-0.9998365526830997 -0.010557223679976264 -0.014676952918023466 109.48429584818534 0.010206646504390847 -0.9996656025051643 0.023759367313349107 6.28421722075745 -0.014922877936957428 0.023605681438314402 0.9996099636947968 -4.233183659721705
-0.99984798287716 -0.008052209085935695 -0.015465221153360732 108.87335810340129 0.007809690150906872 -0.9998465855829285 0.015678457765792946 6.113802294739068 -0.015589094785547689 0.015555295786429774 0.9997574770396903 -4.286775889649135
-0.9915000369673952 0.12810457755893703 -0.022735300792151185 107.47605501300218 -0.128962402016198 -0.9907827392175311 0.04145193041125433 17.78233511601365 -0.01721556156144604 0.044031589535845045 0.99888179659211 -4.435082459335836
-0.995801015392862 0.07178612042278369 -0.05680748768604162 106.97567365712592 -0.07457700754295098 -0.9960285663038289 0.04863501878980457 9.631424919780358 -0.053090561199640965 0.052667333532195944 0.9971998517298944 -2.390437017744939
-0.9919321227390148 0.12204632999732315 -0.03428348308821351 105.7385070654537 -0.1234853076109476 -0.991389646034971 0.04356545120722344 17.62371462860317 -0.02867128672915076 0.04744747694918671 0.9984621646554542 -3.6230542793645495
-0.9974229088902093 0.04842168663133407 -0.05294224291410582 101.98979427902007 -0.051565080988962016 -0.996882716771092 0.059715085411405945 7.512398352980102 -0.04988570179521434 0.06229116523927472 0.9968105273769652 -3.073520979857318
-0.9971969850740263 0.04093630433428859 -0.06262900244079325 102.67787785105762 -0.04382638793622211 -0.9980029629435586 0.045489929394927325 8.28590965677143 -0.060641740408254444 0.04810722340088029 0.9969996360966888 -2.2233024749127943
-0.9933177179071568 0.11307225304631269 -0.023120918726694015 102.62851833283055 -0.11411682334560137 -0.9921880053255603 0.05040151503287864 16.71239541078372 -0.017241285371017528 0.05270320368944379 0.9984613715110029 -4.298595799216111
-0.9925478875334324 0.12093159346133678 -0.014974667135932908 101.41636112554042 -0.12150531377863169 -0.9915023676971997 0.046470566753624404 17.03083807141284 -0.009227658234187662 0.0479437644928731 0.9988074117515198 -4.717786633266183
-0.9925097152077821 0.1210028425681531 -0.016815983723708943 100.43154169193413 -0.12160419008665278 -0.9917260866344559 0.041131375397355695 16.91713268013792 -0.011699836389404777 0.04286818376296583 0.9990122284783753 -4.618045952679198
-0.9928667232331485 0.11813186860591134 -0.016140988691956067 99.35486055633444 -0.11870722259344775 -0.9920746594119069 0.041188171322695574 16.78040071473677 -0.01114743021633313 0.04281041663466439 0.9990210223149159 -4.61135217275545
-0.9931774159041756 0.11168963596806752 -0.033526791603652836 98.75410095467649 -0.11286262179330771 -0.9929795427483306 0.03540700898495746 16.562600391119673 -0.029336822252165665 0.038949363289281926 0.9988104414549893 -3.6174652189124923
-0.9928823183621797 0.11477067267898072 -0.031818148540734836 98.38357001131682 -0.11599958208815053 -0.992446754835866 0.03991911536009819 16.61711763040546 -0.026996274541509494 0.0433258757392455 0.9986961848591962 -3.8845977725265954
-0.9934630682446162 0.11281584452473703 -0.017427485710067088 96.42265366849152 -0.11350331708216327 -0.9924981369312073 0.04543616620532482 16.11805553144029 -0.012170827636216679 0.04711723052410865 0.998815216915721 -4.671638660757241
-0.9936740303639865 0.11064645172834037 -0.019216766120488463 95.45541108467246 -0.11135094266744401 -0.9929520660959281 0.040585243659544676 16.091601489008085 -0.014590714419562452 0.042468307663020226 0.9989912681785437 -4.5171250263452265
-0.9925843039752075 0.11837371973492596 -0.02764167104529328 94.76161750845387 -0.1195108604630143 -0.9918603604070892 0.04393381026621627 16.63714616228281 -0.022216069261898348 0.04691149037532952 0.9986519705769981 -4.050180942434945
-0.993172495904568 0.11581178345077549 -0.014000863996503745 93.32404892505996 -0.11629715530944619 -0.9923624290483088 0.04113126645599005 16.161747945809914 -0.00913044608048824 0.042478703220479176 0.999055651466466 -4.761924843832415
-0.993428644845534 0.11340311345177806 -0.015468078737117457 92.42368311699823 -0.11395915739988093 -0.9926090439266911 0.04172045493104109 15.840329301692638 -0.010622525362828214 0.04320902422396011 0.9990095806249992 -4.7567673809706665
-0.9934702966649496 0.11286173562136317 -0.016703241511803395 91.34572509045525 -0.11346295538503436 -0.9926963827526379 0.04098840598417187 15.769749591839107 -0.01195522478928416 0.0426159629993576 0.9990199959449665 -4.761882056378839
-0.9927547743340551 0.11736211832501911 -0.025769967388631666 90.65762240640373 -0.11835123262606928 -0.9921263814347029 0.040966193344973895 16.008312690828966 -0.020759185264294978 0.0437192914346929 0.9988281532794427 -4.3778354246394064
-0.9932685376712784 0.11371168274616018 -0.02207408615112863 89.64862878906459 -0.11448417525518115 -0.992712301795886 0.03762525055412119 15.51048332326222 -0.017634786318872414 0.03989911114493093 0.999048084549158 -4.594524693542148
-0.9932221237564202 0.11381250969589303 -0.02359079306673097 88.78117800676353 -0.11460032008652776 -0.9927851327497743 0.03527671791826256 15.443651669972214 -0.019405656826315315 0.03774112912647508 0.9990991080245273 -4.573472491598523
-0.9934706124141384 0.11168879017471584 -0.02327566151125738 87.96529364432817 -0.11255013100882036 -0.9928511728779404 0.0397368409010898 15.346516948722181 -0.01867110814535389 0.042097062417817716 0.9989390507215233 -4.662418031399864
-0.9934395527337679 0.11189394070754913 -0.023613578658727905 86.97620981346095 -0.11275870194219899 -0.9928498103037204 0.03917562145237354 15.393938223548703 -0.019061222427936658 0.04158124833148152 0.9989532869893141 -4.561326766536467
-0.9930625283704527 0.11526378749127408 -0.023260998251610952 86.01714373630679 -0.116060909256479 -0.9925727673059412 0.03645774191023432 15.407842474242258 -0.018885975988947045 0.03890450996734968 0.9990644418730716 -4.7891973487387824
-0.9930783792748831 0.11203594649244403 -0.03526016605634134 85.2967362287491 -0.11364048151494845 -0.9923919388068991 0.04737172946115638 15.32082539689728 -0.029684568008141052 0.051050822565672935 0.998254797102196 -4.208591106946371
-0.9930387456651778 0.11483279040469706 -0.026219837062940028 84.19516243590108 -0.11582785329884651 -0.9924534496763536 0.04024995187190073 15.38035900499675 -0.021399953455961632 0.043006749160801945 0.9988455643985763 -4.767337343781753
-0.9930297522853171 0.11487886204367205 -0.0263582649602533 83.29698097087977 -0.11595963396036135 -0.9922794260869275 0.04398754205883841 15.323534162777472 -0.021101525251589787 0.04673743275094947 0.9986843034772871 -4.7646081894459495
-0.9935016266257474 0.11108256879058506 -0.024802838605352946 82.49792682036066 -0.11217618571999985 -0.9925181324514932 0.048210580916591 14.746954662560704 -0.01926191188097932 0.05067957839098247 0.998529197913014 -4.6997097642689125
-0.9934407279227694 0.11217415880234972 -0.02219184988381949 81.66642032506417 -0.11291722301497797 -0.9929637403785737 0.03567507589312331 15.01803756795934 -0.018033880638036105 0.037946915426410564 0.9991170155486099 -4.826967928653623
-0.9933927751437155 0.11255211729200174 -0.02242354087456274 80.82507086956383 -0.11334809527127965 -0.9928238434758039 0.03811856666122088 14.971165805134635 -0.017972300649563462 0.04040837436746032 0.9990216012130778 -4.894209767807798
-0.9930238747888775 0.11202060809684879 -0.03680988265258726 79.99348482781535 -0.11366307183884969 -0.9924515309316462 0.04605067699378525 14.949824654922837 -0.03137339955185924 0.049913346041340394 0.998260671211446 -4.264254950072193
-0.9934062865900941 0.11240306303083202 -0.022572132920260096 79.21191673988034 -0.11323761102683925 -0.9927657060261057 0.039918622063199224 14.836035601819042 -0.017921864083223323 0.042211424517266505 0.9989479478070965 -4.868940373514939
-0.9932492798082572 0.11228610130784415 -0.02911528144233318 78.21130716671846 -0.11334715096415378 -0.9928365602310089 0.0377887289673945 14.79150819272851 -0.024663566828236238 0.04083376203274192 0.9988615080928698 -4.540542984731328
-0.993676447279574 0.10902279737302416 -0.02685419473397592 77.30344299146927 -0.11016379584301693 -0.9928721023076466 0.04548545420965116 14.476827373910782 -0.0217038293235828 0.04815618456814604 0.9986039884161004 -4.71755016311298
-0.9935372945027536 0.11049712698743965 -0.025962075411502247 76.68861802958179 -0.1115728284700169 -0.9927607132819664 0.04447100303658233 14.50559647888643 -0.020860210434011067 0.04708026222740285 0.9986732701585915 -4.882343238542895
-0.9933438223872434 0.11112256168389026 -0.03032864668777868 76.15146326459887 -0.11235830723988924 -0.9927524223032476 0.04264081149815305 14.705349019004062 -0.025370481258516934 0.04576466208598457 0.9986300287818667 -4.6789483397161415
-0.9933623051588323 0.10814891921220958 -0.03918088772308066 75.36069901258578 -0.11029894045779001 -0.9922251550124116 0.05764881173526641 14.363288091384886 -0.03264160571152029 0.06158776691706286 0.9975677784204732 -4.311091280255667
-0.9934340076233433 0.11120955150242798 -0.02685718064241755 74.74839583141166 -0.11228928983784701 -0.9927556193870062 0.0427480474786207 14.291799235418157 -0.021908625815949906 0.04548313786614263 0.9987248351196211 -4.9365993599899705
-0.9931507604304063 0.11435375962506546 -0.023974668217283748 73.64930812256976 -0.11531280397080933 -0.9923805849126701 0.04340198070115102 14.23439781489575 -0.018828815600203934 0.04586929635393851 0.9987699852093562 -4.970064235978774
-0.9935773583410353 0.11069990537780866 -0.023442780154920875 73.13202002955421 -0.11163542992647583 -0.9928056856115062 0.043294357630024635 13.995669876586259 -0.018481444131309324 0.04563333832637842 0.9987872819855154 -5.064097397307444
-0.9934219889422621 0.11193158867777453 -0.02416756798000767 72.03723892622313 -0.11289464522004254 -0.9926738201575792 0.04305212949895914 13.981021307435544 -0.019171618779852486 0.04549732112799014 0.9987804777845567 -5.002581482096019
-0.9937625478939459 0.10738191826108581 -0.030085246116815935 71.81032253810395 -0.10868888126447152 -0.9930190409617355 0.04582478998223296 14.032322121148336 -0.02495446839381468 0.04880889179245155 0.9984963528171658 -4.761122500848506
-0.9939549865902694 0.10668110685627571 -0.0259350356131172 70.86214011950247 -0.10777014040763971 -0.993155775595654 0.045024462656541774 13.784448454867878 -0.020954270897637406 0.04754731160551993 0.9986491734789744 -4.960919073216593
-0.9935843098912074 0.11050061926659421 -0.02407970680290875 70.04418086398404 -0.11152499683808959 -0.9926761264832766 0.0464357942801153 13.895310268251668 -0.018772166051875493 0.048823365839114966 0.9986310052916786 -5.09371704876868
-0.9939894876656642 0.10693105417422691 -0.02346589148841619 69.53572415505224 -0.10794619199291684 -0.9930267157523002 0.04738735523778601 13.634892581336787 -0.018235077306836676 0.04963558658253104 0.9986009165328404 -5.079118786909934
-0.9937360513200904 0.10836035636337472 -0.027325692590805153 68.67669395237274 -0.10967532115265453 -0.9925863722679589 0.05237955247995972 13.621438564785814 -0.02144724310553403 0.05504840376196342 0.9982533190560621 -5.0651865337417865
-0.993608963691385 0.10933542215993468 -0.028053390762142805 68.0670082281373 -0.11050930471429393 -0.9928824522258173 0.04440866619953414 13.286609402629242 -0.0229982791466795 0.047225009509438164 0.9986194859069882 -4.936487234499509
-0.9935499886618505 0.11043554444259883 -0.025737337735398637 67.33907389889016 -0.11150906940382531 -0.9927496576411321 0.04487588098426489 13.473182496497216 -0.020594840876572592 0.047456377622913076 0.9986609758833015 -5.096490202661617
-0.9936069041479697 0.10988894323011414 -0.025879338964846416 66.59554966030913 -0.11098736550654152 -0.9927691466929788 0.045729925348857677 13.38246701027827 -0.02066699609053096 0.04830984920555531 0.9986185626866392 -5.105922962617956
-0.9941923326420539 0.10450523731903766 -0.025695546085950684 66.09658651129755 -0.10577019761850748 -0.9929160097710379 0.054133749510918934 13.17445199935845 -0.019856258748941986 0.05653718168834724 0.9982030234753052 -5.143889346908886
-0.9933448318401896 0.11168108290151275 -0.028167015786817334 65.34541211463102 -0.11285672763862797 -0.9926220484265416 0.04432638045451487 13.274814603231977 -0.02300878273810868 0.04721021816772003 0.9986199433305296 -5.200168438622186
-0.9932860648904809 0.11076734425199146 -0.03336748030268704 64.79649262792977 -0.11231970863527607 -0.9924666395464168 0.04893109889973514 13.185024598013385 -0.02769614316968385 0.05235040434237593 0.9982446387628244 -5.002795667114838
-0.9932038627662605 0.11337970925804232 -0.026289323208073825 64.23143813980548 -0.11441506822654512 -0.9925469809407902 0.04194857313468628 13.353402324638257 -0.021337271355349907 0.04467137958338486 0.9987738426176488 -5.195412757717159
-0.9936150666022927 0.1091645558716424 -0.028499108096124267 63.61188986490854 -0.11026926994639769 -0.9930724009870261 0.040594266877912344 13.202018938765816 -0.023870222588344564 0.043477651031451 0.998769195727609 -5.16561214510842
-0.9934526453778889 0.11106806137854514 -0.026753077080786912 63.03177045005094 -0.11219681599761328 -0.9926565270274729 0.04522050231649127 12.89825351111618 -0.021534063055455514 0.04792603771823819 0.9986187355727713 -5.202757473664085
-0.9938399999898152 0.10721630222288266 -0.028048510796548604 62.46659028290005 -0.10848883149429824 -0.9929060543857728 0.04865943490306863 12.822798363672518 -0.022632451507835633 0.05140264294504269 0.9984215244259435 -5.175134073084721
-0.9931111218001245 0.11189338276825996 -0.034787507090539814 62.02763126918948 -0.11356922377670679 -0.9922382072656075 0.05064949607936437 12.902850147981338 -0.028850150218928925 0.05425136804738786 0.9981104437372323 -4.985091503147142
-0.9927815803767505 0.11622928584664732 -0.029588625791379452 61.31054495500075 -0.1175467516589571 -0.9919279190643134 0.0475580125233624 13.001471346945456 -0.023822150177339216 0.050692765680350055 0.9984301421074073 -5.228072637083148
-0.9927904016494921 0.11680409276807897 -0.02690766257528677 60.45217220273286 -0.11803258006676863 -0.9917602784456161 0.04979819414654723 12.380495561785487 -0.020869318039210927 0.05261515000549697 0.9983967736098104 -5.282868592932014
-0.9928375594506622 0.11516752729626577 -0.03178083070851344 60.07862690810935 -0.11666984615652642 -0.991893458520081 0.05035388706832992 12.764157552111325 -0.02572406542269366 0.05370109497526357 0.9982256582840338 -5.177480080600015
-0.992130191233048 0.12151552249753902 -0.03019373173408107 59.19264537308576 -0.12300810603178645 -0.9909456634981172 0.053811688737260645 12.673229802327935 -0.023381392053329966 0.05710227479211261 0.9980945049038329 -5.212873373906286
-0.9927112955418401 0.11765155426548042 -0.02612270052200183 59.433959184699596 -0.11883618488211656 -0.9916684960965619 0.0497147363691282 12.4835976188237 -0.02005604313690765 0.05245670241737065 0.9984217793624072 -5.33430156660424
-0.9924416644648957 0.11988164685669253 -0.026228484155234193 58.45588853856754 -0.12101948679285343 -0.9915253156762361 0.04724227121489351 12.548429499166508 -0.020342724757235687 0.0500593559694316 0.998539050027283 -5.3654361888619135
-0.9921574552815824 0.1220026628347491 -0.02718334398866575 57.70590811202077 -0.12329107335697444 -0.9909942936467162 0.052245776768389554 12.424120623901613 -0.02056441488739011 0.055187500585529306 0.9982642158364031 -5.363651588956145
-0.9916425867582037 0.1268277947857406 -0.023657780903662565 57.29045902735572 -0.1278246524519781 -0.9906868890883678 0.04690784597430569 12.520217131439892 -0.017488234703113215 0.04953986534301146 0.9986190281527656 -5.456773629873614
-0.9914755666505476 0.12797212087540488 -0.02448136053487157 56.806019795515994 -0.1289971483733548 -0.9905647064666627 0.04627416140960552 12.504764654861333 -0.018328569134811467 0.049037726102165426 0.998628742312284 -5.454930400023603
-0.9923800591751251 0.12099288432721372 -0.023292490072146437 56.96911313069659 -0.12194610136537425 -0.9915101438260897 0.04513073289630505 12.072983638973078 -0.017634242636576626 0.0476272677376416 0.9987095057395257 -5.471989064259884
-0.9921914077351025 0.1224530739574741 -0.023695043680170277 55.84357695621503 -0.12351083884431828 -0.991081313792345 0.050029012978620446 12.277167461366849 -0.017357508594619764 0.052564951536245554 0.9984666457951363 -5.470805937906848
-0.9918052709664432 0.1254869150562383 -0.02398621756037663 55.264496541006494 -0.12655490069856148 -0.9907021367395922 0.049931286472375665 12.179978611575105 -0.01749747388515814 0.05255768649092509 0.9984645852499571 -5.461782779689239
-0.9919455976864991 0.12380748315130385 -0.026751417646757515 54.767717891220315 -0.12498750261352706 -0.9909872921325056 0.04819036233849557 12.09669691320235 -0.02054398746118745 0.05114581065562756 0.9984798699180537 -5.459334690466543
-0.9914519403541353 0.1269515103677955 -0.03010587954814869 54.064593179273174 -0.12830373098551406 -0.9905579996338215 0.0483011591646413 12.354349411640124 -0.023689714713964145 0.05175097464576516 0.9983790032046949 -5.445891569126607
-0.9922709884684054 0.12221515627940213 -0.0214881599848542 53.9929898339637 -0.1230430173888433 -0.9914814657709201 0.042719069566061176 11.904962548497165 -0.016084194595376577 0.045032861427436684 0.9988560156878856 -5.57361414061123
-0.9920043800114026 0.123733212016021 -0.024847581017035443 53.524997411703524 -0.12477346403786474 -0.9911218022065684 0.04592554695155203 12.22107001447779 -0.018944463840169616 0.04865866248681575 0.9986357903934803 -5.504548341440676
-0.9922689863987288 0.12188601022096351 -0.02336790841432501 52.992696536397595 -0.12281520956133285 -0.9914704009378018 0.04362187942584772 11.94217157971451 -0.017851692683072108 0.046154572651608536 0.998774785670775 -5.523942295704768
-0.9924078891116784 0.1207230406184002 -0.023505937393656536 52.74268302736677 -0.12164208476605357 -0.9916569304877008 0.042658357088484415 11.8740201634652 -0.01815997914852203 0.04519380134009934 0.9988131634483837 -5.553785370943025
-0.9928014956349811 0.11789944426071289 -0.021092920802060464 52.80833375310146 -0.11863494503059216 -0.9922143449837092 0.03790044097549852 11.73277602969226 -0.016460257669162443 0.040129971985587265 0.9990588797793174 -5.651801516216126
-0.9927114355461871 0.11907871528889162 -0.018554387647624338 52.028497090274485 -0.11971277464999744 -0.9920826186188815 0.03795957612915444 11.514970439878486 -0.013887307925954322 0.03990410253912652 0.9991070039185643 -5.6712267945749595
-0.9926163654165081 0.11992247394112901 -0.0182030588407556 51.29681808936592 -0.12059095712538721 -0.9918284355809651 0.041643432046331585 11.642331420144705 -0.013060327978419486 0.043531076449515295 0.9989667027565264 -5.657022057282328
-0.9930481017765771 0.11608237773643612 -0.019502541808557875 51.02060736972888 -0.11678085573312466 -0.992367160669414 0.039618810673303036 11.53574152370496 -0.014754636294348374 0.04162090825514345 0.9990245245757696 -5.634430704182745
-0.9925003787021925 0.12049964305068167 -0.020562935118220712 51.10869823026729 -0.12114742692381596 -0.9920566270054633 0.03386664678257811 11.55319628387423 -0.016318677206089902 0.03610380643665563 0.9992147996977673 -5.6642325363042705
-0.9927080635042511 0.11892181124765322 -0.019705417103448974 49.94930542091333 -0.11964615265746133 -0.9919725861149183 0.040929042876095015 11.356009607182076 -0.01467987765312319 0.04298826823754883 0.9989677221942854 -5.698774018834957
-0.9931466941456821 0.11575472256641342 -0.016139644081601207 49.71478666909349 -0.1162821388639236 -0.992531871789831 0.03686390731605063 11.198963993740813 -0.011751939786249825 0.03848802001853934 0.9991899540259194 -5.798063893090599
-0.9928773217654366 0.11790272824950955 -0.017133901926584694 49.580575030674275 -0.11848903175112971 -0.9922046585612552 0.03860394907296164 11.36503065200569 -0.012448826393981628 0.04035916501453083 0.9991076841465841 -5.746483974559629
-0.9935097730933714 0.11266163966665221 -0.01567436491805122 49.30193129780475 -0.11318946965965168 -0.9928346111861361 0.03830899096874717 11.131799387044188 -0.01124609826248898 0.03983452997712193 0.9991430005236361 -5.6595122514293585
-0.9938869320489512 0.10963662848275126 -0.012983681961185057 48.81332020684207 -0.11007237024564676 -0.9931277436856153 0.03976629264134515 11.029977456895569 -0.008534612518387715 0.04095234324025027 0.9991246498672274 -5.700346000913875
-0.9943196555787814 0.10575813988685118 -0.011984922918731544 48.49821165203572 -0.10612303994619747 -0.9937152780735385 0.03560683243160446 10.936255250924578 -0.008143888645647865 0.03667644981330084 0.9992940083413034 -5.767171427938355
-0.9945169740802421 0.1036314648257079 -0.01401812271196629 48.15118833862261 -0.10408829290882375 -0.9938733117442555 0.037168097635561635 10.845948304078243 -0.01008045364142093 0.03842342645571232 0.9992107008803512 -5.7138114250945184
-0.9943593966132468 0.10527192826037819 -0.01293102808315183 48.061673411227446 -0.10568827621689691 -0.9936947211061805 0.03742712273223767 10.817006364789565 -0.008909468965443222 0.03858266924481814 0.9992156919287813 -5.737496697575743
-0.9937687083914445 0.11109905406569667 -0.008986345626112306 47.67666283109145 -0.11134120459000481 -0.9932119837469904 0.03366142453643866 11.173561393980306 -0.005185593741444842 0.03445222093106597 0.9993928927556389 -5.818579512871632
-0.9960185888995733 0.08876864358591072 -0.008191366334651666 47.0994034722346 -0.08898473508822684 -0.9955338727105653 0.03152816530002576 10.72696697243109 -0.005356070181490984 0.03213154527602342 0.9994692973325356 -5.798649949545076
-0.9943812241759561 0.10551727023504841 -0.008490388005274602 46.93584198547951 -0.10575520146231622 -0.9937513694155856 0.0356938811046739 10.81952468789195 -0.0046710138088515716 0.03639122788244737 0.9993267034174641 -5.794347633607403
-0.9941583097441369 0.10771842532887696 -0.006782035930080902 46.794543810704695 -0.10788497930816761 -0.9936130343684819 0.03307520480269627 10.675606217277158 -0.003175910320907122 0.033613669507073396 0.999429854875224 -5.770791777366299
-0.9934519214214008 0.11316907720664057 -0.015685655495661907 46.6690060190882 -0.11375495925722953 -0.9925515633861526 0.04360278963655946 10.80181346174852 -0.010634334418151141 0.04510159624560482 0.9989258015226115 -5.609265593656621
-0.9933210950342128 0.1151563635921631 -0.007225931376761934 46.53453532285857 -0.11533454153601744 -0.992768246816008 0.03330392833502913 10.808733949439384 -0.0033385159441247183 0.03391489404520158 0.9994191484423324 -5.761502247720896
-0.9936039288264811 0.11284494915800329 -0.004153320372260743 46.17205916720439 -0.11291561945792278 -0.9932519124900312 0.02647076155560437 10.731682353738863 -0.0011382016610159184 0.026770427423318335 0.999640959901384 -5.866380405340219
-0.9937731163201637 0.11133397972085934 -0.0044427737766518285 45.89067183803469 -0.11140999085530306 -0.9934701239877322 0.024595257295298024 10.734867076911735 -0.0016754751377955903 0.024937074874873417 0.9996876187488537 -5.864322817953606
-0.9934264442180936 0.11438923339383247 -0.004359267342895821 45.84481809387794 -0.11446286930014328 -0.9931123111456264 0.025023768752457154 10.539765489634075 -0.0014667923415869022 0.025358247860803578 0.9996773518419154 -5.838083072216486
-0.9930074111301135 0.11787914558643599 -0.006386585667492842 45.59489775360244 -0.11800981710660657 -0.9926452458041962 0.02700183417463015 10.68061743579449 -0.0031566607579860025 0.027566701256070508 0.9996149821179786 -5.8450817159944926
-0.9931439552465716 0.11664527612883739 -0.007678783368807993 45.66919426697815 -0.11681676384051258 -0.9927571340244152 0.02805559711468633 10.533711421555392 -0.004350614097610316 0.02876025730866023 0.9995768703589174 -5.917020345773866
-0.9932597867607101 0.11564659055656332 -0.007801416327445666 45.4651208196514 -0.11583711910810363 -0.9927662797301385 0.03157333792169751 10.370546520244956 -0.004093634180889634 0.032264220483763276 0.9994709911927269 -5.890538475302584
-0.9925772392707837 0.1208121078523936 -0.013959178982035943 45.141445388643916 -0.12120398746591292 -0.9921164071994424 0.03185322570845856 10.52372748434881 -0.010000875159374579 0.03330869498994402 0.9993950736991423 -5.869204035298168
-0.9929577121791858 0.11748729332487963 -0.015222277460179734 44.9264626537831 -0.11791536821758448 -0.9925334479935987 0.031198085711303544 10.655942446537917 -0.011443240886728894 0.03277332026409334 0.999397299234334 -5.909890528643157
-0.993107405527864 0.11631188620816268 -0.014464653898993375 44.846790087972934 -0.1166908593569882 -0.9927472762938191 0.02891519935493623 10.998734835585193 -0.010996564383700834 0.03040379150547658 0.9994772058600713 -5.8627108532468934
-0.9932805257111472 0.11422558418158395 -0.01860949116356669 44.7916922770731 -0.1147316417546903 -0.9929767726110634 0.028875239136599222 10.937440871348096 -0.015180501416771453 0.03081631018305158 0.9994097795216155 -5.87340188216939
-0.9932763027192535 0.1146427142225901 -0.01610076184711432 44.62582010657018 -0.1151241492355869 -0.9927996865665162 0.0330939966793903 10.506986068521769 -0.012190845711498552 0.03472506917360169 0.999322546954555 -5.850610185216233
-0.992969147873004 0.11784548231717391 -0.011167527470305503 44.49304836102005 -0.11814212807776393 -0.9925036216189046 0.031288954067143576 10.575948468918916 -0.007396549575564424 0.03238832151859781 0.9994479914850959 -5.827437150026901
-0.9926964216751143 0.11981751775653605 -0.01405620262007797 44.43099526932223 -0.12025241237185272 -0.992096702337363 0.035825836069715615 10.578587684187717 -0.009652549517339001 0.037254471543777465 0.9992591919206121 -5.790101096934585
-0.9925918253886121 0.12129351916997923 -0.007024982495741194 44.33625350872703 -0.12146185560900427 -0.9920326758780208 0.03343931252754783 10.547945625883726 -0.0029130402881553737 0.0340448556710125 0.999416060506647 -5.801776234124959
-0.9920623687893423 0.12556952410656724 -0.006674657124460385 44.382237415666566 -0.12572842269734136 -0.9914264001968897 0.03558169077883196 10.920334747418101 -0.0021494553074471625 0.03613845055188167 0.9993444812643986 -5.813442936982155
-0.9922897393987026 0.12361068767076741 -0.009026127498491535 44.21762340512933 -0.12384880907412701 -0.9917183346945061 0.034003192816031716 11.04277230536963 -0.004748218084552979 0.03485889447938315 0.9993809643477849 -5.8166739094183555
-0.9912416184385597 0.13180133900753496 -0.008274110896741425 44.357413077494 -0.13201763293798668 -0.9905725597434617 0.03656977545386133 10.707267231251935 -0.0033761618385626337 0.037341811942074206 0.9992968480947676 -5.831209307399746
-0.992056884027043 0.1255115012899981 -0.008366713721117656 44.08171183389837 -0.1257292338895628 -0.9914495515590748 0.034927731945569924 10.753764283172556 -0.003911342493682277 0.035702237426383156 0.999354817691228 -5.823708448054997
-0.9923991506582505 0.12265465886794845 -0.009988014355830173 43.95711602757383 -0.12291838848141907 -0.9918831522944651 0.03254046661503202 10.967554069636723 -0.005915703332352506 0.033520842059528676 0.9994205108970464 -5.8227944342378715
-0.9920070818349239 0.12587563242391764 -0.00879060585179833 44.08586430996446 -0.1260865664695536 -0.9915587216327525 0.030223820240689037 11.135706363822624 -0.004911959413722917 0.031090621027909476 0.9995045002093921 -5.846499301086837
-0.9926315549121875 0.12078399826797104 -0.009686173394316289 43.64259156771176 -0.12104109336421533 -0.9920993770501083 0.032983022511358 10.826890441075204 -0.005625825256616138 0.03391241393931601 0.9994089744799178 -5.855318384247083
-0.9926079955523018 0.12098401713683979 -0.009603893120982488 43.59963743400139 -0.12123830205040996 -0.9920747731540133 0.0329987664519176 10.810393869525209 -0.005535456763480692 0.03391919911859791 0.9994092488313158 -5.831286523715833
-0.9926237692169144 0.12057015427977645 -0.012684269098563947 43.421769317061546 -0.12094937316005322 -0.9920301545019043 0.03531885744356678 10.770860622696144 -0.008324777342635824 0.036592491796532664 0.9992955957204679 -5.841612727467048
-0.9927595587291316 0.11953020795535438 -0.011873834178729819 43.379001685580945 -0.11988510914054296 -0.9921370373620753 0.035939667510607856 10.72830197339938 -0.0074845947328242525 0.037102944365136 0.9992834194367148 -5.852297599248118
-0.992442862273384 0.12214399345026401 -0.01174776517644306 43.33739556450443 -0.12246370053471535 -0.9919540333771627 0.03209108471406712 10.880191172454062 -0.007733509808813554 0.03328724276360652 0.9994159055644656 -5.948082163304098
-0.9926895229168569 0.12006078881928277 -0.012366004981555292 43.18895216838847 -0.12044887519324486 -0.9919964478897673 0.03788292278548387 10.779606516086572 -0.007718779423884776 0.03909545193728009 0.9992056675590022 -5.880856711140778
-0.992723965284377 0.11966773354008732 -0.013370201922479213 43.12455522823309 -0.12007475979685657 -0.9921279250850941 0.0355560448598242 10.761844472277186 -0.009010039389293154 0.03690276162735073 0.9992782422200972 -5.856036825798593
-0.9930764427245596 0.11702348843196954 -0.010231425157688904 43.351560062764555 -0.11733960958054356 -0.9923063201934733 0.0394915551425847 10.486327455344334 -0.005531268302172425 0.04041868453211421 0.9991675209951881 -5.810790283655713
-0.9926334197016342 0.1208977597619904 -0.007913644923617133 43.103574729677064 -0.12110330504132095 -0.9920139923071303 0.03524526315611001 10.562122907651252 -0.003589373136583003 0.03594399465010693 0.9993473598549627 -5.879093933252337
-0.9925996980516703 0.12110840960042696 -0.008865244035080459 43.08583109329526 -0.12134468818855834 -0.9920106003737533 0.03450268677269243 10.701320093155788 -0.004615850535717491 0.03532310674569785 0.9993652845950135 -5.898237446235488
-0.9918699088979755 0.1269847528372454 -0.008303997205673843 42.983266153810185 -0.12718538350611444 -0.991380092369411 0.03145458116118529 11.047882275899376 -0.004238165302444033 0.032254999620005845 0.9994706863907439 -6.064153598698827
-0.9928544670327738 0.11898449330912116 -0.00909382455557278 43.014543823915076 -0.11923154477182205 -0.9922565629631193 0.03479586164975916 10.871920380906019 -0.004883239130051316 0.03563149742286239 0.9993530659216517 -5.9873405843718315
-0.9913954715868546 0.13068280862556772 -0.007551320865681444 43.383916310109704 -0.13086543143865922 -0.9908179761819055 0.033970235930409536 10.980383704080692 -0.0030426586165755655 0.03466614493316392 0.999394316885992 -5.983575778090705
-0.9921962145781061 0.12441118768295628 -0.008278173482503797 42.9020278746733 -0.12461695251709735 -0.9916703727977169 0.03256511723602632 10.903353059912924 -0.004157754471109934 0.03334258680067469 0.999435333067232 -6.0184588209410075
-0.9921196684024337 0.12500205508126036 -0.008546917251828148 43.01660901324902 -0.1252078603790226 -0.9916566035414935 0.030662230053528645 11.191156831158638 -0.0046427651626325984 0.0314907427351239 0.9994932605343795 -6.06254841696689
-0.9933562691641644 0.11478222900083339 -0.00826815686004214 43.036793666218095 -0.11501451524396925 -0.9926451252066149 0.03777984498039243 10.006840592821643 -0.0038708907834090226 0.03847980391254158 0.9992518806063887 -5.977592133074086
-0.9926766582716092 0.12035995286144577 -0.010321524592608051 43.25883727866758 -0.12066064283782257 -0.9920195600505243 0.03658143992710714 10.116343031135813 -0.005836213900179136 0.03755894333401445 0.9992773710952145 -5.926212794954605
-0.9923282582249522 0.12323974011220161 -0.009828244263966909 42.90494679117122 -0.1234969050625393 -0.9918164423352492 0.03238300717087463 11.006484532610331 -0.005756940872499151 0.03334833085075874 0.9994272091859803 -6.046837716097197
-0.9918363338216478 0.127223655998929 -0.008650333260046921 42.75438660789026 -0.12742841129037283 -0.9913948931067669 0.029969416374663885 10.971276790718361 -0.004763077498343143 0.030827054288280874 0.9995133845110149 -6.128376651176705
-0.9918783314697671 0.12685298281981028 -0.009257230172931665 42.71719214171101 -0.12708048016750667 -0.9914174959009375 0.03069039559726479 11.044454119585291 -0.005284611731593445 0.03161755163255904 0.9994860695915788 -6.154136127090979
-0.9917156390401475 0.12816283787861565 -0.00862428374389521 42.79599231524322 -0.12834942633825 -0.9913740140538303 0.026532791361729258 11.422077270155107 -0.005149372955764063 0.027419906011923453 0.9996107405947943 -6.208895514375469
-0.9922474443410065 0.12336541433724617 -0.015032755706792104 42.5189427111247 -0.12383879329672941 -0.9916410101766095 0.036222371688342206 10.665894791145215 -0.010438509163211278 0.03780319406238121 0.9992306820975548 -5.96704828112228
-0.9921759932400932 0.12423412375108389 -0.012356412660711533 42.71881005311796 -0.12458378404515623 -0.9916469053536391 0.0333960455076882 10.924458419081528 -0.008104269925868 0.03467416326837647 0.9993658105071546 -6.048217244792463
-0.9921277988441767 0.12472710993627394 -0.011206195052989093 42.88705439628797 -0.1250243756929993 -0.9916487031010045 0.0316505153303885 11.087245243230141 -0.007164931485840291 0.032802403647415886 0.9994361740860539 -6.108762186151499
-0.9935147257982238 0.11310137341496376 -0.011686272020501256 42.83540702135164 -0.11344504421695588 -0.9929329537856674 0.03484782961808557 10.005653557889934 -0.007662347205722854 0.035947581533772505 0.9993243016244459 -6.0302745356273295
-0.9911784271208527 0.13191996162642994 -0.012745561373396753 43.2140592235724 -0.1322356902755769 -0.9908133056792982 0.028332234402085876 10.893447396625307 -0.008890884521999296 0.029767717637639347 0.9995173010804149 -6.022253264966121
-0.9919372370020534 0.12611971181977527 -0.012423209699290673 42.93013332205137 -0.12642764666454512 -0.9915722895079678 0.028292133867806366 10.88080061547359 -0.008750314714388932 0.0296346582640254 0.9995224955057176 -6.07179445171052
-0.9919996389764316 0.12562951685298065 -0.012407286807677977 43.18054933049964 -0.12596701230712207 -0.9915249257829426 0.03179046022880542 10.457856852425488 -0.008308313972071695 0.033099033919870006 0.9994175433083633 -5.954505555311602
-0.99254753259406 0.12115384124547927 -0.013082136404924538 42.82376590658757 -0.12153945282934407 -0.9919894622154748 0.03442482039757737 10.26116027358607 -0.00880664223159825 0.03575826624610231 0.999321664654424 -5.992281503442561
-0.991780063120394 0.12752094248065782 -0.010522149293457076 43.36086511463962 -0.12777393683121196 -0.991392508047929 0.028543231300791637 10.98887851741789 -0.00679172022117471 0.029653064180309805 0.9995371770580462 -6.0098653845039145
-0.99214131658466 0.12473538760673464 -0.009833158407296563 43.37636823948553 -0.12497012615599923 -0.9917449603102513 0.028712388750731916 10.923857000727441 -0.006170534354430935 0.029715598224113196 0.9995393477637438 -6.035947554649623
-0.9928818523659719 0.11828414397911102 -0.013945914292198337 42.78100994745676 -0.11871532703388328 -0.992283795956706 0.0357706501058042 10.204057012252672 -0.009607204044607956 0.03717162311337059 0.999262714237636 -5.982359025709815
-0.9924545580748959 0.12201188742221514 -0.012126396168861764 43.2928255849623 -0.12231968346590238 -0.9920632227492855 0.02912828702670582 10.656217148980211 -0.008476154386111111 0.03039179816952511 0.9995021227645574 -6.0248184300458405
-0.9929173358211496 0.11805478548011744 -0.013350350222862682 42.671852105671526 -0.1184560580173744 -0.9923458674195983 0.034897589232346926 10.43493433026963 -0.009128337461663987 0.036231851187714374 0.9993017194094626 -6.0355561204636965
-0.9930839847561465 0.11684626229618207 -0.011452083141333703 42.75796287142082 -0.11718863773853995 -0.992451930440343 0.03613846911843429 10.165043895043802 -0.007142996979584766 0.03723058893772274 0.9992811720639542 -5.970558455524506
-0.9918560197787061 0.12720210430209408 -0.006423448440247837 43.39076738431974 -0.12733655500316107 -0.9914293750500782 0.029209519813502442 11.064699459577637 -0.0026528830868500063 0.029789577857489057 0.9995526715798437 -6.148386504984004
-0.991991202004052 0.12603606242722357 -0.00826838039808009 43.184058394862234 -0.1262076670207979 -0.9916805800057421 0.025322954500746495 10.711080710767776 -0.005007986794578251 0.026163681073571327 0.9996451279633983 -6.112551567377253
