9.997410345455770564e-01 7.044734407728735735e-03 2.163875141647203515e-02 -5.865630568022092012e-02 -6.051103965639552211e-03 9.989393446178818081e-01 -4.564613800962517842e-02 2.176045005656797482e+00 -2.193736507733617946e-02 4.550337890224516457e-02 9.987232822568733459e-01 -4.414393541643033991e+00
9.998134264724469755e-01 7.344283278469675331e-03 1.786543446296472507e-02 2.917075350506571907e-02 -6.451057248799042625e-03 9.987507479935952004e-01 -4.955125873887362281e-02 2.324105312037978432e+00 -1.820703451409960358e-02 4.942676284524075841e-02 9.986117859352766635e-01 -4.515906114003845673e+00
9.999011709765448508e-01 -1.318002042489245171e-02 -4.892375837336809287e-03 -5.163390824974738447e-01 1.303364485110684173e-02 9.994992541625756788e-01 -2.883340129693736167e-02 2.191727316094250089e+00 5.269950818513902298e-03 2.876678623090231021e-02 9.995722583326910327e-01 -5.370074273723101754e+00
9.991735696846090198e-01 -4.041492052330353246e-02 -4.337262133061222345e-03 -1.140807361193017844e+00 4.024854699027244354e-02 9.986345045659181796e-01 -3.330436541288454844e-02 1.453685759167150593e+00 5.677332902662898632e-03 3.310227317690084270e-02 9.994358445651397860e-01 -5.378754215514544690e+00
9.961080275451900112e-01 -8.809708682109750055e-02 2.775023183151016648e-03 -1.943542806127045219e+00 8.814057698826950615e-02 9.956798105984625558e-01 -2.920536688324120236e-02 -5.344626837155974641e-04 -1.901268154512413509e-04 2.933629254431776093e-02 9.995695802652000417e-01 -5.161275367176393125e+00
9.895454048189457064e-01 -1.442215912868022309e-01 -1.562319158251120922e-04 -1.621735143337666774e+00 1.441646081553908387e-01 9.891837378951567894e-01 -2.705731766395908650e-02 -1.731991451368924517e+00 4.056791479923087945e-03 2.675192124817091233e-02 9.996338715511895456e-01 -5.315123835900545046e+00
9.801454745161115589e-01 -1.982646588541482346e-01 -2.444143006189754188e-03 -1.192859001978415989e+00 1.981198620686042133e-01 9.797757209180523175e-01 -2.807235211784346249e-02 -4.082588300176348994e+00 7.960467291794141517e-03 2.703075561206479474e-02 9.996029057638523563e-01 -5.458129671210659062e+00
9.752263636392469737e-01 -2.211336560396391926e-01 -5.783236940829239794e-03 -3.554363204981095259e-01 2.208823189719761326e-01 9.748730190862751055e-01 -2.887209419445155301e-02 -5.943951993285279123e+00 1.202251340333738809e-02 2.687941264525003926e-02 9.995663841623091406e-01 -5.582714069584728378e+00
9.693008752126377470e-01 -2.456657556589328384e-01 -1.020538135200822413e-02 1.144082975849335382e+00 2.453514401089730845e-01 9.691069789281477886e-01 -2.518599271840629705e-02 -8.383381346913328258e+00 1.607744222404200798e-02 2.190889977347387080e-02 9.996306897861071405e-01 -5.720924843228346823e+00
9.633590443766344436e-01 -2.681704699094450972e-01 4.893943837538321240e-03 2.769591991354904970e+00 2.681999975865356212e-01 9.629505849755459757e-01 -2.819454184476270081e-02 -1.102937277264327953e+01 2.848317454196533632e-03 2.847402261362404902e-02 9.995904747064564555e-01 -5.298096181035696794e+00
9.626796405564854719e-01 -2.703942952018256740e-01 1.161183793996018246e-02 4.376775355785562205e+00 2.706259424274045644e-01 9.622195962984551043e-01 -2.991734922276914621e-02 -1.254829540462242754e+01 -3.083657457474021403e-03 3.194328758199426604e-02 9.994849260669912416e-01 -5.194614505873649257e+00
9.720281951679716759e-01 -2.348548324341754034e-01 -2.096540200176798350e-03 6.139165562431941225e+00 2.346965946285738125e-01 9.716330381507479741e-01 -2.909892856615084109e-02 -1.233105356596725599e+01 8.871091716720356027e-03 2.779292816999393359e-02 9.995743378436098281e-01 -5.560666950905053696e+00
9.756575447779644028e-01 -2.191380433605651934e-01 -8.418626368798608206e-03 8.070013187938673838e+00 2.188882521166096717e-01 9.754596722571070577e-01 -2.379833787038122123e-02 -1.227940083225549195e+01 1.342715171471230845e-02 2.137628948532346168e-02 9.996813321477348024e-01 -5.689252116388795244e+00
9.747926219069238396e-01 -2.231125751204130481e-01 -3.508546180891356989e-04 9.831718315627741234e+00 2.230090233016910894e-01 9.743857572543770384e-01 -2.897191028979631544e-02 -1.267114459290791650e+01 6.805865253647025610e-03 2.816336064734178968e-02 9.995801645266861879e-01 -5.470444326945819391e+00
9.728183192508808030e-01 -2.315557999503890518e-01 -2.535594452347757731e-03 1.173928549123824361e+01 2.314055719608341666e-01 9.724827758599758898e-01 -2.699466467943327855e-02 -1.320555142974572860e+01 8.716593105712985151e-03 2.567415363768114564e-02 9.996323618409010958e-01 -5.479928319015273885e+00
9.715421470904390677e-01 -2.367651860459942803e-01 -6.935640093420241889e-03 1.353362984248228607e+01 2.365739265944860059e-01 9.713805431701342252e-01 -2.127481154233011248e-02 -1.342199668066225016e+01 1.177428055409236902e-02 1.902858447443327508e-02 9.997496082971639719e-01 -5.523146188592286343e+00
9.704267317205386156e-01 -2.409278593282106751e-01 -1.502414595641836381e-02 1.475220847902026478e+01 2.406338329730328962e-01 9.704293349290719073e-01 -1.903324296660111048e-02 -1.359680703978136229e+01 1.916551045238130274e-02 1.485504993748239938e-02 9.997059621210901970e-01 -5.649600168611372375e+00
9.718435408146640642e-01 -2.351095284096448856e-01 -1.560903032896937895e-02 1.522645303059138122e+01 2.348917466837201484e-01 9.719120192539942860e-01 -1.459089337547586629e-02 -1.392113665267774714e+01 1.860106224620900958e-02 1.051363308366091293e-02 9.997717059422590591e-01 -5.688051917325299911e+00
9.739975214730909325e-01 -2.256159757848237579e-01 -2.064605615941013383e-02 1.580654545245968734e+01 2.254523037533237295e-01 9.742032013385627520e-01 -9.969013693175316285e-03 -1.422175126956733315e+01 2.236262275751112194e-02 5.055093704124548684e-03 9.997371450191534503e-01 -5.806444630540885221e+00
9.782184451010211834e-01 -2.065322015157731450e-01 -2.081161697678476571e-02 1.599439608967209736e+01 2.063567565076666332e-01 9.784228683492732781e-01 -1.027519998910833218e-02 -1.410857870515336465e+01 2.248472165217757154e-02 5.756772379438387238e-03 9.997306121470900253e-01 -5.851845477662566353e+00
9.823454433905131067e-01 -1.858676966237144124e-01 -2.122802868123113001e-02 1.634866689649401295e+01 1.857019698882048930e-01 9.825597491567064079e-01 -9.545560054310450043e-03 -1.382296792885649239e+01 2.263201779639985312e-02 5.434950681014436707e-03 9.997290898446230534e-01 -5.815009724098178623e+00
9.872742660219087085e-01 -1.575342283322724857e-01 -2.173684785466653904e-02 1.645306238544671729e+01 1.573200564914584154e-01 9.874836453810765802e-01 -1.124499579477947556e-02 -1.355728476329819721e+01 2.323625349375018148e-02 7.682252837267980299e-03 9.997004849028124918e-01 -5.783959495469328083e+00
9.920941727028120827e-01 -1.235111406096269099e-01 -2.222949919435373775e-02 1.718935754811936079e+01 1.233315299755210342e-01 9.923221102261862159e-01 -9.282417257694131063e-03 -1.312347177410716981e+01 2.320530549292469311e-02 6.467433923725105817e-03 9.997098009399638663e-01 -5.765705896008912923e+00
9.961895132960080224e-01 -7.994226661564031444e-02 -3.486671202474534575e-02 1.753490691541664859e+01 7.973425387220155203e-02 9.967892907446060935e-01 -7.318375250594217479e-03 -1.284219067985306673e+01 3.533981265521864840e-02 4.510417410737014784e-03 9.993651753869928767e-01 -5.961364790232094535e+00
9.979008848573762691e-01 -5.206658505651405588e-02 -3.850837209514529347e-02 1.789085897584839202e+01 5.192699559521302133e-02 9.986402110087014838e-01 -4.616934583790343813e-03 -1.221521521762861617e+01 3.869639685190476297e-02 2.607619038329573279e-03 9.992476115526275349e-01 -6.019931952594741453e+00
9.995928981160939752e-01 3.462838678677675024e-03 -2.832043050791434313e-02 1.850976488975273426e+01 -3.631698742119634019e-03 9.999759219997262916e-01 -5.913221207075804176e-03 -1.140809045652147091e+01 2.829927207746938539e-02 6.013665195434329813e-03 9.995814059048930833e-01 -5.815543446622438495e+00
9.985675205513335762e-01 4.917418688478968070e-02 -2.109043015639337770e-02 1.912142149098735899e+01 -4.947556074858079633e-02 9.986770155023534379e-01 -1.401383587479319674e-02 -1.078274145755178814e+01 2.037340885996791889e-02 1.503722220132191166e-02 9.996793516722712880e-01 -5.659775257813273619e+00
9.966038673260205760e-01 7.787158463155907651e-02 -2.677214854638283736e-02 2.050626047613055647e+01 -7.830876877075701459e-02 9.968057221896559073e-01 -1.568722230245219243e-02 -9.830616191362992140e+00 2.546504200718640448e-02 1.773044040424190740e-02 9.995184656216431485e-01 -5.681880211492146060e+00
9.962666938929040095e-01 8.326119072150801881e-02 -2.280896225915171605e-02 2.068489142573427131e+01 -8.367696159881977958e-02 9.963317397028450539e-01 -1.792290596671817712e-02 -8.065550243871767222e+00 2.123301055649858687e-02 1.976457893148369019e-02 9.995791717929944920e-01 -5.625560419692717140e+00
9.967907738865761091e-01 7.432611742843960034e-02 -2.972846048174128397e-02 2.059828263746819488e+01 -7.480724014951446732e-02 9.970789137288825765e-01 -1.541157417152282626e-02 -7.642226406362256697e+00 2.849613861233690065e-02 1.758601902777557485e-02 9.994391937576498908e-01 -5.795933614973248993e+00
9.987812384454076708e-01 4.282276782187519754e-02 -2.454074745258507870e-02 2.054055080345252193e+01 -4.313992491620737696e-02 9.989902985132507185e-01 -1.254313974370586775e-02 -7.512231110552191282e+00 2.397883666239421577e-02 1.358653864970448856e-02 9.996201385325519384e-01 -5.764869472474101642e+00
9.995873373737695911e-01 -9.615144234474570784e-03 -2.706850500799877490e-02 2.101056485374612137e+01 9.212673252906148497e-03 9.998457364921674584e-01 -1.495425925850089009e-02 -7.676134326404937980e+00 2.720811668515467352e-02 1.469871490251860140e-02 9.995217187068330400e-01 -5.789221136412832536e+00
9.981317331530792369e-01 -5.375300779968982673e-02 -2.904578154081597155e-02 2.186303093311441614e+01 5.336536110416410100e-02 9.984774562631061334e-01 -1.396093007571987295e-02 -7.789354934465887226e+00 2.975200005129890676e-02 1.238480871242891683e-02 9.994805826058373865e-01 -5.757901592884241637e+00
9.937075825776373605e-01 -1.093621610029693880e-01 -2.419004068761758733e-02 2.282660775020094590e+01 1.089860169413487678e-01 9.939086362129265773e-01 -1.636065318440282218e-02 -7.597076492667569347e+00 2.583192673743161041e-02 1.362132894107144845e-02 9.995734945259958648e-01 -5.704943663842712454e+00
9.847568124902167375e-01 -1.719459783338872505e-01 -2.624120402935855093e-02 2.400347216567284292e+01 1.715883895838384299e-01 9.850493525961457886e-01 -1.533615042762834918e-02 -7.834933299602191425e+00 2.848587042961723062e-02 1.059969267084320127e-02 9.995379941258615286e-01 -5.680139094549613965e+00
9.745041000980960710e-01 -2.235130103131535706e-01 -1.958808599000862877e-02 2.523746553496249945e+01 2.233090022340783465e-01 9.746729045543673919e-01 -1.207553927464281168e-02 -7.153960960988307249e+00 2.179101680097254856e-02 7.393466595930854590e-03 9.997352090621168808e-01 -5.660995624821378414e+00
9.703688974680498847e-01 -2.409776527366352394e-01 -1.771930326460121816e-02 2.566745192358412453e+01 2.407385078883153562e-01 9.704800709640938328e-01 -1.460830863703452623e-02 -6.479007740807328553e+00 2.071650661546938291e-02 9.909729717251535008e-03 9.997362770303888091e-01 -5.626377681449564960e+00
9.707314118708669781e-01 -2.395917145448886731e-01 -1.662336694637440992e-02 2.574645370994252147e+01 2.393503003777811278e-01 9.708131152353310922e-01 -1.527511034780858895e-02 -6.240237550009041456e+00 1.979797252900360183e-02 1.084922156250673134e-02 9.997451348594943443e-01 -5.631941016525769506e+00
9.705154507941459174e-01 -2.403453610784372640e-01 -1.827203267048577509e-02 2.572255521641781328e+01 2.401190110283107082e-01 9.706461835010145034e-01 -1.374216131840197766e-02 -6.590874346401777828e+00 2.103854350048232555e-02 8.949517472500743975e-03 9.997386087495009344e-01 -5.609243371469569084e+00
9.694667191416621588e-01 -2.444878305415471020e-01 -1.897317036736968776e-02 2.577235722184759226e+01 2.442157734035193539e-01 9.695959645606774258e-01 -1.556668007542048350e-02 -7.048885608091067567e+00 2.220217326349775699e-02 1.045783078546185484e-02 9.996988032790877776e-01 -5.658741608752672292e+00
9.641391595460663266e-01 -2.652683148855239370e-01 -8.270559086261387166e-03 2.580662736677781410e+01 2.650679074730126761e-01 9.640270905243883970e-01 -1.976798328006744779e-02 -7.259264664963219538e+00 1.321686262632731229e-02 1.686682699493770657e-02 9.997703859834214946e-01 -5.545410095710717080e+00
9.593889146835860027e-01 -2.820790372601605922e-01 -2.080173221592150710e-03 2.580676546007935102e+01 2.819507296601163615e-01 9.591293160930165485e-01 -2.397375763351279956e-02 -7.477135482631276808e+00 8.757649592150404394e-03 2.241365095925583820e-02 9.997104239850146401e-01 -5.511917758654059085e+00
9.615846890879652387e-01 -2.744727609451628747e-01 -4.425970033876758594e-03 2.593098980008818089e+01 2.743014460785913600e-01 9.613607133369032054e-01 -2.333014212460476910e-02 -7.048516527575278801e+00 1.065844223115883574e-02 2.121985748067321126e-02 9.997180178718921839e-01 -5.531523414267716099e+00
9.664506154819324513e-01 -2.568184386046686862e-01 -4.182992619395375228e-03 2.578113734955468317e+01 2.565974013271481446e-01 9.660883590878034388e-01 -2.882804306902883584e-02 -6.691253067814844080e+00 1.144471348476419625e-02 2.678753493129508445e-02 9.995756332091916274e-01 -5.559997285557158442e+00
9.698669575547974597e-01 -2.426875238405771795e-01 -2.146742684929678346e-02 2.612359604917974920e+01 2.421661182977439819e-01 9.699309564986395849e-01 -2.427984296154204677e-02 -6.264468133088299417e+00 2.671433682507771273e-02 1.834953399308407798e-02 9.994746814253140377e-01 -5.753390470125920864e+00
9.727008130425091048e-01 -2.311307034369578517e-01 -2.077802288907242695e-02 2.633590752481317665e+01 2.306122487393896248e-01 9.727337686823830376e-01 -2.463749168097349729e-02 -5.943532999916921078e+00 2.590596529380184004e-02 1.917324160660347637e-02 9.994804989435717157e-01 -5.758223008294256928e+00
9.756352969393411456e-01 -2.186660712062868661e-01 -1.791414718290038413e-02 2.637635350615424912e+01 2.183337548815139917e-01 9.756929973490122698e-01 -1.880282966575429898e-02 -5.518050232468802108e+00 2.159024885040694910e-02 1.443344128430531365e-02 9.996627115818965681e-01 -5.718197887284166114e+00
9.773239089969326665e-01 -2.112497492752365424e-01 -1.454373865637441365e-02 2.665883781521002405e+01 2.109063141406240516e-01 9.772564531674280408e-01 -2.209867412843781465e-02 -5.200668963191322547e+00 1.888130182407012081e-02 1.853019626901378919e-02 9.996500028848397390e-01 -5.675495453322367823e+00
9.773897434070601964e-01 -2.103811163497476822e-01 -2.119139839923373306e-02 2.709809704354123028e+01 2.099210452487521306e-01 9.774703521989955846e-01 -2.201965789114291444e-02 -4.956747334160743534e+00 2.534648386566640613e-02 1.707326727388554233e-02 9.995329205685233864e-01 -5.703560933599893801e+00
9.801563319428511223e-01 -1.964834579206845844e-01 -2.622624097856991396e-02 2.781439557828454667e+01 1.959818909197323100e-01 9.803928532686206898e-01 -2.051710728486933269e-02 -4.858978224037063143e+00 2.974329140935137381e-02 1.497010431971877373e-02 9.994454625405005954e-01 -5.780639632968968655e+00
9.825817915264001279e-01 -1.842796371911131492e-01 -2.395909592371469818e-02 2.870439280630556667e+01 1.837508112304771235e-01 9.827111231707268413e-01 -2.268232282351551055e-02 -5.379992578464669606e+00 2.772476028591799521e-02 1.788473408357862948e-02 9.994555887851386267e-01 -5.748735866970432262e+00
9.843542086169202454e-01 -1.739755476003766177e-01 -2.791595986717602604e-02 2.958704680065742210e+01 1.734110699169500169e-01 9.846142769922556770e-01 -2.152501738155694622e-02 -5.820824701944043333e+00 3.123127932722834579e-02 1.634730498176230340e-02 9.993784932704015134e-01 -5.728823350196506681e+00
9.869860566692277848e-01 -1.583584909497623705e-01 -2.794838608295334426e-02 2.991418283173543458e+01 1.577955719559621384e-01 9.872414788416542519e-01 -2.132650758174639560e-02 -6.065543127766707343e+00 3.096903956564639460e-02 1.663883405342858612e-02 9.993818428357220673e-01 -5.722376451519455287e+00
9.899873798184077867e-01 -1.377092596813478675e-01 -3.100238052631969915e-02 2.958410432456923900e+01 1.372271201592834278e-01 9.903904980697625371e-01 -1.718658854797301336e-02 -6.034923772128877317e+00 3.307121547619936569e-02 1.276013836691575545e-02 9.993715393064702690e-01 -5.761164020818634768e+00
9.920740735583748471e-01 -1.220693861203679398e-01 -2.980096551269293889e-02 2.933086667287848215e+01 1.216645195657960754e-01 9.924572133010809427e-01 -1.504740660302095190e-02 -6.069540420597972386e+00 3.141301087314319479e-02 1.130242181344954036e-02 9.994425836480226311e-01 -5.767614987900459234e+00
9.939746094202089877e-01 -1.049274380027397369e-01 -3.169713839014936391e-02 2.987537019196740928e+01 1.045952403856068302e-01 9.944428688215712908e-01 -1.196730289582025215e-02 -6.418576540336340841e+00 3.277669166679567786e-02 8.579825412232752399e-03 9.994258727285758592e-01 -5.756896528795229173e+00
9.968761776113440609e-01 -7.084538320083899610e-02 -3.491157673497864017e-02 3.054245680309544397e+01 7.031003635145663400e-02 9.973914776193487652e-01 -1.633215113048092776e-02 -7.292304636907687154e+00 3.597756661105456361e-02 1.382649816180160293e-02 9.992569452594907142e-01 -5.732300650237714734e+00
9.989685686913426510e-01 -3.253174224328891223e-02 -3.167782368450255959e-02 3.115045976034883424e+01 3.205647891673495814e-02 9.993674542455419640e-01 -1.539719306384974493e-02 -7.985509371244631893e+00 3.215868352764376936e-02 1.436583242978794334e-02 9.993795284737265749e-01 -5.701826624454976233e+00
9.995100602640888399e-01 3.108597213694616959e-03 -3.114443857642199345e-02 3.109716396783361958e+01 -3.737141670881671644e-03 9.997901094211422146e-01 -2.014375525546727511e-02 -7.847976305482163184e+00 3.107528283072049854e-02 2.025027720855731087e-02 9.993118897871511308e-01 -5.670777224321311927e+00
9.991329952473979592e-01 4.500754727197366599e-03 -4.138841643320804314e-02 3.126335910034492471e+01 -5.041206901222683619e-03 9.999032691471622103e-01 -1.296296963649491013e-02 -7.664010435965072254e+00 4.132606974951887752e-02 1.316037825076599860e-02 9.990590374964607445e-01 -5.815474614952210075e+00
9.993876285950703542e-01 -1.408596730795784425e-04 -3.499068404124336396e-02 3.139226650983404454e+01 -4.856858946971653358e-04 9.998397192870387418e-01 -1.789692278653642540e-02 -7.838987824893015599e+00 3.498759666415107716e-02 1.790295770447035764e-02 9.992273776198782320e-01 -5.710349247523018867e+00
9.992299563412707641e-01 -1.558314860955849895e-03 -3.920543336090473452e-02 3.158490349491788152e+01 8.864737644483523110e-04 9.998525696096604021e-01 -1.714797974177281054e-02 -8.023874314908811201e+00 3.922637524022787314e-02 1.710002046061436659e-02 9.990840208840092718e-01 -5.750296419112897794e+00
9.990999484059692737e-01 -6.040073174501048997e-03 -4.198583822238505930e-02 3.150583543270021281e+01 5.292136900698353810e-03 9.998257336589592148e-01 -1.790239091150295017e-02 -7.905561928649362358e+00 4.208665325508651606e-02 1.766408303226265145e-02 9.989578038077561173e-01 -5.800830302518456882e+00
9.991344795717996830e-01 -5.621956603125163529e-03 -4.121511051473330384e-02 3.088879558771831313e+01 4.846772105398664682e-03 9.998099314218028555e-01 -1.888411582490081078e-02 -7.917113288274483018e+00 4.131344249693350706e-02 1.866801098892212699e-02 9.989718238442814036e-01 -5.777978508706718586e+00
9.989923069206719797e-01 -1.275000158623895707e-02 -4.303264078423259253e-02 3.035262085575212510e+01 1.211641580967369458e-02 9.998147944606421422e-01 -1.495223212603991048e-02 -8.327184528636019323e+00 4.321531188411097124e-02 1.441576349607590762e-02 9.989617723324473175e-01 -5.805229885800121004e+00
9.988111871206191150e-01 -1.216632811305347513e-02 -4.720373865431793520e-02 2.997167973996398516e+01 1.141344858559284643e-02 9.998038465838591238e-01 -1.618646185869805285e-02 -8.239258995474255443e+00 4.739140928568861405e-02 1.562846174019000625e-02 9.987541266545795215e-01 -5.949392198670825138e+00
9.988364193686753989e-01 -8.723118744245592429e-03 -4.743115581700899086e-02 2.950061830955239017e+01 8.048667955648293806e-03 9.998640351448073726e-01 -1.439201751260657872e-02 -8.225985339871625612e+00 4.755025012450843358e-02 1.399351361585950485e-02 9.987708222058648833e-01 -5.905394110876696523e+00
9.990016362955171925e-01 -8.779017100809232560e-03 -4.380250606555509407e-02 2.895635778080830747e+01 8.274515392568793093e-03 9.998974832191476203e-01 -1.168569411855762373e-02 -8.034154566731768199e+00 4.390060448214162803e-02 1.131158303501544372e-02 9.989718639758301544e-01 -5.863514781338462711e+00
9.989054677120959846e-01 -1.371932049590698227e-02 -4.471741070331843038e-02 2.830769223565140891e+01 1.299793880432672730e-02 9.997813005786139184e-01 -1.638305832786425900e-02 -7.921039184634451225e+00 4.493239545937484369e-02 1.578389237374011947e-02 9.988653305525307946e-01 -5.867042841545148768e+00
9.988508417910008097e-01 -1.489128955473560841e-02 -4.555486086913355936e-02 2.760997516533983642e+01 1.403966950935663614e-02 9.997217102665775235e-01 -1.895757636770510277e-02 -7.837875889836535492e+00 4.582448617799370072e-02 1.829621592205206773e-02 9.987819406404265798e-01 -5.948475156426772159e+00
9.997487197068273268e-01 -1.056070761766429549e-02 -1.977293349945461604e-02 2.629204132217252621e+01 9.950087197886212445e-03 9.994782139450544278e-01 -3.072939332232961507e-02 -8.151182567791233069e+00 2.008714039663456186e-02 3.052492921888898258e-02 9.993321447281017234e-01 -5.686564587476798494e+00
9.997882152956436563e-01 7.929424153684935458e-03 -1.899075534418630251e-02 2.498669246256907783e+01 -8.540055607381654909e-03 9.994419948283211896e-01 -3.229189408828071761e-02 -8.260390493035645321e+00 1.872410227953830858e-02 3.244723726570365729e-02 9.992980460241321916e-01 -5.683376432276634915e+00
9.989225080553089109e-01 3.685602657240603236e-02 -2.820383317539222959e-02 2.377888811707666861e+01 -3.762635340855300520e-02 9.989192357625353846e-01 -2.728768866662929435e-02 -8.210475726948391895e+00 2.716763570254001822e-02 2.831949379643494344e-02 9.992296662136527230e-01 -5.753131342864707953e+00
9.959109668445662589e-01 8.542802553386212583e-02 -2.938364463621107731e-02 2.264241566674784067e+01 -8.611371805404623159e-02 9.960216694233383627e-01 -2.291858638865837058e-02 -8.472148542134499749e+00 2.730885720109074710e-02 2.535520641864244182e-02 9.993054286982726575e-01 -5.756125861064507632e+00
9.875452019740125209e-01 1.549179294574233590e-01 -2.747561083455033609e-02 2.121027750211009533e+01 -1.554563038168227107e-01 9.876663743982332377e-01 -1.866736421299467971e-02 -7.950110265220883932e+00 2.424482752503240995e-02 2.270612286749293038e-02 9.994481578964502511e-01 -5.763869439597423927e+00
9.742523824870732430e-01 2.228216516734726205e-01 -3.439195783562199599e-02 1.988982398354092496e+01 -2.236802923183117686e-01 9.743791780893441556e-01 -2.350200277271414714e-02 -7.302063010913403929e+00 2.827405253330604259e-02 3.058968537660554030e-02 9.991320478805112426e-01 -5.866030440760527043e+00
9.573515491884803108e-01 2.868984159820743840e-01 -3.416592122852001034e-02 1.866241731521904157e+01 -2.877029918660954366e-01 9.574788702337578838e-01 -2.147560306915961142e-02 -6.449747658363839342e+00 2.655183115557723655e-02 3.038933962532338467e-02 9.991854123732103465e-01 -5.843437718054792285e+00
9.347519167563136389e-01 3.539352939891079464e-01 -3.112333191098715438e-02 1.784370630393020107e+01 -3.546003525856769034e-01 9.348210591356685972e-01 -1.918794784703416884e-02 -5.518558305376394024e+00 2.230345413857225470e-02 2.897231549791246669e-02 9.993313568922862489e-01 -5.826313011292762134e+00
9.097001042864057974e-01 4.143475597640430830e-01 -2.760108655261774013e-02 1.710339246019633208e+01 -4.149941120432001918e-01 9.094986097959576465e-01 -2.433445599753868149e-02 -4.657355277853599596e+00 1.502022738769809990e-02 3.359134556404500677e-02 9.993227778212696588e-01 -5.705353483987456009e+00
8.897603811336148860e-01 4.548641394149329220e-01 -3.775021641364438574e-02 1.608469990141577455e+01 -4.558987268012574812e-01 8.896654681883512383e-01 -2.552852549980479113e-02 -4.334832109036150349e+00 2.197305317785563927e-02 3.992454617793791960e-02 9.989610680835008250e-01 -5.846618747664236615e+00
8.681515384174754990e-01 4.953712629727735628e-01 -3.033509789220739661e-02 1.515387764088099054e+01 -4.960287431083346688e-01 8.680737336151893579e-01 -2.008678714356922079e-02 -4.038152065274943858e+00 1.638268457049558285e-02 3.248545564009391179e-02 9.993379322422015765e-01 -5.784325095924539362e+00
8.457837079500343247e-01 5.328207134780069687e-01 -2.742273974421001112e-02 1.390499769101120719e+01 -5.333863908884515226e-01 8.456203058047121468e-01 -2.062174642791430798e-02 -3.796341654061997861e+00 1.220153192361806208e-02 3.206845333864421360e-02 9.994111951139951211e-01 -5.713002859291461455e+00
8.269746156499480083e-01 5.613678680091016560e-01 -3.129060302290119500e-02 1.256576281471534351e+01 -5.619969838794323103e-01 8.269707566401262033e-01 -1.669604062280145157e-02 -3.699324073988207839e+00 1.650379292895902059e-02 3.139242629955626279e-02 9.993708722941573308e-01 -5.828420114299795785e+00
8.174043724996788995e-01 5.755374649605636828e-01 -2.463165128801475881e-02 1.179054876001882946e+01 -5.759426023605981326e-01 8.173631678185105942e-01 -1.440731341337803464e-02 -3.965200740558320280e+00 1.184105588654472616e-02 2.596301832332647760e-02 9.995927726204478780e-01 -5.711323749137921624e+00
8.279662067887112453e-01 5.601034471946315652e-01 -2.749706996397197414e-02 1.184295509124327950e+01 -5.606022401850774273e-01 8.279386184879445887e-01 -1.558115258081133915e-02 -4.836108205669249038e+00 1.403882884665935346e-02 2.831558682005899663e-02 9.995004446360441497e-01 -5.784216024582720550e+00
8.452024333745307150e-01 5.341010753586310500e-01 -1.920645512649199471e-02 1.182400104616001002e+01 -5.343971110922081103e-01 8.450662968031386058e-01 -1.681313961554238220e-02 -5.850376059655064687e+00 7.250811959644260993e-03 2.447438064964159790e-02 9.996741621237102970e-01 -5.665417499660817313e+00
8.600169534469812582e-01 5.098604135683779681e-01 -2.032728362707293332e-02 1.185544174417797869e+01 -5.101927977983558016e-01 8.598841686405827023e-01 -1.739326294804878839e-02 -6.960577580684072174e+00 8.610973142391238622e-03 2.532933471642022719e-02 9.996420739166417269e-01 -5.670229917047477919e+00
8.692418242369293058e-01 4.941159400724562945e-01 -1.637341636824741695e-02 1.222228988778687686e+01 -4.943647450375111552e-01 8.690408926610916351e-01 -1.927240895190934084e-02 -7.343317745140810260e+00 4.706363909839955846e-03 2.484682372307944753e-02 9.996801916061067717e-01 -5.563484283807665243e+00
8.741479575615370701e-01 4.852963583338435472e-01 -1.878278144745859982e-02 1.272274799054322436e+01 -4.855964313005519672e-01 8.740044323443436625e-01 -1.767365696764142818e-02 -7.545654840309449440e+00 7.839272871995980191e-03 2.457024278169109288e-02 9.996673691636068781e-01 -5.607505376599853264e+00
8.763139091068782305e-01 4.813977572974992292e-01 -1.816953424719526880e-02 1.343476358997095410e+01 -4.816854073599088348e-01 8.761607241715704264e-01 -1.793192002179240171e-02 -7.998983443982555563e+00 7.287046201353769743e-03 2.446599043748886107e-02 9.996741040306945658e-01 -5.598103479682511541e+00
8.794583652054885903e-01 4.757015455332250786e-01 -1.615622008361929096e-02 1.418752305674232161e+01 -4.759437224531753996e-01 8.792865143759449609e-01 -1.824277100705632912e-02 -8.324558701118712989e+00 5.527832079950840104e-03 2.373320909405436316e-02 9.997030448381127865e-01 -5.566969591613092128e+00
8.821596729367410239e-01 4.702779986905550325e-01 -2.515780975658452739e-02 1.489769228597129747e+01 -4.706776181338906961e-01 8.822078203340697478e-01 -1.311264768141798438e-02 -8.575608887124619883e+00 1.602782680058403852e-02 2.340866696366916688e-02 9.995974905325816229e-01 -5.735262446838628847e+00
8.764383410279242836e-01 4.810053315772845339e-01 -2.212928761723848003e-02 1.617682394013252534e+01 -4.813313591726723351e-01 8.764460602184664939e-01 -1.274465395827314648e-02 -8.657656744897137102e+00 1.326488044453303511e-02 2.182142345849226797e-02 9.996738810357292948e-01 -5.662589891189227842e+00
8.638611021352494701e-01 5.031948957093136388e-01 -2.321407223571543207e-02 1.733861350445496186e+01 -5.035294362268530888e-01 8.639001606943970124e-01 -1.160255167032987235e-02 -8.271017105791562685e+00 1.421629595709233626e-02 2.171196177889157808e-02 9.996631871010216441e-01 -5.693168568885782932e+00
8.499775457624957342e-01 5.259688133713545932e-01 -2.991620063266263452e-02 1.817608851450039253e+01 -5.264432680897787042e-01 8.501449661649249645e-01 -1.053669717663230018e-02 -7.859993281742668536e+00 1.989113326379149393e-02 2.470513843652496003e-02 9.994968729077216008e-01 -5.762453804969598359e+00
8.428410737512352924e-01 5.376890612319666918e-01 -2.256984336124794738e-02 1.835191570037179076e+01 -5.380462029046191308e-01 8.427894840985258318e-01 -1.456602323429852935e-02 -7.530973151313921754e+00 1.118963528387770766e-02 2.442046118375310049e-02 9.996391514630600383e-01 -5.624811258649949686e+00
8.381299367481919171e-01 5.448240246414433052e-01 -2.655167226318781715e-02 1.864251633351253545e+01 -5.452415442617704056e-01 8.381954295935790666e-01 -1.183554897227814297e-02 -7.648825696034561972e+00 1.580719891415315048e-02 2.439680269902855247e-02 9.995773749343034309e-01 -5.674228712537707331e+00
8.380990982769941366e-01 5.447774252945958295e-01 -2.841581173713606662e-02 1.912688803447281316e+01 -5.452394986343898076e-01 8.381982887871218812e-01 -1.172679850854062462e-02 -7.635251203909878548e+00 1.742958967413319599e-02 2.532164220052917497e-02 9.995274002447654960e-01 -5.690487354445511237e+00
8.438011038691720644e-01 5.359636381274869299e-01 -2.725207724770770459e-02 1.942332218587149839e+01 -5.364018657917860589e-01 8.438760221788815796e-01 -1.209535310102474726e-02 -7.882645673075903581e+00 1.651470509144538010e-02 2.482413738070438775e-02 9.995554145314038408e-01 -5.639506089463306004e+00
8.489640479390188066e-01 5.273062048256972334e-01 -3.475933916683774522e-02 1.962662333502521506e+01 -5.278958799481824338e-01 8.492493446812726665e-01 -1.007424896273702991e-02 -8.104056186955467922e+00 2.420713202198097186e-02 2.690198711524582204e-02 9.993449343687701436e-01 -5.670276139759618417e+00
8.539987721502744211e-01 5.191285131846318235e-01 -3.452077583915375003e-02 1.985174529532005394e+01 -5.197111844992031715e-01 8.542815859020325142e-01 -1.016153015758180372e-02 -8.492699872259940719e+00 2.421532308805459180e-02 2.661876757894091061e-02 9.993523199254201739e-01 -5.640615558864165990e+00
8.624457705332433388e-01 5.052533133444535585e-01 -3.010618281635212001e-02 2.010930498337842209e+01 -5.057888337827206593e-01 8.625503294317306002e-01 -1.358619953955006107e-02 -8.728927916742629023e+00 1.910362557305987641e-02 2.694473142683776953e-02 9.994543676117983999e-01 -5.527172998460227582e+00
8.652460815562560414e-01 5.005505151699612965e-01 -2.825597484835663462e-02 2.035022749070114045e+01 -5.010260469703827768e-01 8.653346780878112821e-01 -1.299211899174953014e-02 -8.356439860214102566e+00 1.794766304499031614e-02 2.539835943029057977e-02 9.995162853748172926e-01 -5.510823194156184712e+00
8.757808484760596368e-01 4.812112332012781213e-01 -3.799545345772671612e-02 2.020943319036133090e+01 -4.817688800879148525e-01 8.762733439163391536e-01 -6.616110678756656482e-03 -7.836398780714612045e+00 3.011065627629918792e-02 2.409929008461451569e-02 9.992560095371096907e-01 -5.715562684929009762e+00
8.857060852470148848e-01 4.631292802004803311e-01 -3.218695974136924487e-02 2.046377453072277319e+01 -4.636221003886711878e-01 8.859809662241792116e-01 -9.606014765070825662e-03 -7.552253159834656948e+00 2.406820698773464232e-02 2.343069161281511117e-02 9.994357028358256123e-01 -5.589054059697893706e+00
8.896629123809977058e-01 4.560716253010551613e-01 -2.232879148129417526e-02 2.076733700864363996e+01 -4.563827501225435901e-01 8.897101151533605146e-01 -1.143225193817805525e-02 -7.128317625808338498e+00 1.465222591776161112e-02 2.036132581753865439e-02 9.996853148299252867e-01 -5.514746610482430533e+00
8.917344024867859265e-01 4.516711255663972135e-01 -2.833636799448234142e-02 2.118129885687418579e+01 -4.520850387127589576e-01 8.919175929815694737e-01 -1.010569651467296132e-02 -7.282659236398040470e+00 2.070925381606391821e-02 2.182204526498921632e-02 9.995473601319923018e-01 -5.546554675572431314e+00
8.874916687103177049e-01 4.599269800150087018e-01 -2.873518790698000036e-02 2.157171538010590695e+01 -4.603438923686003492e-01 8.876871559969891079e-01 -9.747504137141918198e-03 -7.282356755752492639e+00 2.102471708970666403e-02 2.187889696147510971e-02 9.995395315539286063e-01 -5.568197653217690224e+00
8.895708241235924518e-01 4.557738137892686225e-01 -3.056107871227393621e-02 2.123085214281001143e+01 -4.562428863017254921e-01 8.897956659723842421e-01 -1.030055900580137060e-02 -7.262236180863947510e+00 2.249839032338675840e-02 2.310635152390649524e-02 9.994798241846156728e-01 -5.567209237570863500e+00
8.893841137359105309e-01 4.562550771410647799e-01 -2.876113379528083547e-02 2.133229312178997361e+01 -4.566921736862583070e-01 8.895601483763628803e-01 -1.072384792617103039e-02 -7.570123556834880141e+00 2.069194838359823818e-02 2.267260469430441155e-02 9.995287871134409530e-01 -5.577012529722438217e+00
8.826378137617290065e-01 4.695571666158320223e-01 -2.159993050051912597e-02 2.129130267023141343e+01 -4.698160252243374080e-01 8.827207375930512523e-01 -8.775070688281429512e-03 -7.980932786853752958e+00 1.494630925413381953e-02 1.789320270078517683e-02 9.997281836263236521e-01 -5.515696064815520216e+00
8.824900799525842165e-01 4.699144344839710774e-01 -1.979098403038888343e-02 2.086128238105458976e+01 -4.701216046842530139e-01 8.825714062470315646e-01 -7.306824497697020707e-03 -7.927668327199196341e+00 1.403337430500394001e-02 1.575236930581899036e-02 9.997774388667053369e-01 -5.562779056374478337e+00
8.848876892118855420e-01 4.656287851110584297e-01 -1.279108897823683089e-02 2.095093782090897605e+01 -4.657681772464914438e-01 8.848277776066294509e-01 -1.182408728798957365e-02 -7.983004602094380786e+00 5.812275434828254560e-03 1.642067147569977945e-02 9.998482779914944496e-01 -5.426808579694654355e+00
8.836821231154414757e-01 4.679384404447244905e-01 -1.181191095228906196e-02 2.120334635958528580e+01 -4.680838880082584530e-01 8.834930108385761205e-01 -1.837317573147962194e-02 -8.060956893817804669e+00 1.838225573189582358e-03 2.176501214212181110e-02 9.997614241273742319e-01 -5.339877603365030367e+00
8.811407042502118481e-01 4.721730133430852572e-01 -2.537133784315379059e-02 2.167580733564726714e+01 -4.725062052369735088e-01 8.812819730261125528e-01 -8.942596477391748233e-03 -7.900252814502771948e+00 1.813684994688533059e-02 1.986780032396824255e-02 9.996380971052929443e-01 -5.509444716209076276e+00
8.809192213268315363e-01 4.728726181343038681e-01 -1.930835352218471940e-02 2.190878827182312705e+01 -4.731744491307739442e-01 8.808195943685337426e-01 -1.621057883729659990e-02 -7.372772429179332399e+00 9.341637261070014422e-03 2.341643002809052840e-02 9.996821517952704239e-01 -5.392207532079451582e+00
8.796071057716610131e-01 4.752408142458010021e-01 -2.091669072750514460e-02 2.212021948594787801e+01 -4.755748335983676078e-01 8.795357160908556793e-01 -1.566849604878078200e-02 -7.217299830588951970e+00 1.095066773703750121e-02 2.372957217342454989e-02 9.996584368075823734e-01 -5.446900451969964863e+00
8.781888132518064216e-01 4.775546979683910065e-01 -2.694287897947665600e-02 2.220104489207943033e+01 -4.779578481051479644e-01 8.783151185749192846e-01 -1.090173919252419160e-02 -7.062512598725620983e+00 1.845816117819267660e-02 2.245134586265161436e-02 9.995775274359040008e-01 -5.557278028316314789e+00
8.735875062762747945e-01 4.854322566853778720e-01 -3.464668883661101845e-02 2.242338226902042919e+01 -4.859104543221765549e-01 8.739844602391366735e-01 -6.495663239487057400e-03 -6.821767758521438907e+00 2.712746317692634607e-02 2.250971856435071347e-02 9.993785135331548775e-01 -5.685549854006686665e+00
8.672026600486627546e-01 4.966362056510927880e-01 -3.622189449778957793e-02 2.256370067617855213e+01 -4.971330225928727309e-01 8.676557309603185608e-01 -5.682462440658803821e-03 -6.574451322114411411e+00 2.860601776196352100e-02 2.293494643989221066e-02 9.993276159396384806e-01 -5.715006764898105551e+00
8.636391968970513755e-01 5.029425189041240030e-01 -3.429519297789502402e-02 2.262235659189974157e+01 -5.034181271735927998e-01 8.640191981375758834e-01 -6.404255049011618739e-03 -6.741295337290018175e+00 2.641073297067992459e-02 2.279578750724114630e-02 9.993912273258537260e-01 -5.701041582231532345e+00
8.593736171306004534e-01 5.103721972180559341e-01 -3.157857638783015397e-02 2.289461958942625586e+01 -5.108241495559409096e-01 8.596494668270810990e-01 -7.841072271375572333e-03 -7.223445944819962605e+00 2.314464107126891837e-02 2.286951006753513288e-02 9.994705153724910973e-01 -5.651735061631144141e+00
8.533167522614162337e-01 5.205094331834384525e-01 -3.033892346614392235e-02 2.241565642048541562e+01 -5.209240210446014485e-01 8.535719886179645721e-01 -7.281795485800852431e-03 -7.916397574032455253e+00 2.210621199465277395e-02 2.201795208072353585e-02 9.995131440743630913e-01 -5.622034024968825427e+00
8.512209916277033717e-01 5.236748771008011838e-01 -3.445934569619923948e-02 2.173130392438671166e+01 -5.241331065769611053e-01 8.516201561712342105e-01 -5.253207864404417157e-03 -8.714417965136064481e+00 2.659530038057879991e-02 2.253292471792311957e-02 9.993922939973687303e-01 -5.679813125182655575e+00
8.533076346269382606e-01 5.201275107049041502e-01 -3.651647977693586733e-02 2.165701194293746568e+01 -5.206821739159204210e-01 8.537213286469081952e-01 -7.068718380938355389e-03 -9.503248900473575844e+00 2.749826273732217108e-02 2.504527143549417981e-02 9.993080505655659307e-01 -5.755614368676260639e+00
8.533408297625706407e-01 5.203164703635958510e-01 -3.286637991164807759e-02 2.179744461829508495e+01 -5.207534133720741476e-01 8.536869978454935115e-01 -5.864483854715628330e-03 -9.612410453620340078e+00 2.500621365703435336e-02 2.211968304288633447e-02 9.994425490745433294e-01 -5.679043793135679863e+00
8.524350579923187787e-01 5.217464708626112779e-01 -3.369112714117040996e-02 2.194557310899702074e+01 -5.221990328387574598e-01 8.528043891882119976e-01 -5.730958348038864628e-03 -9.747908072762305309e+00 2.574183380993832343e-02 2.247874382012887001e-02 9.994158614252479644e-01 -5.690227436666900118e+00
8.567001496485154854e-01 5.140848829587474356e-01 -4.220884629437565011e-02 2.250351731499650043e+01 -5.145937561603453059e-01 8.574329697684266449e-01 -1.403023479337137461e-03 -9.986049634440680833e+00 3.546998326752216074e-02 2.292237918252593848e-02 9.991078244211754056e-01 -5.827660298533665184e+00
8.594046698462911582e-01 5.097895921657120688e-01 -3.921970379674392937e-02 2.303218506347463546e+01 -5.102567176056616027e-01 8.600192023730626190e-01 -2.248040902047193645e-03 -1.070369009190271470e+01 3.258367052195701441e-02 2.194409417401768300e-02 9.992280826448975972e-01 -5.761847683989310909e+00
8.637358357758511129e-01 5.032707156767515233e-01 -2.605748911162280440e-02 2.374039342644233130e+01 -5.035822587499789726e-01 8.639208937252634835e-01 -6.752633353819112103e-03 -1.189375451537594763e+01 1.911320666087024805e-02 1.895458063773283741e-02 9.996376389492277470e-01 -5.521032924950562304e+00
8.701819547881433081e-01 4.919271300733778496e-01 -2.812586458859033661e-02 2.475527534097092897e+01 -4.922986102786957030e-01 8.703911145478853140e-01 -7.834923978878461509e-03 -1.256646364304321395e+01 2.062629095961327624e-02 2.066413351340675580e-02 9.995736839810207552e-01 -5.516279807057419049e+00
