-0.9929847675929209 0.1013791910223996 -0.060856478341185086 130.61741942895682 -0.10395795000928594 -0.9937439764092608 0.04081242433598249 9.165662597299697 -0.056338228214188484 0.046852630427303164 0.9973118043339002 -1.0422030071474053
-0.9933198403054155 0.09871201618826178 -0.059763138435691934 129.51426058056543 -0.10135157670936938 -0.9939265743127289 0.042869835239801805 8.42400934279499 -0.05516840358538536 0.04864054620387686 0.9972916045524672 -1.1769677946302957
-0.993863203656979 0.0989314233164131 -0.04948237966471147 132.34412640701186 -0.10403239338774875 -0.9879980279428523 0.114180374439128 10.294199149880946 -0.03759246656859026 0.11862744312186559 0.9922269580069218 -2.018477857831113
-0.9960365686176937 0.07759778267505771 -0.043471118000412395 127.41876629300135 -0.08070115487145563 -0.9939215506314595 0.07488173871355686 8.499172954696332 -0.03739622412362799 0.07809311950656432 0.9962444414434828 -2.626287168535652
-0.9940637337169974 0.09332379876939179 -0.055928185129522676 125.51354072642957 -0.09592557612548348 -0.9943346516965875 0.04579174904309522 7.958294263084884 -0.05133787250778962 0.05088486040741285 0.9973841555928701 -1.6701387288383505
-0.9784520767626854 0.20260335897264994 -0.03979211494498217 122.14239432923992 -0.20389666274477677 -0.9784804578985076 0.031656664894910924 19.22178862923031 -0.03252206021053578 0.0390880089506443 0.9987063848579032 -2.7793511786777656
-0.9955489982871385 0.08387902238667143 -0.04297093916742329 124.29166190681288 -0.08732590970117582 -0.992472576913025 0.08586250386796337 9.128729527806001 -0.03544541584374892 0.08923280606968587 0.9953798917079866 -2.9732865989579484
-0.9946665561244226 0.09330097192160831 -0.04397011219077085 122.37319079577641 -0.09665658872324094 -0.991963558069292 0.08164437101780725 8.553583171574886 -0.035999249769573284 0.08545892639736478 0.9956911297762229 -3.0378224160229466
-0.9964035624859436 0.07463755912361157 -0.040114528956403085 120.49001574000168 -0.07776679129461594 -0.9934997585172793 0.0831297539864796 8.049502438450475 -0.033649172903123595 0.08595036122194233 0.9957310221986467 -3.0141963644821095
-0.997619325976569 0.05448183748352625 -0.042277769838114654 118.65179699215052 -0.05796949019607748 -0.99458979023313 0.08620143485133143 7.550612183432222 -0.037352625670397835 0.08844703809874063 0.995380280499415 -2.825310984933334
-0.990315466854375 0.13551950012072939 -0.03016191631900902 115.30047452380916 -0.13685523345692815 -0.9894369279726524 0.047803876824954086 19.031687309274723 -0.023364956333297802 0.05146873469469963 0.9984012460751851 -3.772874345867696
-0.9901907771785758 0.136790044022282 -0.028472945876348084 114.00453834050752 -0.13835560955397946 -0.9883621085095536 0.06323027571898689 18.861562222223984 -0.019492308622684553 0.0665494276379187 0.9975927142805482 -4.209846638751885
-0.9946763589574753 0.08812143338711449 -0.0534186662965898 117.57921282768885 -0.0916510721475994 -0.993488342408972 0.0676830441962149 6.841990640277039 -0.04710649536212324 0.07221860200302602 0.9962757909431678 -2.701531236105344
-0.9947917995924352 0.08747897943052887 -0.05231351279971184 116.6179407767547 -0.09082040487282297 -0.9937221793474021 0.06532904661633039 6.6505408421672945 -0.04627017962348139 0.06973993426190643 0.9964915514176542 -2.699801607875862
