-0.9889440624879253 0.14701529159003646 0.01939446592659815 128.10904689600642 -0.14767293074836918 -0.9882856720746949 -0.03852448437108957 14.749833427490788 0.013503584489626295 -0.04096259770287801 0.9990694264140823 -7.247879429450913
-0.9809323984621 0.18754741727492402 0.050966615748971926 126.1680962782245 -0.18820375323847108 -0.9820944575502139 -0.008356058646711354 18.627848166710827 0.04848687362936812 -0.01778883702382814 0.998665399602387 -11.170666827658978
-0.9867896534464502 0.15577265680927155 0.04450909167371693 125.4299491609155 -0.156592379617419 -0.9875409894152423 -0.015544158726703011 15.539948661945306 0.04153319752671239 -0.02230859958283695 0.998888041718321 -10.328657238576577
-0.9907703599104226 0.13483655887771123 0.013899507652767028 124.86936879784402 -0.13444766087441234 -0.9905822576319028 0.025896280626424583 12.875749557877723 0.017260371038048415 0.023788510985363505 0.9995679998563033 -7.437299365336294
-0.9837238994023006 0.17635581596145114 0.03443712998061176 123.08837568282905 -0.17700494396990746 -0.9840667918224868 -0.016786871132099906 16.59364240508832 0.030927973663652977 -0.022609188591536034 0.9992658730469559 -9.280407572569738
-0.9843633784416279 0.1732641284674597 0.03175344027651531 122.29848885334195 -0.1738810603540636 -0.9846057300798073 -0.01780261621653184 15.758550740096519 0.028180064462805698 -0.02304556530917509 0.9993371732735903 -9.002895987691257
-0.9911215632397256 0.13192012370692524 -0.016586978097330528 119.58687686271105 -0.13282213324931 -0.9880231181660978 0.07854042836938838 19.268012184882974 -0.0060272547941927455 0.08004622995803252 0.9967729296430357 -4.766134891227601
-0.9849193011684754 0.16527278286444008 0.05117496878404677 119.78782397889557 -0.16497004150464634 -0.9862467240461731 0.010113590566948874 17.078504203047125 0.05214264657418215 0.0015187338292002987 0.9986384920759863 -11.127219255917938
-0.9905038599198261 0.13649649252329682 -0.016456336553719465 117.42305446712997 -0.13733504539434127 -0.987898199528577 0.07208489907557548 19.245418336650566 -0.006417849364544086 0.07366040250391741 0.9972627318377582 -4.637633315756013
-0.9928822483845016 0.10384254315991276 0.0583229549407653 117.8022258388003 -0.1040058182844792 -0.9945766604236481 0.00023728363108945286 14.414667132901865 0.058031289886727865 -0.005830331948241808 0.9982977394662668 -11.47548933492962
-0.9936457512536186 0.10443962309848365 0.04195814751251604 117.2366458334416 -0.1047721851082647 -0.9944793311876347 -0.0058007816919133075 11.770737502276482 0.041120679022538596 -0.01015996888010095 0.9991025296680472 -9.956193096022457
-0.9964832920188659 0.06815122977808881 0.04874893441876181 115.82695058846849 -0.06842087099403985 -0.99764899317889 -0.00388211560280197 8.756746627182075 0.04836975438894993 -0.007203907888840947 0.9988035195029485 -10.537591489585818
-0.9934519576369827 0.09856791046358727 0.057771748234666645 114.63129063722826 -0.09870594613525766 -0.995116535241383 0.00046635472956099586 12.059207909185767 0.05753558954934597 -0.005239114050355076 0.9983297088733674 -11.440834904939228
-0.9959358911679964 0.06972927192070297 0.057004642976016554 113.4340034058756 -0.06953716882399177 -0.9975650203754665 0.005349044330376537 9.92901883005339 0.05723882279849448 0.0013633637496955607 0.9983595837191812 -11.154657909667002
-0.994530836547811 0.08720584125624227 0.05747657267359532 112.39958290232444 -0.0871158954339668 -0.996189855135941 0.004073485850241425 10.865293413017346 0.057612810365834925 -0.0009559158046295594 0.9983385449368992 -11.051166470773582
-0.99470983545081 0.08499096388977895 0.05769644109051086 111.25526072573177 -0.08506642635717421 -0.9963746170624891 0.0011513385238170382 11.057970353811909 0.05758512276832883 -0.0037627823035229005 0.9983335089563482 -11.066399729360901
-0.9938094554093625 0.09283529063153309 0.061027658912236576 110.30300519338219 -0.0927595122557726 -0.9956801837709084 0.00407977107294364 11.516929581177143 0.06114277737410999 -0.0016063808066142508 0.9981277374743636 -11.282824981367046
-0.9954541342346954 0.07171813525076895 0.06267037347273793 108.9997217669538 -0.07124604604233951 -0.997411232407921 0.009738295017685522 10.070181423868043 0.06320654680009799 0.005229009721822557 0.9979867683987335 -11.381598429623754
-0.9953418868241423 0.08223143263817391 0.050324147480443865 108.22124412302509 -0.0823498934988442 -0.996603439568167 -0.00028156993807877787 10.237122730326398 0.05013006457294967 -0.004424446538875372 0.998732897675221 -10.18788679822054
-0.9961788863069585 0.08058137957527486 0.033678891638093504 107.29592748674992 -0.08109725470319328 -0.9966044539674654 -0.014240702644675888 10.44879867352218 0.03241699794598206 -0.01691755295409756 0.9993312437056184 -8.988611844404886
-0.9957543831303203 0.08123349276611594 0.043293511405041646 106.2987874551053 -0.08170339576535778 -0.996614277964474 -0.009194350318027174 10.35351414568974 0.04240004241943302 -0.01269254152560961 0.9990200877822544 -9.629749721628746
-0.994813653166439 0.09707119900628662 0.030380549651424713 105.37773187569789 -0.09773225128396561 -0.9949893663771084 -0.02108477781350065 10.684850627278111 0.028181599184721157 -0.023944584355529687 0.9993159932410955 -8.569419515912136
-0.9892264561569325 0.1381428001891758 0.04845188536159009 104.26803374909714 -0.13853149074778745 -0.9903466770488981 -0.00474186982151526 13.381335964176186 0.04732910848932803 -0.011402894987776935 0.9988142617501533 -9.982825088847806
-0.9936679526818403 0.10243917572490993 0.04615425321556173 103.37701871149882 -0.10337511670918272 -0.9944729084177188 -0.018363541830839086 10.964292141952395 0.044018008342585783 -0.023018464327821418 0.998765520651146 -9.975939639560497
-0.9931431841588473 0.11050814295770942 0.03813877421819133 102.76494001458204 -0.11098660507426962 -0.9937647481618057 -0.010658274015757524 10.93489538613783 0.036723143287525066 -0.014818085265818019 0.999215609914167 -8.971505721692806
-0.9952075328013507 0.09172917934018895 0.03387808012601034 101.65748851586287 -0.0921678159921583 -0.9956757104024873 -0.01161780571982116 10.268338138684406 0.032665889712124356 -0.014684596422210462 0.9993584453424315 -8.849527035667645
-0.9886179703108304 0.14261811262598556 0.04790180298794648 99.6877471615269 -0.14329204586784508 -0.9896201446650469 -0.010925148243451081 13.737358043965576 0.04584646518000771 -0.01766474523268686 0.99879229993346 -9.652606566531642
-0.998000762249805 0.05655465245183114 0.028214355120478665 100.09791636891816 -0.05699372239544819 -0.9982617311905617 -0.015007719611597855 8.731125420647043 0.027316554620265648 -0.016585756735309192 0.999489228814999 -8.411346532085183
-0.9964080453389226 0.07668661615652521 0.03591893771167547 98.90942461903418 -0.07729173765682673 -0.9968837813818292 -0.01577065971548528 10.593721140458417 0.03459760792109625 -0.018490249331334575 0.9992302618545 -8.842852341069236
-0.9973054625283271 0.062121557441958325 0.039022128493381436 98.1090827678536 -0.06309909754410392 -0.997710444703152 -0.024338702088782412 8.876459210780936 0.03742082709252372 -0.026735381636174536 0.9989418907366395 -9.04182715232366
-0.9963124545859486 0.07858206519728202 0.03444345897638259 96.65679699349982 -0.07899977066504896 -0.9968146376224913 -0.010936839416245035 10.411931006871274 0.033474304649947974 -0.013617534684256461 0.9993468035058384 -8.810588958096101
-0.9902877706476447 0.13726586676355 0.02209554541929121 94.31491707021793 -0.13737523937791957 -0.9905128820809573 -0.0035034322517079612 13.181933441338783 0.021405020709734636 -0.006504786955319788 0.9997497250987833 -8.311946426095242
-0.9973999969452931 0.06374870646388707 0.03360578101627298 94.72147732308963 -0.06433881735448595 -0.9977870259651654 -0.01677997011371132 9.229378615503437 0.032461710906211715 -0.018898498347018497 0.9992942930314745 -8.55060253076277
-0.9971085224590458 0.07598994329422909 0.00035065323438818446 93.72941483166039 -0.07599041493096416 -0.9970797290156548 -0.007580951437550222 8.928334948483675 -0.00022644683793368397 -0.007585677571507594 0.9999712026941704 -7.143851034848402
-0.9978466051663405 0.06557165946473174 -0.0015843083857334972 92.56181303752491 -0.06557000059176638 -0.9978473903517626 -0.001077307097243111 8.798853282630459 -0.001651538802336053 -0.0009711041279156495 0.9999981646865003 -7.236045542729685
-0.9922603232781892 0.12300026028808111 0.017040739917284435 90.80627264379508 -0.12264176617285955 -0.9922352402875053 0.020693600981799575 11.35515728197904 0.01945374097356275 0.01844353275964244 0.9996406294571476 -8.528872530196544
-0.9941002945197628 0.10841401500645162 0.003317496933855302 90.1095709153697 -0.1084037383682535 -0.9941020063067444 0.003135373134065694 10.330230260992346 0.0036378487478693497 0.002757246286348831 0.9999895817704364 -7.518976161677766
-0.9932040240915252 0.11582969622379037 -0.011368729089479833 88.64627178401261 -0.1161722094198632 -0.9925580217950616 0.03650467269799533 15.659164984158224 -0.007055798106020462 0.03757731819841345 0.9992688131179241 -5.2251137405315005
-0.9930364851505036 0.11681688274336792 -0.015243197370074586 87.72583197720905 -0.11724598589146641 -0.9926125893142509 0.03120298586992781 15.75648684395557 -0.011485554069327572 0.03277290711826633 0.9993968273947772 -5.32283408634231
-0.9930111176307005 0.11721548653864862 -0.013764082873281297 86.7326703208083 -0.11761615107097198 -0.9925028554582842 0.03323436345727111 15.71713949781763 -0.0097653094720499 0.034620970851026694 0.9993528041228772 -5.450473217928532
-0.9926889430953901 0.11851824538741838 -0.0228492399534494 86.25962542850434 -0.11944548846563226 -0.9918328957035546 0.04472451548664531 15.825085795536118 -0.017361956726375687 0.04712677063619918 0.9987380186755931 -5.092612772533035
-0.9928565882908843 0.11858519677076357 -0.01316610019051968 85.045536821194 -0.11894326440099377 -0.9924186823164026 0.030946063449350563 15.659303550588348 -0.009396538778899585 0.03229102191344618 0.9994343374943493 -5.447065409278597
-0.9931107832233926 0.11547679591595997 -0.019901805204664974 84.20375173457771 -0.11623764048159778 -0.9923058458819048 0.04263706326506161 15.513860912125164 -0.014825086195076746 0.044656666171825045 0.9988923860885786 -5.159440627493718
-0.9936037187673674 0.11231849274227602 -0.011670742897159806 83.41876841181158 -0.11268736647154962 -0.9928949281299361 0.038225896085857906 15.09861193221865 -0.007294346398012227 0.03929653778597055 0.9992009680883404 -5.602792983517962
-0.9934119680296498 0.1142570403855491 -0.00883122289383872 82.40362575647072 -0.11444239549490655 -0.9931267226469453 0.02454080027068229 15.27820064294264 -0.005966564241901766 0.025389790997041112 0.9996598214514184 -5.625917815072919
-0.993676484835555 0.11193531197030096 -0.0088050791580014 81.42807525886656 -0.11215856465485854 -0.9931979254689937 0.03127838260940286 15.12504996266263 -0.005244030838007253 0.03206815832268657 0.9994719272507744 -5.692449554309201
-0.9932338979058609 0.11523807767203946 -0.01437391753085525 81.1411689375243 -0.1156625524927144 -0.9927270362635091 0.03339469152933482 15.163137465057956 -0.010421036493610782 0.03483126362798345 0.9993388739924441 -5.339485567223786
-0.9932453725885841 0.11497649281404496 -0.015621649450360875 79.9825063982626 -0.1155843290521816 -0.9922244928474425 0.046160791492309866 15.158072292865644 -0.010192777292018848 0.047654610415171425 0.998811866868464 -5.160541816652829
-0.9934623225363558 0.11306489301361435 -0.015777948805140635 79.13711505934964 -0.11357710144292009 -0.9928545769062704 0.03660643582895392 14.87092660934306 -0.011526305934766326 0.038159128450412895 0.9992051967375947 -5.210827432384529
-0.9936329350099663 0.11057074933911294 -0.021626369415070276 78.27770592296967 -0.11140234826340582 -0.9928864061721574 0.042025007316402116 14.632154769197781 -0.016825791657124226 0.04416665970086246 0.9988824750219552 -4.990870970727862
-0.9934942644695814 0.1119127777709272 -0.0210873572939032 77.77635060206885 -0.11279647153874582 -0.9925135288276155 0.046838564266702416 14.687225004415858 -0.01568765356753189 0.04891242445178782 0.9986798647513623 -5.036324669683885
-0.9932363860325218 0.11455035501076052 -0.01896569608459331 76.94822980901074 -0.11525600333963786 -0.9924633496979831 0.041623949841897136 14.721539864034204 -0.014054720034130056 0.043528331844628974 0.9989533268234325 -5.168693502884431
-0.9932211352788273 0.1136252850247128 -0.024516750161725047 76.3321537959574 -0.11474868564060976 -0.9920994148542999 0.05070986284256082 14.576360467576356 -0.01856113087052624 0.05317937239955871 0.9984124592431729 -4.894135869273876
-0.9934004256932883 0.11408025174554134 -0.011886563593969226 75.28515942007974 -0.11443280051102596 -0.9928094686591808 0.03513535410217762 14.447441282700488 -0.007792842844767104 0.03626368848249768 0.9993118714886028 -5.638109677453964
-0.993276851254662 0.11420916039292571 -0.018904085377755477 74.28078143314414 -0.11500319593934785 -0.9921911523447482 0.0482802457796217 14.435773488505182 -0.013242419920924202 0.05012968074053576 0.9986549220944648 -5.307607876588317
-0.9938280115596926 0.1108297707536201 -0.004758713483017788 74.01383967947709 -0.11091905558944415 -0.9934507546456113 0.027432848944516534 14.07466592471189 -0.0016871711412068222 0.02779136572330315 0.9996123215751102 -5.970997290351711
-0.9936368032934061 0.11222667183542193 -0.009543441182627685 73.39157212835063 -0.11244533379615858 -0.9932976554901878 0.026754709962302555 14.19276746130268 -0.006476885697021382 0.02765757990932902 0.999596472695472 -5.633499169291756
-0.9936813025517284 0.1117150990260021 -0.010826153920508189 72.57800515871767 -0.11199658992472293 -0.9932455025758193 0.03033373465541168 14.108860717560862 -0.007364292520880652 0.03135455728474501 0.9994811948872036 -5.6837209703613585
-0.9940346873193429 0.10906436810813067 -6.336491055567396e-05 71.78660668885865 -0.10905803542459261 -0.9939703645991371 0.011369221960645678 13.807076244611547 0.001176994165770971 0.011308311449374601 0.999935366299695 -6.26831028722669
-0.9936863192008146 0.11186552665314467 -0.008579217898609064 71.17542178083687 -0.11203572844367787 -0.9934395600787624 0.022931114726685457 13.895099426536234 -0.005957733229369616 0.02374751391467935 0.9997002355694647 -5.875821948260981
-0.9939138024388576 0.10982934173619194 -0.00853633500588809 70.53633769728711 -0.109979382260542 -0.9937379908686725 0.019731725263959957 13.737559294171136 -0.006315758001072969 0.020550454936497823 0.9997688682904576 -5.892274814732529
-0.9938112830995871 0.11079657439276824 -0.007953155775723995 69.7998795660541 -0.1109198526886665 -0.9936798996518326 0.017234944370615467 13.641263300097693 -0.005993318237022623 0.018010445046164492 0.9998198357733058 -6.157063356350081
-0.9938208340872732 0.11085634562341642 -0.005569593261480331 69.25438939730563 -0.11091616654906661 -0.9937582896420252 0.01191913444065486 13.58030273186647 -0.004213517786445242 0.012463242065210755 0.9999134531873697 -6.17655846909325
-0.9941447746919561 0.1078933748677377 -0.0059318304367298935 68.5834193242693 -0.10793990546211493 -0.9941237633159574 0.008180465717077557 13.275536955121444 -0.005014355542908713 0.00877284846373725 0.9999489453808755 -6.332819104507491
-0.9939052703570882 0.1102046058033779 -0.0026941447864800273 67.84870850701596 -0.11021965184091172 -0.9938874034443276 0.006281530288442693 13.207377739956085 -0.0019854229970579025 0.006540193759965762 0.9999766417077514 -6.53292301050119
-0.993938911505248 0.10953356919736337 -0.009372161685237142 67.15187528812197 -0.10979832634052068 -0.9933310177386299 0.03518261973133697 13.375285915437406 -0.005455980992320778 0.03599842242689974 0.9993369531115097 -5.817418172858337
-0.9935578685461004 0.11329757607800535 -0.002533989933969778 66.48499448631145 -0.11330857816649581 -0.9935485931520147 0.004728547297718027 13.123175765040605 -0.0019819091867553104 0.004985208170946484 0.9999856097641967 -6.596365240507227
-0.9928837847349425 0.11452760076852235 -0.03263768791785901 65.9884806671717 -0.11587313522449036 -0.9923396274048553 0.04284250710732665 13.3486084890713 -0.027481021517853636 0.04631946182977681 0.9985485971709869 -4.614993679134921
-0.9933523932578043 0.11483134288329688 -0.008048944068392048 65.19913023676328 -0.11494302761170641 -0.9932565364502229 0.015151013245437493 13.148529279552042 -0.006254855110436392 0.01597546526793425 0.9998528198175104 -6.017944085045348
-0.9933620709944845 0.11491246766176348 -0.005188514762508681 64.67067595162335 -0.11492407716328673 -0.9933722712949088 0.0019967750420033935 12.941613003773753 -0.004924672346838324 0.0025798058619639786 0.9999845459825842 -6.351341031192786
-0.9929865509586917 0.1176048053769826 -0.012116904200466681 63.990360960445734 -0.11792428962505812 -0.9925593472496458 0.030328272350807962 13.107110655088352 -0.00845999595666486 0.031544443878459456 0.9994665459778118 -5.672692090248085
-0.9928869445688283 0.1177365724644297 -0.017709173021556324 63.354036789989586 -0.11818462605118761 -0.9926289470383207 0.02683593983329639 12.969129589130526 -0.014419066194472866 0.028738006296942935 0.9994829751047086 -5.586857102742144
-0.9926375518906606 0.11826046226920951 -0.026175439640887296 62.93672687523587 -0.11922103961288444 -0.9921086542917796 0.038817029677492045 13.0057447868355 -0.021378360324038455 0.041651904437043544 0.9989034410625628 -4.939125545113832
-0.9922959406929763 0.1232212155486591 -0.0128568317618224 62.19407498893509 -0.12348992801724856 -0.992084693915006 0.022763957869026994 12.963381663740691 -0.009950063443824325 0.02417627221633877 0.9996581936337987 -5.714353323848083
-0.9925558712367062 0.12117105097157538 -0.012264537495897334 61.63615874201589 -0.12147366675618332 -0.9921992698629511 0.0280135175983822 12.782041928168235 -0.008774437779829468 0.0292947997069623 0.999532302605465 -5.725356716561168
-0.9923657578596535 0.12226394339267915 -0.01617809549065185 61.10709301385433 -0.12267353817902564 -0.9920698492136575 0.027360871912692195 12.804014375918564 -0.012704552659267489 0.029136616606176134 0.9994946982923307 -5.492718522085763
-0.992013966682355 0.12407344919737559 -0.022673092233168237 60.66992835143834 -0.12487158434179543 -0.991443271702962 0.03804374349224743 12.727760642372226 -0.017758866267811892 0.040571149838273424 0.9990188208786134 -5.206946870355632
-0.992540467706994 0.120813548079496 -0.01635562791305914 60.17067154942891 -0.12130170525157989 -0.9920616162302213 0.033160909302096774 12.409458718069393 -0.012219503551560883 0.034897509984606646 0.9993161899668374 -5.688083307271196
-0.9921039264384444 0.12435898516257192 -0.016267819606878797 59.48537262706566 -0.12475118492077472 -0.9918512561105487 0.025850098893233687 12.550983722440378 -0.012920565246547808 0.027675414382834728 0.9995334563847537 -5.51903988442044
-0.9921315357242777 0.12445488353155411 -0.013638100547110376 58.78451997879355 -0.12483245068234898 -0.9916727987011353 0.03165311316278634 12.466869514443056 -0.00958514882643469 0.03310652928659752 0.9994058648219801 -5.815148465637848
-0.9921472386318624 0.12425104451438132 -0.01433648535235912 58.32103763128705 -0.12467405919644138 -0.9916205326650753 0.033839299054778525 12.319744522957414 -0.010011784988460682 0.0353609549379251 0.9993244553333157 -5.930468854574683
-0.9921239811125986 0.12445904138775851 -0.014140478001985904 57.98096424588858 -0.12488683481865792 -0.9915516075339716 0.035052647343264125 12.072069752802433 -0.009658394807722069 0.03654253157122615 0.999285424088686 -5.97013714474259
-0.9921619848769798 0.12374181865370268 -0.0173941967693876 57.47292801131278 -0.12432634912247051 -0.9915158351123582 0.03793820811963541 12.083070880156502 -0.012552078666721611 0.0398034048509089 0.9991286875490196 -5.789701682414871
-0.9918605497105961 0.12646828155705486 -0.014779163975103666 56.93862616179582 -0.1268967039246916 -0.9913679161358432 0.03296788421372315 12.119444917929494 -0.010482197329146879 0.03457497095422179 0.9993471343445549 -5.791762973000025
-0.9917173766812666 0.12672095038539688 -0.020939090760035996 56.287981634128876 -0.12753251301785762 -0.9908797276792449 0.043506590278583286 12.130089664444096 -0.015234924082025376 0.04581665644435937 0.9988336853953691 -5.565980306983101
-0.9921600344721162 0.1234226312228637 -0.019629572035956704 55.83149432212649 -0.12403616203022065 -0.9916979022856701 0.03391608926475091 11.952570842396312 -0.015280592432978636 0.03608496507171035 0.9992318944022318 -5.620556382428556
-0.9917293773109391 0.12595936933505475 -0.024638982429802416 55.523649630060504 -0.12680534511365896 -0.991257131873974 0.03646509234311574 12.091755001628437 -0.019830447021375715 0.03928785799328453 0.9990311394472347 -5.534101014750614
-0.9916441813264163 0.12737285291048026 -0.02044441202155799 54.91403728234008 -0.12800811766450046 -0.9912056469455512 0.03354530183566084 12.111021614492923 -0.015991855847698477 0.03588205407580842 0.9992280714340712 -5.653664787501522
-0.9917953478150778 0.12557097407194764 -0.023956596648970385 54.689546062201266 -0.12640801341380162 -0.9912734774471488 0.037388595248116246 12.001707722144245 -0.019052616543535825 0.040110140618974326 0.9990136007194248 -5.432615890727881
-0.9917745143534843 0.1266104119054521 -0.01879138834798406 54.19197167554082 -0.12711525021377737 -0.9914734348164501 0.028673005011017418 11.987808071617852 -0.015000861375333518 0.030825827651574905 0.9994121984984966 -5.602826063897574
-0.9919742874855242 0.1247872535835248 -0.020375335841839145 53.790948760601566 -0.12537831747825778 -0.9916277355167832 0.030898408699802565 11.895181088739765 -0.016349020579487228 0.03320505228032729 0.9993148322871832 -5.568524524081251
-0.9925760209342511 0.12062929778165854 -0.015537541087116991 53.34299253212779 -0.1210498064916295 -0.9921994153187591 0.029786986914612908 11.505569225621851 -0.011823155867587518 0.03144666528927836 0.9994355007840777 -5.9033309177391144
-0.9924189937625336 0.12225323116857724 -0.012597153972647447 52.8310997369616 -0.12254504621945767 -0.9921269225435214 0.025824043281365717 11.505109710302127 -0.0093409028707054 0.027171989863984662 0.9995871300193896 -6.008942852669849
-0.9924528523473394 0.12232287187742776 -0.008628492527443512 52.17024565488888 -0.12253635311937101 -0.9919648805887394 0.03147249343114892 11.611247046452652 -0.004709355778004632 0.032292269883457146 0.9994673737916325 -6.035401407704999
-0.9927453995746132 0.11938137012183656 -0.01430594601157145 51.9360857414198 -0.11979569777394004 -0.9922551869075081 0.03284257678702973 11.533502823347819 -0.010274357318433383 0.03431810780027199 0.9993581465414273 -5.741456067614591
-0.9923172369358269 0.12308543974091016 -0.012509028892616592 51.813752057686735 -0.1233664291715766 -0.9920476703174943 0.024942814016980477 11.560346917337899 -0.009339455739198699 0.026294378513620383 0.9996106143019302 -5.764450101083507
-0.9926662439457473 0.12054168107673831 -0.009134071044224965 51.39649142405877 -0.12071571697650267 -0.9924477934064827 0.021796629038870332 11.427776114368744 -0.0064376863465076045 0.022739403813712013 0.9997206988497872 -6.13439135003465
-0.9931624821226831 0.11671375916519687 -0.0024864684686363644 50.6186846992462 -0.11673987954779462 -0.9929871733878816 0.01866210090841486 11.365907628589605 -0.00029090734544792897 0.0188247684893532 0.9998227560244077 -6.258881276600704
-0.9931709222461683 0.1166321689793664 -0.002907982782651383 50.584223605762865 -0.1166549919264638 -0.9931262203336446 0.009587666267002033 11.252710950907897 -0.0017697636375591174 0.00986142205661939 0.9999498088862713 -6.209004692450451
-0.9930399675081424 0.1177554496000742 -0.0022971767280728275 50.217449917656715 -0.11777342496090427 -0.9929828768764197 0.010697037123135538 11.36502749731866 -0.0010214227403117391 0.010893131768197516 0.9999401463967088 -6.173497866143408
-0.9934975813903024 0.11385283675008101 -0.00029552593831306384 49.77721573031682 -0.11384609105005408 -0.9934029766178063 0.013769299165343397 11.209367497515005 0.0012740974232468704 0.013713409891089042 0.9999051550346754 -6.112389812386167
-0.9939807201548128 0.10946166011113488 0.004524701784035934 49.40256548361053 -0.10943070127425236 -0.9939725011556589 0.006602163659674081 11.045625719032882 0.005220112943774951 0.006067282099738912 0.9999679687413885 -6.346321109633437
-0.9939697510724983 0.1095917542052799 0.0037123258341750253 49.15432936786855 -0.10955818812001908 -0.9939458759916299 0.008282452239544056 11.037262259929225 0.004597539423268601 0.007825791298706072 0.9999588089625522 -6.230294426455147
-0.9937896910613397 0.11122393970586046 0.0033593416796516336 48.94972087679761 -0.11116621412664958 -0.9937011517965147 0.014145449976240308 11.079944267297178 0.004911494371617618 0.013684157065326838 0.9998943049485048 -6.160351312782876
-0.9932185400389149 0.11625589152032029 0.0012245038945676737 48.7256911322977 -0.11622489030290398 -0.9931108426552623 0.01492075985457741 11.17511875761965 0.0029506943336232434 0.014677257488212995 0.9998879294778905 -6.0757362747399135
-0.9944572101996205 0.10458546457472609 0.010804521353652733 48.19703767094092 -0.10444826366471612 -0.9944509170594024 0.012567170610092507 10.838665178708146 0.012058909545174152 0.011368999929897849 0.9998626548387427 -6.2773892498286
-0.9939262998493822 0.10907761213087906 0.014580294906101333 48.031397596267624 -0.10886660184451115 -0.9939497359182262 0.014559720839478969 10.791400357962488 0.016080219853991863 0.012883982300505156 0.9997876922274704 -6.2593959921711315
-0.993852600650286 0.10998327716970922 0.012676234601858126 47.819917419179006 -0.1098291641424402 -0.9938746857611439 0.012274514530810823 10.80458495036941 0.01394858001532204 0.010806837937370545 0.99984431256539 -6.145465306330611
-0.9934570497123478 0.11364009756607225 -0.011358635570201031 47.84222295706465 -0.1140013348101943 -0.9927134707443607 0.03903409617476619 11.080669190428168 -0.006840032042110714 0.04007359764059665 0.9991733186658903 -5.431369268901091
-0.993231871166519 0.11575148676200206 0.009593925757748445 47.786947672055135 -0.11553590099136882 -0.9930896161958277 0.02060266453979276 10.822502382826539 0.011912417100313492 0.019354780195408615 0.9997417100443579 -6.01149562380332
-0.9933978674728636 0.11387081438203102 0.01393249914213294 47.2084455494712 -0.11372980461507654 -0.9934559273071355 0.010528629566256545 10.846895087503992 0.015040227477989809 0.00887457775329658 0.9998475050862092 -6.223776944652852
-0.9934286678180823 0.11373961916101827 0.012758565370150726 47.11112996178807 -0.11360177687999577 -0.9934648522377852 0.011055480897170974 10.795240243756293 0.013932632447109013 0.009533435963276143 0.9998574875210148 -6.160223907948405
-0.9935878795674604 0.111701146289589 0.01749226955654613 46.898210900507074 -0.11146493920924032 -0.9936705254639073 0.013944681831075176 10.638222868991827 0.01893918962698403 0.011905492089028708 0.9997497518651369 -6.154512480623827
-0.9934279728049211 0.11353872394906935 0.014485199781924474 46.69584591297333 -0.11335245344533208 -0.9934685669583752 0.013093042564474749 10.799481268057892 0.015877158014835607 0.011365061798747684 0.9998093574395492 -6.118426930364755
-0.9933203841755616 0.11414811279110389 0.016876691842507452 46.57074323824894 -0.11392861952916698 -0.9933979758150826 0.01344363413210599 10.721747323954713 0.01829983698003553 0.011431097616983178 0.9997671958880163 -6.258340318962063
-0.9937510881626488 0.11116981975947708 0.010002297246266625 46.58052082098224 -0.11091546568640742 -0.993560204052874 0.023149090564998243 10.531160124409961 0.01251136471870468 0.021895024481939057 0.9996819862615406 -6.160024252248632
-0.9934195754468866 0.11405870690337104 0.010399927810432693 46.26523962824352 -0.11386495338890838 -0.9933397577984813 0.017632298959574234 10.635471501024755 0.01234177899139943 0.01633208365118984 0.9997904498118318 -6.1424337625809455
-0.9933423915721201 0.11503887118271215 0.006078751746211662 46.0973341331478 -0.11491388722071337 -0.9932128601914898 0.01797255891822074 10.616201431259503 0.008105037298465569 0.017154371665889276 0.9998200017518895 -6.205023280605891
-0.9930987901767531 0.11713894406576555 -0.005767211859725897 45.97753903330355 -0.11723183797395338 -0.992904204492455 0.01994835498129716 10.877107853162189 -0.003389559665362415 0.020486788044243316 0.9997843779540232 -5.737788625879821
-0.9932145242659102 0.11627847631686851 -0.0020554154495582735 45.89591688124089 -0.11629565426085578 -0.9929781417491166 0.021673274060803847 10.661270428541377 0.00047915267096331263 0.021765246470070217 0.9997629941435227 -6.07773678498267
-0.9931954008227634 0.11633397144968662 -0.005413212655844312 45.77599415706823 -0.11643736447360871 -0.992843662152671 0.02652927963053493 10.651787303446348 -0.002288217418120407 0.026979058731169858 0.9996333800204124 -6.084127648542156
-0.9928304821343327 0.11947849069026123 0.003538927421052329 45.70782585354493 -0.11940084042219233 -0.9926962316924115 0.017251982209741105 10.574216959997532 0.005574320710946534 0.016705742906803406 0.9998449105249053 -6.1396072846694665
-0.9928381230556786 0.11946740586649786 1.8515086714509574e-05 45.597351129877566 -0.11944244399203842 -0.9926338207403789 0.020287939658009888 10.537906640759799 0.0024421262225852456 0.020140428443517346 0.9997941783995469 -6.104645971989759
-0.9926079223809777 0.1213367031009289 -0.00263000135419908 45.62061651125252 -0.12136437864573991 -0.9922882390985877 0.025194010053276077 10.546601150277972 0.0004472387051710882 0.025326962455617472 0.9996791209934885 -6.062177803213527
-0.9925358864007756 0.1219501235008253 -0.0008255814681876367 45.509818017468774 -0.1219402707291541 -0.9923127202131804 0.021119556757203825 10.537545434254724 0.0017562975623687574 0.021062589614142504 0.9997766164186994 -5.983935168728618
-0.9928243645878929 0.11958169159172943 1.0803446358538616e-05 45.38187603740557 -0.11956552541851913 -0.9926916226986597 0.016353206269850026 10.468939390654372 0.0019662685593935286 0.016234569904098325 0.9998662773231153 -6.074948113836681
-0.9920576854850084 0.12539298096817053 -0.009907017414340339 45.24016299650136 -0.12563529591593073 -0.991634007343682 0.029627148017144073 10.836207178878377 -0.006109098971950994 0.03063651095390453 0.9995119224433143 -5.561783119481729
-0.992166749695387 0.12397008807315678 -0.01538044414287091 45.14034132692539 -0.12444560223805061 -0.991600480329861 0.03523889177037957 10.768360661775354 -0.01088268728338287 0.03687688534473315 0.9992605578350299 -5.527175076911203
-0.9924099828717104 0.1225729538817491 -0.009914477962912062 45.03526566988385 -0.12278400715212794 -0.9921282690027026 0.024608645500499307 10.7530215541029 -0.006820079489384339 0.02563920479275422 0.9996479968935867 -5.756682243348139
-0.9922086408807392 0.12424924534299278 -0.009172676452219093 44.96365076959647 -0.12442626975419707 -0.9919792086170064 0.022256528629533204 10.714260142465065 -0.006333747441797865 0.023224441936844052 0.9997102124816318 -5.851184390303805
-0.9919318046834072 0.12608345395375067 -0.013200662733887926 44.94635858581085 -0.1264181933638412 -0.991562274760013 0.028682671761443634 10.84872719805853 -0.009472868844449053 0.030120058297493982 0.9995013991205881 -5.643896619823871
-0.9925198892301591 0.12183899159077294 -0.007715543448079081 44.98203646138988 -0.12197389049176015 -0.992322046003585 0.020477476738251513 10.38760970278651 -0.005161348744315244 0.021265397795582893 0.9997605429980405 -5.995168962011206
-0.992458948816653 0.12238507769450675 -0.0068649596838092205 44.8327671285235 -0.12251105049887838 -0.9922077397761289 0.022690166019854918 10.514879468928216 -0.004034528400285346 0.02336009173903634 0.999718974859705 -6.053745347601893
-0.9922928153494293 0.12381209696546788 -0.0050530437283038444 44.48513585292904 -0.12389608628760297 -0.9920303648983164 0.022924112247253006 10.616149737292684 -0.0021744904052321858 0.023373484222989908 0.999724437946158 -6.214998334674651
-0.9925980850636165 0.12143151942823582 0.0018513825630091742 44.48718607801024 -0.12139439714180661 -0.9925068040623989 0.01391561110482669 10.499334658304878 0.0035273035909406682 0.013587861465025532 0.9999014592199519 -6.388616792621914
-0.9924889162539532 0.12226770469104077 -0.004044688200754778 44.38342779002844 -0.12232951068786413 -0.9922063354572658 0.023708198863044844 10.52764648961837 -0.001114418200394798 0.024024909324399834 0.9997107390660729 -6.185667450427482
-0.9921487438805862 0.12446013454778083 -0.012269674996766254 44.5652957511448 -0.12472294101794923 -0.991908895738757 0.023683972178528637 10.696414080695776 -0.009222689413150301 0.0250283331979609 0.9996441989714768 -5.740911716553895
-0.9920448979506988 0.1253804432326007 -0.011254550403529478 44.51530925583952 -0.1256325654557474 -0.9917483694844493 0.025527046870765003 10.725263384460433 -0.007961089560905013 0.02673791464813713 0.9996107767392649 -5.716906078655578
-0.9923596679435507 0.12337819384674505 0.0003327492844674272 44.24164281300532 -0.12335463627839532 -0.9922161724022773 0.017049954017639243 10.506003806141207 0.0024337517532702297 0.01687864054043989 0.9998545835999945 -6.334021851564343
-0.9923403793306526 0.12344423656178083 -0.004700213779891907 44.20389016693786 -0.12351755785699492 -0.9921071710938333 0.021604952331279296 10.591572131124458 -0.001996108950216393 0.022020025519340326 0.9997555371315476 -6.165990346271841
-0.9924071200773502 0.12290138615094244 -0.004832939266585615 44.13001774705107 -0.122972948438861 -0.9922186901085631 0.01948653256743746 10.480511349795481 -0.002400410804652247 0.019932894456782046 0.9997984385597671 -6.236805715236762
-0.9925337414945204 0.12188825087836531 -0.004475074603642047 44.05040159273114 -0.12195673941404392 -0.9923031691045742 0.02147031197999189 10.41759030546088 -0.0018236519381193384 0.021855774587850645 0.9997594707782399 -6.129614683994462
-0.991439656289992 0.1303797174083725 -0.006966866160251684 44.11241530863882 -0.13052051807965476 -0.9910884577464867 0.026609458504647875 11.019896715640957 -0.0034354469578642055 0.027290991374538373 0.9996216281643767 -6.1112286988535685
-0.9923758961557876 0.12302790675031627 -0.007363076098966365 44.16684902001352 -0.12316585050369484 -0.9921242258078469 0.022796794399298943 10.493412242648729 -0.0045004442786881 0.02352986880153608 0.9997130044545197 -6.074246634942191
-0.9918021145994894 0.12763355373158497 -0.00618396618903184 44.079560805393974 -0.12772730888461156 -0.9916383022028703 0.0184177134656354 11.003124336704655 -0.0037815395113423578 0.019056588520863095 0.9998112553841713 -6.183502558923524
-0.9923931657325611 0.12260568919616809 -0.011119783452944464 44.132120155630794 -0.12285915483947846 -0.9920821751911812 0.02604967831017437 10.439613266486337 -0.007837900193094665 0.0272176899215754 0.9995988018579787 -6.033793260105975
-0.9918285833467105 0.1259402632530777 -0.02037428153831536 44.17159385920943 -0.12655203305418983 -0.9914371938858547 0.03220052033113266 10.590413813727237 -0.016144478508398827 0.03451580321374647 0.9992737438471018 -5.613493232239277
-0.9924850507067169 0.12203931354888288 -0.00893476760797075 44.08233093481559 -0.12218449676519784 -0.9923429252052914 0.018068412914323453 10.459011949445598 -0.006661296715141268 0.01902431979135604 0.9997968305523638 -6.061420871766372
-0.9921551912615821 0.12473293088552356 -0.008352987813026357 44.087381993221435 -0.12479313981123676 -0.9921572262883555 0.007121136134716077 10.568679332911167 -0.007399237038474721 0.008107667759731511 0.9999397566927493 -6.409636105248685
-0.992339010457106 0.1233357694366321 -0.007181664325751192 44.11647269971555 -0.12345903479370393 -0.9921383442796858 0.02047858729917217 10.446462723254811 -0.004599462231804564 0.02120834240188947 0.999764497849243 -6.195747262554082
-0.9918669862238855 0.12628589487992375 -0.01586677010382611 44.09582872144202 -0.12668939361426299 -0.9915555290659508 0.027702532815534087 10.697953538561846 -0.012234344477816883 0.029487379217582512 0.999490277732648 -5.697950160004475
-0.9921437723775439 0.1247730809753392 -0.009078171422588537 44.03036190380776 -0.12494639185965754 -0.9919188276048193 0.02203267129354676 10.53942378143218 -0.0062557248748768305 0.022993862376669713 0.9997160337812427 -6.109653246237867
-0.9918950372265452 0.12621369051712258 -0.01464033645096682 44.031333787793535 -0.12656822216047345 -0.9916028289225217 0.02653893012136895 10.766559070838913 -0.011167822728162085 0.028176834437117843 0.9995405673291179 -5.692353361023976
-0.9919952591692955 0.12584273669227553 -0.010440852812254776 44.12876454139846 -0.12603195220609031 -0.9918236198756859 0.020046298406806565 10.63473149084302 -0.007832803378777212 0.021201714046069915 0.9997445346250932 -6.190325448352932
-0.9923367250265933 0.12348236566589953 -0.004464250560004616 44.168268156336055 -0.12351761042842818 -0.9923038610229483 0.00874341540859664 10.353160027818276 -0.0033502354486131805 0.009227825773639365 0.9999518104158526 -6.4737242571351725
-0.9921564733513487 0.12473101967576228 -0.008228311957161292 44.145931757633264 -0.1248485579225079 -0.9920502783966327 0.01578235463537249 10.5348199216941 -0.00619434998128167 0.01668585819819941 0.9998415935359469 -6.1583033750008
-0.9923353994492743 0.12309328836565415 -0.010885649230976435 44.033896854488994 -0.12331707414758443 -0.9920990603426642 0.023072791137667158 10.463403394253309 -0.007959536640362138 0.024238333823367535 0.9996745215068469 -6.056281052027535
-0.9920646697663011 0.1254402043654025 -0.008511529254393083 44.09070531069633 -0.12560961696094308 -0.9917967523218275 0.023694434173482982 10.54457952952112 -0.005469472406754942 0.024575540943011735 0.9996830135892842 -6.165775573820149
-0.99217513467123 0.12447640168830848 -0.009701936037008361 44.06053106635516 -0.12470058120441438 -0.9918102708091309 0.027607096276194062 10.56806003322423 -0.006186047802714721 0.028600911528337193 0.999571768645123 -6.0935526104238145
-0.9921290160160069 0.12498596126866925 -0.007650167636268961 44.11671511479533 -0.12512756929180663 -0.991891097551855 0.02225178645650174 10.570164274158266 -0.0048069722529833925 0.023033889882688428 0.9997231281383048 -6.165559289760106
-0.9917992626152553 0.127565261071968 -0.007831145732500785 44.090759905900555 -0.1276959298277769 -0.9916233201949967 0.019414951735052578 10.98297627024002 -0.0052888733454115955 0.020255740250464338 0.9997808423877957 -6.230123474545048
-0.9921582035768969 0.1244253799590104 -0.011850058950483848 44.071775013485144 -0.12469677109580496 -0.991857254758914 0.025882454682627072 10.551653539208735 -0.00853313268120037 0.02715715383049584 0.9995947552095708 -6.060699018233421
-0.992438745526392 0.12247894510311821 -0.008015259474051115 44.039027280841196 -0.12262675338000298 -0.992215224598999 0.02171698481468315 10.448804225056346 -0.005292989088341952 0.02253566241290082 0.999732028188619 -6.2987491900449255
-0.9923776668323658 0.12247627064945261 -0.013642928577064867 44.1103106050714 -0.12282344009181793 -0.9920203646466906 0.028460475931795584 10.477299204690901 -0.010048330028833785 0.02991921212289588 0.9995018118090566 -5.950058398775967
-0.9923425666582676 0.12333941208998578 -0.006604530519568627 44.0740660219765 -0.12343722805913505 -0.9922007933214011 0.017344637830224354 10.456633041278538 -0.004413742988137737 0.018027067362170322 0.9998277570237589 -6.315711220177014
-0.992417575852232 0.12279889500440064 -0.0052712925627633285 44.14502143396691 -0.12287709478993233 -0.9922448071288734 0.018747327856912965 10.399497790580124 -0.002928261527144762 0.019252898781364557 0.9998103576043565 -6.424025984722921
