1 0 0 0 0 1 0 0 0 0 1 0
1 0 0 0.5 0 1 0 0 0 0 1 0
0.99999952 7.0614903e-05 0.00097829698 0.51464584 -6.7709816e-05 0.99999559 -0.00296925 -0.11786018 -0.00097850234 0.0029691824 0.99999511 0.19542549
0.99999765 0.00036771201 0.0021358194 0.52930319 -0.00036189904 0.99999623 -0.0027214092 -0.15588864 -0.0021368121 0.0027206298 0.99999402 0.35095252
0.99999391 0.00094464538 0.0033582379 0.54058356 -0.00095037492 0.99999809 0.0017049298 -0.19100438 -0.0033566209 -0.0017081111 0.99999291 0.45059475
0.99998901 9.9196814e-05 0.00468793 0.56059557 -8.9579612e-05 0.99999789 -0.002051647 -0.42576793 -0.0046881236 0.0020512045 0.99998691 0.47718712
0.99998326 -0.00098250351 0.005701525 0.57918619 0.0010126691 0.99998549 -0.0052903286 -0.61510682 -0.0056962445 0.0052960138 0.99996975 0.54677961
0.99999463 -0.0019307001 0.0026489559 0.61989364 0.001931302 0.99999811 -0.00022468461 -0.84830296 -0.0026485171 0.00022979934 0.99999647 0.27332604
0.99998503 -0.0025262863 0.004854587 0.62231779 0.0024938318 0.99997458 0.0066797795 -0.92822962 -0.0048713387 -0.006667573 0.99996591 0.5105998
0.99995795 -0.0023722468 0.0088587929 0.64333126 0.0023919298 0.99999469 -0.002211926 -1.0780252 -0.0088534986 0.0022330226 0.99995831 0.70977968
0.99997631 -0.0021246466 0.0065469615 0.65100975 0.002125067 0.99999774 -5.7251804e-05 -1.1347011 -0.0065468251 7.1163179e-05 0.99997857 0.4815774
0.99997971 -0.001345042 0.0062268939 0.68127706 0.001336147 0.99999808 0.0014324309 -1.1706484 -0.0062288086 -0.0014240818 0.99997959 0.42541962
0.99997626 -1.4315247e-05 0.006890371 0.72764399 -2.5116644e-06 0.99999702 0.0024420759 -1.1924123 -0.0068903854 -0.0024420352 0.99997328 0.33978307
0.99997057 0.00059990735 0.0076479759 0.70380281 -0.00064923411 0.999979 0.0064487981 -1.2023666 -0.0076439466 -0.0064535736 0.99994996 0.36456696
0.99996707 0.0015882446 0.0079581446 0.72195258 -0.0016385007 0.99997873 0.0063125139 -1.2394211 -0.0079479495 -0.0063253455 0.99994841 0.38717081
0.99996952 0.0014048711 0.0076796525 0.75628669 -0.001436885 0.9999903 0.0041647491 -1.3421368 -0.007673727 -0.0041756569 0.99996184 0.40298606
0.99996716 0.0012985505 0.0080001102 0.76913262 -0.0013149293 0.99999705 0.0020423962 -1.4530995 -0.0079974344 -0.0020528486 0.99996591 0.49026936
0.99997244 0.0015504637 0.0072609264 0.78370166 -0.0015549614 0.9999986 0.0006138339 -1.5349378 -0.0072599645 -0.00062510744 0.99997345 0.54365038
0.99997525 0.0016896489 0.006829554 0.79388248 -0.0016834844 0.99999817 -0.00090826306 -1.6130002 -0.0068310762 0.00089674313 0.99997627 0.52007662
0.99998646 0.002196208 0.004717504 0.82124362 -0.0021842702 0.9999944 -0.002534194 -1.6891552 -0.0047230432 0.0025238554 0.99998566 0.30201634
0.99999028 0.0030481582 0.0031844919 0.79770118 -0.0030470387 0.99999529 -0.00035635688 -1.6874834 -0.0031855631 0.00034665015 0.99999487 0.1909358
0.99998596 0.0037836418 0.0037106207 0.81468418 -0.0037858539 0.99999266 0.00058930974 -1.6947612 -0.0037083637 -0.00060334933 0.99999294 0.38467354
0.99998142 0.0048047832 0.0037521088 0.81032035 -0.0048033638 0.99998839 -0.00038720502 -1.6945632 -0.0037539257 0.00036917508 0.99999289 0.36907333
0.99997487 0.005794672 0.0040838865 0.80434839 -0.00578945 0.99998241 -0.0012893619 -1.7119579 -0.0040912861 0.001265686 0.99999083 0.38477859
0.9999721 0.0062019629 0.004163935 0.8261998 -0.0061970013 0.99998007 -0.0012034141 -1.7584005 -0.0041713156 0.0011775766 0.99999061 0.43255621
0.99997082 0.0062593596 0.0043794985 0.82194636 -0.0062551204 0.99997996 -0.00098100418 -1.8538843 -0.0043855512 0.00095358126 0.99998993 0.4003231
0.99996999 0.0064899485 0.004231172 0.83064428 -0.0064857941 0.99997847 -0.00099485532 -1.938747 -0.0042375375 0.00096738295 0.99999055 0.31584376
0.99997207 0.0064619009 0.0037541175 0.84889519 -0.0064653553 0.99997869 0.00090876826 -2.0365236 -0.0037481651 -0.00093301458 0.99999254 0.25297961
0.9999709 0.0064934223 0.0040036379 0.85219527 -0.0064992532 0.99997784 0.0014451142 -2.1146324 -0.0039941654 -0.0014710928 0.99999094 0.30851111
0.99996492 0.0065025405 0.0052798911 0.85790888 -0.006511731 0.99997731 0.001725338 -2.2157788 -0.0052685522 -0.0017596587 0.99998457 0.33028218
0.99996034 0.0067574004 0.0058015105 0.86901247 -0.0067753338 0.99997231 0.0030770978 -2.2867001 -0.0057805567 -0.0031162829 0.99997844 0.32691755
0.99995629 0.0068587212 0.006354404 0.88154885 -0.0068814797 0.99996996 0.0035666239 -2.3723188 -0.0063297506 -0.0036101957 0.99997345 0.37656747
0.99995295 0.0071631257 0.0065404967 0.88121488 -0.0071863175 0.99996795 0.0035292832 -2.4304618 -0.0065150064 -0.0035761193 0.99997238 0.3904301
0.99995695 0.0071746987 0.0058847335 0.8818176 -0.0071887483 0.99997135 0.00236979 -2.5170727 -0.0058675624 -0.0024119919 0.99997988 0.38483278
0.99995811 0.007736967 0.0048908497 0.88458925 -0.0077437329 0.99996908 0.0013659455 -2.5752198 -0.0048801302 -0.0014037617 0.99998711 0.34927678
0.99996075 0.007893487 0.0040243773 0.88594205 -0.0078963299 0.99996858 0.0006910292 -2.6410642 -0.0040187963 -0.00072277989 0.99999166 0.32296308
0.99996124 0.008462052 0.002431672 0.89410473 -0.0084611596 0.99996413 -0.00037704256 -2.6917061 -0.0024347754 0.00035645318 0.99999697 0.23097668
0.99995662 0.0093005014 0.00050708503 0.87255466 -0.0092997196 0.9999556 -0.0015227478 -2.7235477 -0.00052122483 0.001517966 0.99999871 0.11749206
0.99994784 0.01021319 -0.00012346384 0.86871791 -0.010213168 0.99994783 0.00018040341 -2.725663 0.0001252999 -0.00017913304 0.99999998 0.030655764
0.9999421 0.010725079 0.0008795597 0.8822472 -0.010726288 0.99994152 0.0013822828 -2.7722385 -0.00086468317 -0.0013916372 0.99999866 0.077753901
0.9999365 0.010936876 0.0027184198 0.87869045 -0.010943404 0.99993724 0.002398444 -2.8475531 -0.0026920177 -0.0024280405 0.99999343 0.1258869
0.99993776 0.010835749 0.0026581421 0.90351591 -0.010846188 0.9999334 0.0039448906 -2.9413766 -0.0026152192 -0.0039734758 0.99998869 0.075679623
0.99993907 0.01082204 0.0021749165 0.89896169 -0.010832708 0.99992905 0.0049545987 -3.0343918 -0.0021211433 -0.0049778571 0.99998536 0.012079661
0.99994069 0.01058925 0.0025453108 0.89742338 -0.010600731 0.9999335 0.0045400202 -3.1399874 -0.0024970661 -0.0045667331 0.99998645 0.058001139
0.99994072 0.010584205 0.0025555665 0.89992529 -0.010593199 0.99993765 0.0035319023 -3.2370823 -0.0025180248 -0.0035587645 0.9999905 0.091464802
0.99993853 0.010747724 0.0027245188 0.90897261 -0.010756484 0.99993696 0.0032213798 -3.3173274 -0.0026897245 -0.003250488 0.9999911 0.1307226
0.99993414 0.011094264 0.0029371807 0.91130673 -0.011103639 0.99993325 0.003195172 -3.3872158 -0.0029015365 -0.003227575 0.99999058 0.16530685
0.99993101 0.01145057 0.0026187283 0.90273306 -0.011458058 0.99993026 0.002862779 -3.4425238 -0.0025857652 -0.0028925871 0.99999247 0.14476679
0.99993014 0.011476503 0.0028283142 0.91543283 -0.011482796 0.99993161 0.002219002 -3.5338474 -0.0028026544 -0.0022513239 0.99999354 0.19174247
0.99992964 0.011507313 0.002878901 0.91746699 -0.011512813 0.99993192 0.0019011945 -3.6218984 -0.0028568274 -0.001934205 0.99999405 0.19823347
0.99993095 0.011565924 0.002079415 0.91331782 -0.011571383 0.99992958 0.0026330614 -3.6993354 -0.0020488148 -0.0026569412 0.99999437 0.14883758
0.99992923 0.011712361 0.0020859909 0.91270542 -0.011718467 0.99992702 0.0029394857 -3.7753718 -0.0020514103 -0.0029637223 0.9999935 0.12487927
0.99992917 0.011753472 0.0018728463 0.92183252 -0.011760009 0.99992466 0.0035182591 -3.8592714 -0.0018313535 -0.0035400346 0.99999206 0.10332403
0.99993008 0.011759975 0.0012432407 0.92849615 -0.011764454 0.9999241 0.0036582138 -3.9522921 -0.0012001258 -0.0036725841 0.99999254 0.075935074
0.99993051 0.011779669 0.00045672583 0.93038003 -0.011781017 0.99992589 0.0030705582 -4.0376576 -0.00042052182 -0.0030757256 0.99999518 0.04729466
0.99992631 0.012050182 0.0014705339 0.91873692 -0.012054581 0.99992278 0.0030202042 -4.1005247 -0.0014340264 -0.0030377083 0.99999436 0.099566537
0.99992151 0.012168722 0.0029840113 0.92854231 -0.012179288 0.99991953 0.0035484679 -4.1667 -0.0029405908 -0.0035845325 0.99998925 0.16151782
0.99992102 0.011972635 0.0038212097 0.9395223 -0.011988405 0.9999196 0.0041310211 -4.2577497 -0.0037714433 -0.0041765051 0.99998417 0.20231285
0.99992191 0.011694708 0.0044050579 0.94624422 -0.011713671 0.99992213 0.0043037966 -4.3604989 -0.0043543833 -0.0043550599 0.99998104 0.23435879
0.99992849 0.010864593 0.0049968137 0.95663282 -0.010887846 0.99992991 0.0046500209 -4.5082888 -0.0049459429 -0.0047040929 0.9999767 0.25807953
0.9999427 0.0098538995 0.0041824299 0.96408582 -0.009876673 0.99993632 0.0054597701 -4.6566192 -0.0041283635 -0.0055007657 0.99997635 0.22628501
0.99994525 0.009241777 0.0049082649 0.96440992 -0.0092693329 0.99994124 0.0056214213 -4.7706108 -0.0048560246 -0.0056666099 0.99997215 0.24735535
0.99995617 0.0081604784 0.0045886356 0.97785368 -0.0081851524 0.999952 0.0053843627 -4.9239446 -0.0045444764 -0.0054216854 0.99997498 0.2310544
0.99996313 0.0071749391 0.0047173549 0.9910097 -0.0071981264 0.99996201 0.0049168569 -5.0599517 -0.0046818976 -0.0049506318 0.99997679 0.25262029
0.99997156 0.006023412 0.004539451 1.0087319 -0.0060417864 0.99997357 0.0040449342 -5.2178781 -0.0045149667 -0.0040722455 0.99998152 0.26966742
0.99997621 0.0051388913 0.0046012652 1.0174149 -0.00515962 0.99997654 0.0045045101 -5.347667 -0.0045780091 -0.0045281437 0.99997927 0.2532382
0.99998413 0.0040881229 0.003875296 1.0287427 -0.0041065406 0.99998026 0.0047566061 -5.4881449 -0.0038557739 -0.0047724447 0.99998118 0.21457213
0.99998965 0.0032326585 0.0032011324 1.037224 -0.0032502198 0.99997961 0.0054960272 -5.6235093 -0.0031833004 -0.0055063747 0.99997977 0.18301458
0.99999358 0.0023561466 0.0026979051 1.0410281 -0.002369015 0.99998579 0.0047765431 -5.7385684 -0.0026866125 -0.0047829038 0.99998495 0.16043217
0.99999502 0.0016993441 0.0026576967 1.0491272 -0.001711328 0.99998835 0.0045133697 -5.848222 -0.0026499959 -0.0045178954 0.99998628 0.16902464
0.99999585 0.00085021672 0.0027529807 1.0539242 -0.00086169788 0.99999093 0.0041719507 -5.9747294 -0.0027494086 -0.0041743057 0.99998751 0.17713698
0.99999514 1.7657897e-05 0.0031192287 1.0611187 -3.3120815e-05 0.99998771 0.004957307 -6.0851058 -0.0031191028 -0.0049573862 0.99998285 0.19869311
0.99999434 -0.00084292077 0.0032575119 1.056546 0.00082569106 0.99998568 0.0052869537 -6.2046907 -0.0032619217 -0.0052842341 0.99998072 0.18940349
0.99999309 -0.0016386334 0.0033356254 1.0751488 0.0016198843 0.99998292 0.0056158218 -6.3082069 -0.0033447707 -0.0056103797 0.99997867 0.1912683
0.99999106 -0.0023803179 0.0034958901 1.0815214 0.0023621909 0.99998379 0.0051802537 -6.4109889 -0.0035081641 -0.0051719494 0.99998047 0.22448522
0.99998833 -0.0031272923 0.0036815392 1.0895633 0.003109926 0.99998406 0.004713427 -6.5062562 -0.0036962208 -0.0047019227 0.99998211 0.25031321
0.99998586 -0.0034623116 0.0040373561 1.1005062 0.0034455446 0.99998544 0.0041525427 -6.5783389 -0.0040516747 -0.0041385731 0.99998323 0.28014024
0.99998415 -0.0040380894 0.0039244666 1.1057446 0.0040212813 0.99998275 0.0042813945 -6.6625601 -0.0039416876 -0.0042655452 0.99998313 0.26885148
0.99997658 -0.0049605124 0.0047161666 1.1176016 0.0049385792 0.99997699 0.0046509534 -6.7682008 -0.0047391292 -0.0046275533 0.99997806 0.29058462
0.99997053 -0.00612642 0.004625978 1.1387146 0.0061057709 0.99997139 0.0044647349 -6.893363 -0.0046531985 -0.0044363582 0.99997933 0.28884954
0.99996514 -0.0071296613 0.0043466926 1.1517879 0.0071085873 0.999963 0.004844626 -7.003663 -0.0043810723 -0.0048135583 0.99997882 0.29001541
0.99995748 -0.008283755 0.0040524057 1.1691858 0.0082674285 0.99995771 0.0040291561 -7.1238203 -0.0040856109 -0.0039954818 0.99998367 0.29398606
0.99995061 -0.0092851556 0.0035455977 1.1770614 0.0092720288 0.99995017 0.0037009399 -7.2222123 -0.0035797848 -0.0036678822 0.99998687 0.28189797
0.99994707 -0.0098588764 0.0029427866 1.1776523 0.0098496363 0.99994657 0.0031380505 -7.3220054 -0.002973567 -0.0031088991 0.99999075 0.25860517
0.99994175 -0.010502537 0.0024878381 1.1876107 0.010495796 0.99994125 0.0027075019 -7.4040466 -0.0025161275 -0.0026812323 0.99999324 0.24718828
0.99993632 -0.011017193 0.0024432715 1.1895091 0.011012934 0.99993782 0.001750031 -7.4779494 -0.0024624 -0.0017230119 0.99999548 0.25685565
0.99993431 -0.011376882 0.0013942416 1.1923453 0.011375011 0.9999344 0.001342293 -7.5322109 -0.0014094213 -0.0013263453 0.99999813 0.22072838
0.99993393 -0.011443675 0.0010869893 1.190869 0.01144273 0.99993415 0.0008722715 -7.5844636 -0.0010968997 -0.00085977574 0.99999903 0.21969926
0.99993259 -0.011526309 0.0013975546 1.1957647 0.011526192 0.99993357 9.1599001e-05 -7.6279515 -0.0013985175 -7.5484344e-05 0.99999902 0.24354837
0.99993445 -0.011324871 0.0016850689 1.1963737 0.011326084 0.9999356 -0.00071204683 -7.6541455 -0.0016768966 0.00073108539 0.99999833 0.27550612
0.99993397 -0.011382307 0.0015779573 1.1949495 0.011385719 0.99993283 -0.0021699449 -7.7067147 -0.0015531523 0.0021877678 0.9999964 0.2892261
0.99993803 -0.011079289 0.0010876608 1.1912752 0.011081995 0.99993543 -0.0025141234 -7.7330497 -0.0010597358 0.002526021 0.99999625 0.28629919
0.99994234 -0.010725992 0.0005172854 1.1825058 0.010727371 0.9999387 -0.0027407421 -7.7550776 -0.00048785651 0.0027461332 0.99999611 0.26209385
0.99994429 -0.010555196 6.9258571e-05 1.1651036 0.010555367 0.99993883 -0.0033050867 -7.7841505 -3.4368496e-05 0.0033056337 0.99999454 0.24711321
0.99994818 -0.010142908 0.00087657164 1.15433 0.010146106 0.99994159 -0.0037236092 -7.7883983 -0.00083875222 0.00373231 0.99999268 0.27777147
0.99995454 -0.0095083725 0.00071270646 1.1404475 0.0095108723 0.99994833 -0.0035902539 -7.7824306 -0.00067853216 0.0035968692 0.9999933 0.27362891
0.9999574 -0.0092187245 0.00045422619 1.1317918 0.0092202335 0.99995157 -0.0034402721 -7.8017711 -0.00042248928 0.0034443137 0.99999398 0.26105607
0.99996223 -0.0086809738 0.00041622965 1.1166138 0.0086826546 0.99995339 -0.0042221888 -7.8034114 -0.00037955753 0.0042256433 0.999991 0.2578298
0.99997221 -0.0073745929 0.0010911075 1.0911823 0.0073791913 0.99996365 -0.004272228 -7.758676 -0.0010595619 0.0042801607 0.99999028 0.28506291
0.99997741 -0.0066554316 0.00093920138 1.0717894 0.0066607382 0.9999612 -0.0057648598 -7.7515035 -0.0009007973 0.0057709853 0.99998294 0.301592
0.99997064 -0.0063327296 0.0043139235 1.0790636 0.0063636164 0.99995395 -0.0071840779 -7.7640632 -0.00426823 0.0072113192 0.99996489 0.48579245
0.99996792 -0.0054867615 0.0058349273 1.0804268 0.005535107 0.99995022 -0.0083019259 -7.747023 -0.0057890861 0.0083339566 0.99994851 0.56973171
0.99997091 -0.0051522368 0.005625058 1.0808819 0.0052007272 0.99994915 -0.0086401032 -7.7517983 -0.0055802561 0.0086691063 0.99994685 0.58664738
0.99997554 -0.0047860546 0.0051001576 1.0721617 0.0048311223 0.99994907 -0.0088611646 -7.7514671 -0.0050574878 0.0088855873 0.99994773 0.57067956
0.9999754 -0.0045059204 0.0053757916 1.0627735 0.0045590699 0.99994044 -0.0099158765 -7.7631341 -0.0053307913 0.0099401411 0.99993639 0.58807195
0.99997402 -0.0043288003 0.005764012 1.0701129 0.0043916518 0.99993055 -0.010936485 -7.7797258 -0.0057162698 0.010961515 0.99992358 0.63407926
0.99996601 -0.0047411695 0.0067450431 1.0800799 0.0048260845 0.9999086 -0.012629171 -7.8270738 -0.0066845495 0.012661294 0.9998975 0.6904185
0.99995142 -0.005044651 0.0084679434 1.0762437 0.0051569538 0.99989834 -0.013293087 -7.8686669 -0.0084000236 0.01333611 0.99987579 0.74044821
0.99994516 -0.0051811307 0.0091017321 1.0694713 0.0052861495 0.9999193 -0.011552418 -7.8919743 -0.009041143 0.011599897 0.99989184 0.72488379
0.9999523 -0.0046704166 0.0085783385 1.0511071 0.0047502935 0.99994533 -0.0093148175 -7.8710916 -0.0085343655 0.0093551228 0.99991982 0.69585346
0.99996891 -0.0043459831 0.0065790529 1.0323299 0.0044030493 0.9999526 -0.0086844278 -7.8767999 -0.0065409987 0.0087131258 0.99994065 0.65137522
0.99997877 -0.0046566797 0.0045588609 1.0243917 0.0047049749 0.99993231 -0.01064093 -7.911872 -0.0045090009 0.010662154 0.99993299 0.60457389
0.99997485 -0.0053202061 0.0046891859 1.0389336 0.0053756641 0.99991481 -0.011894599 -7.972333 -0.0046255047 0.011919507 0.99991826 0.63162456
0.99997196 -0.005614076 0.0049564912 1.0382966 0.0056730951 0.99991221 -0.011974782 -8.0137913 -0.0048888288 0.012002565 0.99991602 0.63076501
0.99997155 -0.0053317754 0.0053366151 1.0222721 0.0053886409 0.99992825 -0.010698671 -8.0024639 -0.0052791892 0.010727124 0.99992853 0.6090638
0.99997136 -0.0052884255 0.0054135936 1.0211686 0.0053427169 0.99993508 -0.010063883 -8.0070692 -0.0053600201 0.010092518 0.9999347 0.59130371
0.99997141 -0.0057683337 0.0048883695 1.0248944 0.0058160023 0.99993512 -0.0097939759 -8.0387186 -0.0048315574 0.0098221267 0.99994009 0.58368281
0.99997073 -0.0063280012 0.0043012633 1.0251799 0.0063695393 0.99993254 -0.0097130703 -8.0873587 -0.0042395088 0.009740183 0.99994358 0.56001491
0.9999708 -0.0066443991 0.0037757337 1.0141506 0.006680206 0.99993207 -0.0095512761 -8.1229439 -0.0037120147 0.0095762198 0.99994726 0.5323278
0.9999731 -0.0063911027 0.003597941 1.0140927 0.0064237995 0.9999375 -0.0091506206 -8.1243959 -0.0035392335 0.0091734869 0.99995166 0.53093666
0.99997035 -0.0070376777 0.0031243659 1.0195363 0.007064774 0.99993678 -0.0087479447 -8.1653468 -0.0030626031 0.0087697583 0.99995685 0.5074914
0.99996982 -0.0073518816 0.0025120252 1.0078251 0.0073722638 0.99993918 -0.008203312 -8.1979858 -0.0024515626 0.0082215837 0.9999632 0.47209898
0.99996901 -0.0074604453 0.0025157033 1.0018619 0.0074811901 0.99993724 -0.008340107 -8.2134466 -0.0024533245 0.0083586689 0.99996206 0.45778825
0.99995827 -0.0082542802 0.0039153335 1.0138168 0.0082859836 0.99993245 -0.0081513528 -8.2543914 -0.0038477855 0.008183455 0.99995911 0.48706758
0.99995124 -0.0085062828 0.0050150968 1.017721 0.0085416449 0.99993851 -0.0070723973 -8.2628139 -0.0049546286 0.0071148897 0.99996241 0.52450451
0.99995333 -0.0083582233 0.0048462783 1.0144906 0.008387566 0.99994642 -0.0060663029 -8.2593994 -0.0047953151 0.0061066682 0.99996986 0.51701752
0.99995683 -0.0083805144 0.0040122658 1.0045155 0.0084057996 0.99994465 -0.0063271559 -8.2709043 -0.0039590189 0.0063606091 0.99997193 0.48637251
0.99995774 -0.0085762055 0.0033107107 0.99905396 0.0085976558 0.99994178 -0.0065201369 -8.295744 -0.0032545999 0.0065483257 0.99997326 0.47813064
0.99996068 -0.0085786629 0.002247839 0.99308208 0.0085940557 0.99993906 -0.0069300767 -8.3060818 -0.0021882512 0.0069491222 0.99997346 0.44961644
0.99996222 -0.0085771154 0.001414784 0.98520942 0.0085872186 0.99993651 -0.0072967535 -8.3285181 -0.001352109 0.0073086269 0.99997238 0.42931802
0.99996203 -0.0086412635 0.0011221083 0.97408975 0.0086494249 0.99993458 -0.0074844001 -8.3435432 -0.0010573602 0.0074938216 0.99997136 0.41737077
0.99995924 -0.008963316 0.0010818938 0.97065986 0.0089716386 0.99992815 -0.0079499311 -8.3647562 -0.0010105583 0.0079593134 0.99996781 0.41103664
0.99995692 -0.0091962535 0.001256293 0.97805973 0.0092065245 0.99992208 -0.0084304013 -8.3754041 -0.001178667 0.0084416043 0.99996367 0.42517366
0.99996039 -0.0087679438 0.0015333091 0.96858121 0.0087808667 0.99992416 -0.0086349116 -8.363697 -0.0014574824 0.0086480333 0.99996154 0.43308759
0.99995926 -0.0088542814 0.00175281 0.97073407 0.0088686332 0.99992575 -0.0083568117 -8.372122 -0.0016786863 0.0083720163 0.99996355 0.44548341
0.99995717 -0.0090991731 0.0016921181 0.96904061 0.0091128209 0.99992452 -0.0082407128 -8.3914572 -0.0016170067 0.0082557798 0.99996461 0.44448686
0.99995845 -0.0090132573 0.0013663421 0.96332259 0.0090245424 0.99992322 -0.0084914066 -8.3973627 -0.001289702 0.0085033843 0.99996301 0.43676841
0.99995828 -0.0090369654 0.0013324829 0.95480685 0.0090485932 0.9999186 -0.0089951028 -8.400012 -0.001251086 0.0090067846 0.99995866 0.43237842
0.9999564 -0.0092085799 0.001548911 0.95748853 0.0092222674 0.99991629 -0.0090749096 -8.4160094 -0.0014652143 0.0090887984 0.99995762 0.4424369
0.99995523 -0.0092523261 0.0019848688 0.95779491 0.0092695801 0.99991772 -0.0088672527 -8.4187442 -0.0019026627 0.0088852545 0.99995872 0.45657163
0.99995778 -0.0089810913 0.0019448602 0.95390315 0.0089977938 0.99992118 -0.0087566964 -8.409955 -0.0018660622 0.0087738261 0.99995977 0.43544608
0.99995638 -0.0091429167 0.0019116942 0.95483313 0.0091588341 0.99992201 -0.008490295 -8.4145644 -0.001833919 0.0085074335 0.99996213 0.44324282
0.99995534 -0.009287522 0.0017498648 0.94951658 0.0093021996 0.99991996 -0.0085752735 -8.4252029 -0.0016700817 0.0085911681 0.9999617 0.43916914
0.9999563 -0.0091657469 0.0018378524 0.94284918 0.009181588 0.99991909 -0.0088045608 -8.4208501 -0.0017570033 0.0088210505 0.99995955 0.44323199
0.99995643 -0.009137078 0.0019108787 0.93913205 0.0091538593 0.99991791 -0.0089657903 -8.4198415 -0.0018288007 0.0089828915 0.99995798 0.44176889
0.99995613 -0.0091180543 0.0021468253 0.94282773 0.0091365484 0.99991982 -0.0087684651 -8.4219347 -0.0020667018 0.008787695 0.99995925 0.44657689
0.99995391 -0.0093530265 0.0021671813 0.9398622 0.0093716778 0.99991769 -0.0087621618 -8.4372699 -0.0020850502 0.0087820681 0.99995926 0.44585877
0.99995465 -0.0092596604 0.0022252803 0.93417348 0.0092788925 0.99991828 -0.0087935054 -8.4352745 -0.0021436735 0.0088137547 0.99995886 0.44563702
0.9999533 -0.0093619766 0.002397919 0.93523946 0.0093824972 0.99991818 -0.0086943853 -8.4429412 -0.0023163262 0.0087164777 0.99995933 0.44892575
0.99995309 -0.0093638465 0.0024757129 0.92669558 0.0093847767 0.99991913 -0.0085822792 -8.4430609 -0.0023951496 0.0086051106 0.99996011 0.44232498
0.99995414 -0.0092127312 0.0026159148 0.91980161 0.0092349604 0.99992023 -0.0086167253 -8.4419886 -0.0025363225 0.008640488 0.99995945 0.43764374
0.99995121 -0.0094962526 0.0027215918 0.92453162 0.0095190067 0.99991879 -0.0084732884 -8.4469547 -0.0026409063 0.0084987818 0.9999604 0.44084079
0.99995161 -0.0093951494 0.0029184963 0.91137753 0.0094198433 0.99991894 -0.0085659142 -8.4498755 -0.0028377816 0.0085929915 0.99995905 0.44582049
0.99995411 -0.0091518675 0.0028327813 0.91114432 0.0091762547 0.99991988 -0.0087190808 -8.435117 -0.0027527585 0.008744675 0.99995798 0.44212642
0.99995338 -0.0092223242 0.0028597707 0.91662431 0.0092478831 0.99991622 -0.0090568166 -8.4354701 -0.0027760062 0.0090828412 0.9999549 0.44403865
0.9999529 -0.0092348283 0.0029865761 0.92121847 0.0092617405 0.99991546 -0.0091264185 -8.4317495 -0.0029020428 0.0091536495 0.99995389 0.45727698
0.99995291 -0.0092333941 0.0029879979 0.92059181 0.0092597455 0.99991726 -0.0089288227 -8.4335394 -0.0029053074 0.0089560703 0.99995567 0.4575283
0.99995265 -0.0091885204 0.0032047913 0.91535821 0.0092167519 0.99991784 -0.0089085531 -8.4310901 -0.0031226716 0.008937669 0.99995518 0.45196087
0.9999511 -0.0092856653 0.0034020399 0.91735473 0.0093159999 0.99991599 -0.0090119725 -8.4291135 -0.0033180719 0.0090432253 0.9999536 0.44841751
0.99995197 -0.0091857528 0.0034177537 0.91773095 0.0092148058 0.9999207 -0.0085842664 -8.4322543 -0.0033386297 0.008615348 0.99995731 0.45766423
0.99995264 -0.0091759761 0.0032427252 0.91539636 0.0092036474 0.99992046 -0.0086240046 -8.4382937 -0.0031633336 0.0086534411 0.99995755 0.45035989
0.9999546 -0.0089102269 0.0033781425 0.91110119 0.0089391883 0.99992257 -0.008657264 -8.4140859 -0.0033007427 0.0086870688 0.99995682 0.4482959
0.99995079 -0.0092807739 0.0035062224 0.91488473 0.0093097813 0.9999218 -0.0083494184 -8.4312551 -0.0034284592 0.0083816497 0.999959 0.44855413
0.99995133 -0.0092951064 0.0033080697 0.91221835 0.0093225652 0.99992139 -0.0083842534 -8.4326524 -0.0032298772 0.008414685 0.99995938 0.44655445
0.99995303 -0.0091183083 0.0032860304 0.91621885 0.0091452865 0.99992381 -0.0082906651 -8.4217193 -0.0032101832 0.0083203273 0.99996023 0.44834663
0.99995439 -0.0090780554 0.0029659793 0.91117718 0.0091018805 0.9999256 -0.0081205387 -8.4246224 -0.00289204 0.0081471644 0.99996263 0.4478218
0.99995295 -0.0092040975 0.0030634336 0.91613326 0.0092285594 0.99992486 -0.0080691561 -8.4220549 -0.0029889341 0.0080970475 0.99996275 0.44667235
0.99995337 -0.0091159422 0.0031875459 0.91693075 0.0091414175 0.99992564 -0.0080710532 -8.4173286 -0.0031137337 0.0080998155 0.99996235 0.45203839
0.99995481 -0.0090026784 0.0030559393 0.91706112 0.009027235 0.99992629 -0.0081193177 -8.4105528 -0.0029826185 0.0081465374 0.99996237 0.44694091
0.99995346 -0.0091621774 0.0030226149 0.91805915 0.0091856848 0.99992694 -0.0078572147 -8.4195905 -0.0029504049 0.0078846138 0.99996456 0.45428532
0.99995466 -0.0090768386 0.0028785384 0.91401934 0.0090998937 0.99992579 -0.0080999976 -8.4206695 -0.0028048024 0.0081258247 0.99996305 0.44588033
0.99995501 -0.0090620217 0.0028037455 0.91580672 0.0090845545 0.99992568 -0.0081311207 -8.4187224 -0.0027298527 0.0081562257 0.99996301 0.45270496
0.99995445 -0.0091180411 0.0028200983 0.91699551 0.0091403242 0.99992629 -0.0079922376 -8.4148414 -0.0027470168 0.0080176502 0.99996408 0.45659978
0.99995498 -0.0090798851 0.0027574503 0.9175828 0.0091014021 0.99992743 -0.0078935943 -8.4134719 -0.0026855772 0.0079183356 0.99996504 0.44992658
0.99995393 -0.0091580917 0.0028740878 0.91287665 0.0091798456 0.99992861 -0.0076493167 -8.4168917 -0.0028038294 0.007675348 0.99996661 0.45168418
0.9999538 -0.0091028239 0.0030876477 0.91384209 0.0091266656 0.99992795 -0.007797487 -8.4121378 -0.0030164461 0.0078253067 0.99996483 0.45012865
0.99995413 -0.0090631649 0.0030964114 0.91913231 0.0090867281 0.9999292 -0.0076824651 -8.4066809 -0.0030265648 0.007710249 0.9999657 0.443238
0.99995343 -0.0091756957 0.0029913875 0.92144703 0.0091980841 0.99992913 -0.0075584952 -8.4134295 -0.0029218211 0.0075856582 0.99996696 0.44660978
0.99995452 -0.0090544025 0.0029950765 0.91012124 0.0090767076 0.99993053 -0.0075194645 -8.4114515 -0.0029267842 0.007546308 0.99996724 0.4461269
0.99995516 -0.009008985 0.0029166295 0.91093577 0.0090307999 0.99993068 -0.0075547574 -8.407537 -0.0028483666 0.0075807582 0.99996721 0.44452655
0.99995361 -0.0091229126 0.0030888916 0.90409593 0.0091452727 0.99993151 -0.0073038554 -8.4142651 -0.0030220476 0.0073317654 0.99996856 0.44531149
0.99995523 -0.0088903087 0.003240722 0.90926979 0.008913895 0.99993335 -0.0073378164 -8.4017517 -0.0031752706 0.0073663753 0.99996783 0.44828281
0.99995489 -0.0090047464 0.0030220714 0.91482391 0.0090266328 0.99993255 -0.0073084154 -8.4060359 -0.0029560572 0.0073353648 0.99996873 0.44912991
0.99995581 -0.0089204468 0.0029674899 0.91341823 0.008941181 0.99993518 -0.0070488154 -8.4017564 -0.0029044189 0.0070750367 0.99997075 0.44879863
0.99995541 -0.008930222 0.0030704649 0.91354319 0.0089517145 0.99993502 -0.007058756 -8.401757 -0.0030072291 0.0070859272 0.99997037 0.44711211
0.99995441 -0.0090623948 0.0030097905 0.91411279 0.0090838876 0.99993278 -0.0072057737 -8.4095754 -0.0029442866 0.0072327857 0.99996951 0.44728019
0.99995557 -0.0089637213 0.0029164611 0.91397674 0.0089844215 0.99993398 -0.0071637515 -8.4055036 -0.0028520547 0.007189636 0.99997009 0.44828485
0.99995632 -0.0088935307 0.0028731114 0.91120651 0.0089139479 0.99993454 -0.0071734124 -8.4003704 -0.0028091264 0.0071987098 0.99997014 0.44433222
0.999956 -0.0089013673 0.0029591733 0.91156857 0.0089222286 0.9999349 -0.0071128615 -8.4004604 -0.0028956665 0.007138951 0.99997032 0.4532707
0.99995595 -0.0089278773 0.0028977252 0.90970573 0.0089480536 0.99993528 -0.0070261719 -8.4058678 -0.0028348089 0.0070517914 0.99997112 0.44249933
0.99995493 -0.0090365964 0.0029130533 0.91307979 0.0090564917 0.99993525 -0.0068904205 -8.4093361 -0.0028505988 0.006916492 0.99997202 0.44415875
0.99995476 -0.0090365891 0.0029693079 0.9158925 0.0090567448 0.99993555 -0.0068461635 -8.4062668 -0.0029072505 0.006872746 0.99997216 0.44700122
0.99995688 -0.0088084919 0.0029415198 0.91228433 0.0088282799 0.99993802 -0.0067833091 -8.3907074 -0.0028815867 0.0068089851 0.99997267 0.44425985
0.99995587 -0.0088949628 0.0030238194 0.91592766 0.0089159563 0.99993574 -0.0070016242 -8.3997048 -0.0029613459 0.0070282754 0.99997092 0.44593636
0.9999551 -0.008950679 0.0031126898 0.91630957 0.0089724857 0.9999348 -0.0070638118 -8.4033571 -0.003049261 0.0070914232 0.99997021 0.44846207
0.99995432 -0.0089108346 0.0034562736 0.91546028 0.008935433 0.99993439 -0.0071681292 -8.4028164 -0.0033921728 0.0071986851 0.99996834 0.4530526
0.99995396 -0.0090207194 0.0032730681 0.91879873 0.0090442694 0.99993279 -0.0072530697 -8.4062304 -0.0032074202 0.0072823383 0.99996834 0.44863172
0.99995368 -0.0090086929 0.0033897508 0.91359291 0.0090330995 0.99993288 -0.0072550239 -8.4078104 -0.003324165 0.0072853077 0.99996794 0.44462334
0.99995222 -0.0091372725 0.0034747603 0.91190824 0.0091618458 0.99993266 -0.0071230175 -8.4178488 -0.0034094414 0.0071545123 0.99996859 0.44546965
0.99995159 -0.0091149217 0.0037051718 0.91700716 0.0091405506 0.999934 -0.00696 -8.4062072 -0.0036414874 0.0069935304 0.99996891 0.4464572
0.99995347 -0.0088742542 0.0037819523 0.91375891 0.0089006311 0.99993578 -0.0070156251 -8.39735 -0.003719451 0.0070489604 0.99996824 0.44314865
0.99995348 -0.0088892907 0.0037446821 0.91469583 0.0089150373 0.99993634 -0.0069158566 -8.3996245 -0.0036829667 0.0069489188 0.99996907 0.44612761
0.99995477 -0.0087807201 0.0036558599 0.91462055 0.0088058821 0.99993725 -0.0069244074 -8.3903206 -0.0035948293 0.0069562872 0.99996934 0.44834868
0.99995444 -0.008837983 0.0036077479 0.9173494 0.0088629053 0.99993656 -0.0069514665 -8.3949095 -0.003546082 0.0069831249 0.99996933 0.44366526
0.99995308 -0.0089645565 0.0036714348 0.92089096 0.0089897872 0.99993569 -0.0069143201 -8.3992754 -0.0036092149 0.0069470011 0.99996936 0.44771063
0.9999524 -0.0090486053 0.0036506555 0.91850733 0.009074471 0.99993339 -0.0071319958 -8.405953 -0.0035858777 0.0071647841 0.9999679 0.44817123
0.99995309 -0.0089685987 0.0036592348 0.91827462 0.0089939395 0.99993527 -0.0069685138 -8.4019984 -0.0035965001 0.0070010978 0.99996902 0.45119508
0.99995377 -0.008900273 0.003638641 0.92066574 0.0089256519 0.99993553 -0.0070191256 -8.393737 -0.0035759343 0.0070512784 0.99996875 0.45077683
0.99995272 -0.0089959074 0.0036915378 0.92164593 0.0090219793 0.99993404 -0.0071077959 -8.4017326 -0.0036273533 0.0071407648 0.99996793 0.44998001
0.9999531 -0.0089734658 0.0036435885 0.92010438 0.0089988524 0.99993492 -0.0070119158 -8.3989386 -0.0035804302 0.0070443751 0.99996878 0.45188616
0.99995294 -0.0090191925 0.0035742863 0.91635191 0.0090447482 0.99993318 -0.0071994024 -8.4051225 -0.0035091147 0.0072313921 0.9999677 0.44929359
0.99995351 -0.0089813579 0.003508439 0.920798 0.0090068609 0.99993263 -0.0073221788 -8.4035489 -0.0034424396 0.0073534384 0.99996704 0.45112816
0.99995333 -0.0090053265 0.0034987826 0.91985466 0.0090309354 0.99993203 -0.0073738406 -8.4039556 -0.003432141 0.0074050937 0.99996669 0.443525
0.99995372 -0.0089180554 0.003608924 0.92085115 0.008944865 0.999932 -0.0074820342 -8.3963699 -0.0035419534 0.0075139693 0.9999655 0.44548101
0.99995233 -0.0090131299 0.0037562036 0.91726673 0.0090410373 0.99993115 -0.007480147 -8.4031068 -0.0036885254 0.0075137504 0.99996497 0.44706457
0.99995287 -0.0089556804 0.0037483234 0.92265171 0.0089839028 0.9999309 -0.0075814778 -8.3943318 -0.0036801671 0.0076147951 0.99996423 0.44607243
0.99995188 -0.0090229113 0.0038496437 0.91934484 0.0090521151 0.99992986 -0.0076373462 -8.3961445 -0.0037804626 0.0076718261 0.99996342 0.4496027
0.99995152 -0.0089932995 0.0040095 0.91998604 0.0090242276 0.99992914 -0.0077635207 -8.3955288 -0.0039393962 0.007799327 0.99996183 0.44904925
0.99994932 -0.0091127357 0.0042793861 0.92373954 0.009145714 0.99992814 -0.0077510244 -8.4044793 -0.0042084456 0.0077897696 0.9999608 0.45203711
0.99995012 -0.0090029851 0.0043253149 0.92223472 0.00903671 0.99992842 -0.007841896 -8.3952327 -0.0042544048 0.0078805914 0.9999599 0.44319707
0.99995076 -0.0089416035 0.0043038507 0.9200717 0.0089749512 0.99992936 -0.0077924195 -8.391566 -0.0042338699 0.0078306627 0.99996038 0.44741488
0.99994978 -0.0089936748 0.0044224104 0.92066118 0.009029801 0.99992546 -0.0082179461 -8.4001369 -0.0043481713 0.0082574669 0.99995645 0.44591549
0.99995015 -0.0088709205 0.0045824965 0.91854468 0.0089091955 0.99992502 -0.0084006583 -8.3873691 -0.0045076313 0.0084410659 0.99995421 0.44665744
0.99994957 -0.0089044648 0.004644395 0.91338586 0.0089428862 0.99992541 -0.0083185425 -8.3911507 -0.0045699764 0.0083596573 0.99995461 0.44618793
0.99994903 -0.0089002459 0.004767729 0.92237853 0.0089402867 0.99992438 -0.0084438852 -8.3890287 -0.0046922158 0.0084860797 0.99995298 0.44811226
0.99994929 -0.0089720371 0.0045738681 0.91842012 0.0090100269 0.99992451 -0.0083540078 -8.3944363 -0.0044985704 0.0083947949 0.99995464 0.44407558
0.99995125 -0.0088097611 0.0044596135 0.91850463 0.0088484767 0.99992268 -0.0087373993 -8.3854421 -0.0043822943 0.0087764342 0.99995188 0.44662863
0.99994886 -0.0090253572 0.0045626675 0.92534885 0.0090656583 0.99991938 -0.0088906488 -8.3963914 -0.0044820584 0.0089315577 0.99995007 0.44784388
0.99994868 -0.0090094771 0.0046326993 0.92410739 0.0090513473 0.99991765 -0.0090978614 -8.3970868 -0.0045503508 0.0091393267 0.99994788 0.44719355
0.99994941 -0.0089602939 0.0045708016 0.91983572 0.0090035885 0.99991395 -0.0095410147 -8.3984626 -0.004484918 0.0095816857 0.99994404 0.44675576
0.99995103 -0.0088070154 0.004513177 0.91377941 0.0088501257 0.99991453 -0.0096228437 -8.3864614 -0.0044280428 0.0096623147 0.99994351 0.44318735
0.99995152 -0.0087682722 0.0044800739 0.91278286 0.0088112281 0.99991452 -0.0096601708 -8.3857187 -0.0043949879 0.0096991774 0.9999433 0.4514119
0.99994884 -0.0089558521 0.0047026339 0.91586062 0.0090008857 0.99991298 -0.009644046 -8.3940176 -0.0046158541 0.0096858805 0.99994244 0.44678628
0.99995075 -0.008829166 0.0045324277 0.91410256 0.0088723175 0.99991465 -0.0095904725 -8.3907123 -0.004447365 0.0096302133 0.99994374 0.44688056
0.9999495 -0.0089048806 0.0046591024 0.91661751 0.008950507 0.99991128 -0.009865526 -8.3900248 -0.0045708377 0.009906729 0.99994048 0.44640367
0.99994959 -0.0088987523 0.0046518018 0.92100799 0.0089447132 0.99991044 -0.009954613 -8.3900463 -0.0045628016 0.0099957202 0.99993963 0.44914885
0.99995022 -0.0088075162 0.0046878811 0.91736231 0.0088544103 0.99991001 -0.010078309 -8.3892081 -0.0045986944 0.010119316 0.99993822 0.44701419
0.99995089 -0.0087863116 0.0045845135 0.91999514 0.0088318566 0.99991089 -0.01001071 -8.389431 -0.0044961477 0.010050708 0.99993938 0.4525558
0.99995023 -0.0088797282 0.0045485779 0.92061419 0.0089249435 0.99990998 -0.01001861 -8.390723 -0.0044592059 0.010058707 0.99993947 0.4533427
0.99994856 -0.0088877521 0.0048871974 0.92031401 0.0089364625 0.99990969 -0.010037111 -8.3905483 -0.0047975487 0.010080269 0.99993768 0.45494154
0.99994754 -0.008975541 0.0049362568 0.91907692 0.0090249623 0.99990844 -0.010082442 -8.3990174 -0.0048453095 0.010126463 0.99993699 0.45197861
0.999947 -0.0089308845 0.0051220973 0.91968067 0.0089832643 0.99990664 -0.010296076 -8.3939351 -0.0050296661 0.010341544 0.99993388 0.45347666
0.99994724 -0.0088028947 0.0052941698 0.92036413 0.008856807 0.99990827 -0.010247582 -8.3828956 -0.0052034758 0.010293931 0.99993348 0.45391498
0.99994643 -0.0088561702 0.0053583369 0.91795736 0.0089111084 0.99990707 -0.010317357 -8.3879211 -0.0052664667 0.010364553 0.99993242 0.44807184
0.99994558 -0.0089211894 0.0054078362 0.92161037 0.0089777634 0.99990426 -0.010529071 -8.3894136 -0.0053133866 0.010577048 0.99992994 0.45257844
0.99994406 -0.0090011565 0.0055552431 0.92069809 0.0090588374 0.9999044 -0.010446835 -8.3991812 -0.0054606785 0.010496574 0.99993 0.4524042
0.99994599 -0.0088547391 0.005441846 0.92007872 0.0089117995 0.99990461 -0.010552248 -8.3920939 -0.0053478895 0.010600175 0.99992952 0.45114201
0.99994536 -0.0089375881 0.0054214179 0.92859794 0.0089953215 0.99990208 -0.010719893 -8.3932638 -0.0053250771 0.010768075 0.99992784 0.45351019
0.99994487 -0.0089714403 0.0054571182 0.92174241 0.0090292999 0.99990229 -0.010672014 -8.3962716 -0.0053608417 0.010720699 0.99992816 0.4508399
0.99994579 -0.0088492715 0.0054877975 0.92599531 0.0089074022 0.9999035 -0.010660332 -8.3880911 -0.0053929318 0.010708636 0.99992812 0.45218344
0.99994487 -0.0089077552 0.0055589401 0.92454783 0.0089660519 0.99990413 -0.010551712 -8.3992864 -0.0054644151 0.010600972 0.99992888 0.45555761
0.99994215 -0.0090936226 0.0057445799 0.92474741 0.0091549628 0.99990038 -0.010743439 -8.4083062 -0.0056463108 0.010795409 0.99992579 0.45723205
0.99994391 -0.008916683 0.0057153299 0.92457117 0.0089771839 0.999903 -0.010648957 -8.3924235 -0.0056198221 0.010699667 0.99992696 0.44953367
0.99994506 -0.0088221491 0.0056616028 0.92512724 0.0088827406 0.99990257 -0.010767808 -8.3851026 -0.005566056 0.010817507 0.999926 0.45212571
0.99994504 -0.008850671 0.0056189779 0.92143047 0.008911296 0.99990135 -0.010857572 -8.3881669 -0.0055223268 0.010907048 0.99992527 0.44869209
0.9999455 -0.0088502522 0.0055384577 0.92572678 0.00891053 0.99990029 -0.01095514 -8.3837262 -0.0054409497 0.011003894 0.99992465 0.44750105
0.9999456 -0.0088356526 0.0055430036 0.92220803 0.0088967686 0.99989882 -0.01109976 -8.3873254 -0.0054443692 0.011148471 0.99992303 0.44836051
0.99994431 -0.0088522907 0.0057458239 0.92447386 0.0089154143 0.99989915 -0.01105497 -8.3901228 -0.0056473826 0.011105581 0.99992238 0.45261567
0.99994336 -0.0089808379 0.0057108687 0.92398906 0.0090433791 0.99989837 -0.011021385 -8.3978763 -0.005611307 0.011072407 0.99992295 0.45379538
0.99994302 -0.0089607486 0.0058025492 0.92159634 0.0090250199 0.99989715 -0.011146589 -8.4000701 -0.0057020706 0.011198322 0.99992104 0.44453463
0.99994416 -0.0088215826 0.0058183514 0.92587606 0.0088865771 0.99989733 -0.011240973 -8.3928885 -0.0057185908 0.011292051 0.99991989 0.44538118
0.9999431 -0.0089289058 0.0058370844 0.92563009 0.008994599 0.9998954 -0.011326774 -8.4004165 -0.0057353381 0.011378632 0.99991881 0.44788562
0.99994383 -0.0088354645 0.0058533441 0.92142885 0.0089014703 0.99989599 -0.011348181 -8.391009 -0.0057524688 0.011399647 0.99991848 0.44969992
0.9999429 -0.0089297942 0.0058704381 0.92181923 0.0089965516 0.99989403 -0.011445481 -8.3929108 -0.0057676102 0.011497641 0.99991727 0.4447821
0.99994337 -0.0089498346 0.0057577935 0.92448543 0.0090153192 0.99989381 -0.011449604 -8.3989529 -0.00565471 0.011500864 0.99991787 0.44237765
0.99994252 -0.008966774 0.0058775546 0.92319083 0.0090351288 0.99989063 -0.011708311 -8.3943868 -0.005771926 0.011760743 0.99991418 0.44436873
0.99994303 -0.0087813965 0.0060681937 0.92228635 0.008852092 0.9998921 -0.011723214 -8.3865834 -0.0059645927 0.011776263 0.99991287 0.4469181
0.99994293 -0.0088091453 0.0060445001 0.92633431 0.0088788993 0.99989316 -0.011611962 -8.3866161 -0.0059415628 0.011664968 0.99991431 0.44336016
0.99994242 -0.0087567819 0.0062022901 0.92020447 0.0088286698 0.99989305 -0.011659595 -8.3807927 -0.0060995262 0.011713681 0.99991279 0.44677728
0.99994267 -0.0087672022 0.0061470194 0.92234737 0.0088391862 0.99989151 -0.011782696 -8.3848802 -0.0060430513 0.011836355 0.99991169 0.44628249
0.99994352 -0.0087793808 0.0059907285 0.92542738 0.0088497725 0.9998909 -0.011826553 -8.3839898 -0.0058862451 0.011878902 0.99991212 0.44153549
0.99994098 -0.0090338931 0.0060359808 0.92653693 0.0091052774 0.99988767 -0.011905554 -8.3949971 -0.0059277492 0.01195981 0.99991091 0.44563227
0.99994094 -0.008881507 0.0062639983 0.92746355 0.0089564366 0.99988744 -0.012037094 -8.3887349 -0.0061563857 0.012092486 0.99990793 0.44242374
0.9999407 -0.0087736106 0.0064517365 0.92899539 0.008850386 0.9998892 -0.011969283 -8.3794447 -0.0063460078 0.012025674 0.99990755 0.44323034
0.99993998 -0.0088613643 0.0064429437 0.92478993 0.0089383532 0.9998878 -0.012020393 -8.3883919 -0.0063357037 0.012077261 0.99990699 0.4402519
0.99994011 -0.008894063 0.0063773046 0.92724455 0.0089697748 0.99988844 -0.011943416 -8.3881215 -0.0062703677 0.011999904 0.99990834 0.44374444
0.99993897 -0.0090380802 0.0063538931 0.92463603 0.0091142199 0.99988576 -0.012058113 -8.3962112 -0.0062441851 0.012115288 0.99990711 0.44471648
