-0.9902037704570283 0.1387835960737474 -0.015349476653083635 128.80556820843395 -0.13906304090014052 -0.9901023049904146 0.018944558803884334 13.594639569971031 -0.012568358217781022 0.020893518456854682 0.9997027044367753 -3.854225219407444
-0.9902082539215504 0.13879308134913343 -0.014969784074824376 128.15500169462035 -0.1390896585152093 -0.9900565973154315 0.021023819974296778 13.551410595454527 -0.01190297272770525 0.02290010222252317 0.9996668968003497 -3.959113294646864
-0.990229928516565 0.13874694445650357 -0.013927531214758444 127.01870591483814 -0.13899246195539142 -0.9901195895066665 0.018555189149109187 13.400129233507649 -0.01121544564277685 0.0203097253003383 0.9997308249584607 -3.8834879323361475
-0.9902731378798308 0.13844158230941894 -0.013893798021114158 125.89724389099516 -0.13868730122349504 -0.990160946992689 0.01863138704032216 13.28955297766953 -0.01117773752865909 0.020377055665614017 0.9997298843259415 -3.747920487866919
-0.9903660605549603 0.13790106493305113 -0.012583820761346582 124.78044639898746 -0.13816411545115803 -0.990137381016008 0.02320848806188804 13.1288107986092 -0.009259236287049319 0.024723531746323364 0.9996514483153782 -3.889031189214706
-0.9902617247644756 0.13877270500096273 -0.01112921657955212 123.6568725569427 -0.13896583146448535 -0.9901145102774026 0.019019766241856452 12.980403375601426 -0.008379774451210591 0.020381127396828232 0.9997571680864903 -4.007680131944413
-0.9901108685378739 0.13982281220404333 -0.01140360343180043 122.54151484214131 -0.13999062563587186 -0.9900306542264492 0.015553832709915203 12.906006353418237 -0.0091151364081279 0.016996416501843605 0.9998139986982543 -3.872809069715399
-0.9899461291146324 0.14068769874324644 -0.014616342646434782 121.47121141611755 -0.14097557152684548 -0.9897904076859546 0.020996130589052964 12.729677967200857 -0.011513218464385478 0.022845585486531053 0.9996727126852046 -3.85375922401137
-0.9898782987538985 0.14129887528853394 -0.013251070137670571 120.3526814461406 -0.1416239857238099 -0.989522040468451 0.028085181007901024 12.65208801768664 -0.009143821394438088 0.029677580562184492 0.9995177033824113 -3.900097479443216
-0.9899315539196967 0.1412264197958761 -0.009519686995961984 119.25281472572104 -0.14138544167239334 -0.9897749607020889 0.018859427967845566 12.486642924397351 -0.006758898288287297 0.02001548788265899 0.9997768201474748 -4.036582125730494
-0.9899495750349091 0.14092902533076584 -0.011783297365150516 118.17265699404494 -0.14114668714266265 -0.9897803234240057 0.02031066872243023 12.356229013457849 -0.008800513169806103 0.021769711364847986 0.9997242805280722 -4.0297784793024345
-0.9900471652130779 0.14010512636617062 -0.013310446152352542 117.12450308692333 -0.14036478677102146 -0.9898742820412155 0.021133611591219462 12.19091323130127 -0.010214741074871022 0.022791590257477082 0.9996880558256284 -3.934102596069138
-0.9902336045517547 0.13877226962793665 -0.013403864360002224 116.10144475599921 -0.13904039634254067 -0.9900483531439066 0.021726259959723594 11.974066481407942 -0.010255471459369751 0.023377751298163083 0.9996741007499514 -4.03201551399238
-0.990323688444736 0.1381713323359754 -0.012948641474516156 114.99950051431448 -0.1384742835990265 -0.9900113549609441 0.02650280688901964 11.836491099963137 -0.009157373967253921 0.028039411285230405 0.9995648728084825 -4.140632703786435
-0.9904625122400634 0.13720191118802091 -0.01263499442916792 113.95277750879902 -0.137503805855967 -0.9901237132594765 0.02734462991310431 11.649652142346833 -0.008758472245939074 0.028821190872756898 0.9995462123779321 -4.182406806253171
-0.9904401250177391 0.13740690590265914 -0.012152885231965616 112.91112536652012 -0.13768129351056368 -0.9901423643946617 0.025728768253957906 11.539151021291477 -0.008497776173122768 0.02715602940467373 0.9995950887833964 -4.217124929442806
-0.990438548606364 0.13758242659628833 -0.010127507169806704 111.84609638985216 -0.1377904798144639 -0.9901710429356513 0.023981030716564128 11.417877635157987 -0.0067285958844289905 0.02514721104546923 0.999661111617604 -4.346513563297964
-0.9904718588507805 0.13733545498553779 -0.010221319778762637 110.80242667432186 -0.1375299993046494 -0.9902598606437585 0.021700285436819317 11.28750725830654 -0.007141544120106605 0.022899260132201654 0.9997122689963017 -4.26357241637735
-0.9904939661125406 0.137210670768926 -0.009743369827571164 109.75375729123414 -0.13737083336980538 -0.9903506158396576 0.018300571306812896 11.181103860025793 -0.007138318667526137 0.019465060400670076 0.9997850589719787 -4.3036535948738655
-0.9905465349825255 0.13666459532812789 -0.011846888824135753 108.75447884463013 -0.1368478298061515 -0.9904570983187913 0.01635240270304717 11.025941023969825 -0.009499040671088919 0.017819036904314647 0.9997961028824406 -4.286261678687571
-0.9906594233160223 0.13583925313543876 -0.011899439244111768 107.70543851141971 -0.1360526313441143 -0.9905103448061201 0.01946611912152412 10.891396394061255 -0.009142254767355161 0.020903244627001893 0.9997397068971203 -4.455425099333292
-0.990757812986718 0.13509690151969853 -0.012156811009602779 106.69917550780116 -0.13533127777213477 -0.990575012554694 0.021132671114312985 10.771479272222134 -0.009187274800259949 0.022582555683797686 0.9997027649267164 -4.272264687215678
-0.9908936359236826 0.134077902657574 -0.012366200392720175 105.68112284153474 -0.13431581272972834 -0.9907163356063695 0.02098588048557582 10.640724177809242 -0.009437653880349924 0.022455751687550398 0.9997032950852641 -4.274436248520174
-0.9910297946315999 0.13310835767902374 -0.011920916596082444 104.66114921293062 -0.13333372032247123 -0.9908553535640925 0.020683032494425827 10.50034769520207 -0.009058819550089744 0.022086961683186156 0.9997150116803565 -4.316862217858653
-0.9910812957376979 0.13269038646952602 -0.012293496425376022 103.67050624489056 -0.13292006952563593 -0.9909196301940709 0.020261614969178113 10.389542394010142 -0.009493345430879676 0.021714960160719898 0.999719132329878 -4.23801794711307
-0.9910878219790434 0.1326223510964344 -0.012499662222487074 102.65252437179161 -0.13284759581815986 -0.9909476408451744 0.019346800529788377 10.269699221019355 -0.009820692559623334 0.020834928395648936 0.9997346959240486 -4.251696095914212
-0.9911144155195218 0.1323796176249875 -0.012955899640097612 101.6593846736709 -0.13261242864930647 -0.9909828811942701 0.019153816157391427 10.142950344730318 -0.010303499812543554 0.020701736551871058 0.9997325985674808 -4.304547294781667
-0.9911056800135546 0.13239789906505822 -0.01342824298106423 100.68161883517577 -0.13267003746086797 -0.9909173437770519 0.021942791412804873 10.01489177642443 -0.010401099426058229 0.023529150727685362 0.9996690429888476 -4.370746202695962
-0.9910986703504625 0.1323197255015168 -0.014659821593683063 99.69763281890272 -0.13263050633752232 -0.9909040280492628 0.022767633225096832 9.911271205061121 -0.011513869284039274 0.02450931050776563 0.9996332937962281 -4.226812510065377
-0.9911095668377093 0.13232169573437483 -0.01388513141227746 98.71266904940605 -0.13261493114300807 -0.9909030907940533 0.022898572868077557 9.789877546898897 -0.01072884160222821 0.02453637029516816 0.9996413620742803 -4.297816178682633
-0.9911484103062049 0.13207902133180527 -0.013415007591437824 97.74405061084558 -0.1323752041192801 -0.9909013972247711 0.02431503152545545 9.664574413510948 -0.010081444263032925 0.025875619299510676 0.9996143372957125 -4.378154164654132
-0.9911669982514447 0.13198995124124618 -0.012908786380306594 96.78447636195757 -0.1322807089862033 -0.9908940386696758 0.02511602337777877 9.542971250983422 -0.009476176813512599 0.026601756926589937 0.9996011947581749 -4.404865089403097
-0.9912139711685257 0.13171666795614545 -0.012065381197076298 95.82065467230716 -0.13198709953240484 -0.9909273334124545 0.025346113694696876 9.434449434167467 -0.00861741037460354 0.02671589678918733 0.9996059202494199 -4.4879998309566815
-0.9912153574232392 0.131717389723282 -0.011943730401719976 94.863203921173 -0.13197246090281467 -0.9909643220398845 0.02393693453377584 9.333167627441558 -0.008682900156322372 0.0253029006997419 0.9996421243921808 -4.500488114402084
-0.9912859302931838 0.1311628862384053 -0.012186242255410987 93.9218673898869 -0.13141235539096974 -0.9910696703448917 0.022620644010441594 9.210321376094392 -0.009110426220061026 0.02402494905854631 0.9996698496707074 -4.508972415888472
-0.9913054767408875 0.1310180104054225 -0.012154711973567137 92.97483289014419 -0.13125400032535967 -0.9911213981835231 0.021230920747581327 9.12070639611716 -0.009265162044030394 0.02264168255597153 0.9997007073056204 -4.535585799612728
-0.9913701716468823 0.13044263623375146 -0.013034656739756104 92.05089587348151 -0.13068186180157096 -0.9912308013566761 0.019589387621923218 9.011111110235891 -0.010365061810109044 0.021123727767521704 0.9997231360822729 -4.543961915600443
-0.9914491728611627 0.12954407839752582 -0.015712024961646216 91.11838645980457 -0.1298246132956739 -0.991366545333996 0.01838336454591535 8.894236133301966 -0.013194919838922068 0.020265979046378686 0.9997075472764527 -4.414594366238819
-0.9915507875722976 0.128602877239859 -0.016980660892551333 90.20409267939797 -0.12893428354401054 -0.9914489475396143 0.020123096612583585 8.79285205714341 -0.014247570229569639 0.022142461600312194 0.9996533028633194 -4.428521682009412
-0.991614745911707 0.12807375848398797 -0.017242748489659086 89.30220702963713 -0.12842050041198583 -0.9915021386761534 0.020777185912854206 8.690118945130656 -0.014435209654546713 0.02281728626352667 0.9996354337970786 -4.3854983515328065
-0.9916628846409545 0.1278894088068133 -0.015780729885625462 88.37955844652278 -0.12820537850210817 -0.9915260248446511 0.02096467367838594 8.583553151423772 -0.012965844642302824 0.022813063245989026 0.9996556674181254 -4.4855088996634125
-0.9916434606742587 0.1279714896942987 -0.0163262909760354 87.50020523884024 -0.128322628307227 -0.9914735811713127 0.022659375436996202 8.481065301741742 -0.013287332159484059 0.024565054052657933 0.9996099303892428 -4.525819852912161
-0.9916350190167876 0.12797470499733946 -0.016806381657785682 86.60245923863225 -0.12836156970713872 -0.9914269667234665 0.024410606723698575 8.37038284683447 -0.013538359871765028 0.026363706124501174 0.999560736691823 -4.591628670529931
-0.9916150916964505 0.12822753657077243 -0.016037553589582143 85.70768310483126 -0.1285952719836113 -0.9913944286187294 0.024501727094332952 8.275064955523941 -0.01275774523206555 0.026358635992656577 0.9995711344467274 -4.634758829404558
-0.9916193092020176 0.12824744015599027 -0.015612160032634865 84.82933023514659 -0.1285931339879569 -0.991415920807825 0.023627779124580122 8.17472310244824 -0.012447941903490653 0.02543737867239637 0.9995989164922868 -4.642809474451375
-0.9916461247760274 0.12810088261043312 -0.015103888358553724 83.97035793113132 -0.12842841544149458 -0.9914476773535876 0.02318724621991045 8.07101205718105 -0.012004408350212957 0.024933311253706122 0.9996170389401239 -4.650779430131863
-0.9916920206625974 0.1277579819273675 -0.014994274563521034 83.11962028304838 -0.12808533968643226 -0.9914871449538988 0.02339639987887004 7.961666717129569 -0.011877553683400915 0.02512256984638673 0.9996138136530472 -4.648349590321418
-0.9917382029525339 0.12741248285657236 -0.014879316773846931 82.26861024047355 -0.1277368713298249 -0.9915324087690964 0.023383359977198273 7.87109561307865 -0.011773992769095406 0.025090808701404423 0.9996158350643933 -4.695739965422317
-0.9917451223422251 0.12739518883045894 -0.014562710461945915 81.44250251236605 -0.12770212064485661 -0.9915560328899884 0.02255671237834738 7.771573376430523 -0.011566126816668128 0.0242301985133548 0.999639497800674 -4.68216208151362
-0.9917510079292658 0.12737021041516716 -0.014379118333827379 80.61634564744487 -0.1276612114654759 -0.9915836129772809 0.021553598323130824 7.679128789739754 -0.011512811770761175 0.02321145862135645 0.9996642866487617 -4.695425815075524
-0.9917455585268355 0.12728493000342206 -0.015469100456611226 79.80243197908288 -0.12761001823769338 -0.9915749057340264 0.022245998286820702 7.58761005448049 -0.01250719150603959 0.02403638212133872 0.9996328423503651 -4.681547275097721
-0.9917637112737192 0.12713818578298997 -0.015511881994481736 78.99749214378767 -0.12746135840870318 -0.9915993043589245 0.022009772343122198 7.4939458684871205 -0.012583288823053223 0.02380565894339503 0.9996374059732893 -4.713429096100323
-0.9917693229721061 0.12710259780418004 -0.015444620975784243 78.21292170806113 -0.12742999825732815 -0.9915928733971202 0.022476000691180123 7.400510724952967 -0.012458018010121464 0.024259116091471845 0.9996280802565393 -4.75965240033802
-0.9917660322857534 0.12709542617968342 -0.015712969058191473 77.43555020272431 -0.12743022621876832 -0.9915912604922843 0.02254551458918356 7.298956838139174 -0.012715411111611674 0.02436218289506851 0.9996223339823942 -4.787426829249689
-0.9917534864345264 0.1270466701990808 -0.016857039045493346 76.66584525487723 -0.12740678768315694 -0.9915986140774733 0.02235408672702804 7.210023353540902 -0.013875404238838636 0.02431744468537907 0.9996079891592418 -4.744432350941146
-0.9917908594981073 0.1267667920323271 -0.01676503027847382 75.89087355537231 -0.12713205015126375 -0.9916217158005081 0.022887007157262995 7.115935413641572 -0.013723255619633152 0.024830497247156184 0.9995974803874298 -4.720101438938021
-0.9918225914494609 0.12667063452895916 -0.015572595086822565 75.13508854787165 -0.12701327126263368 -0.9916240766813261 0.023437419335693415 7.03435302025381 -0.012473327461428712 0.025223688161425513 0.9996040104564577 -4.771447365774416
-0.9918062713609936 0.12687688763445185 -0.014918691077039026 74.39018415547767 -0.12721151874346429 -0.9915813323627525 0.024159562550303177 6.950685559354641 -0.011727805605511472 0.025859435295157926 0.9995967964193855 -4.800966335867535
-0.9917743656142345 0.1271527936255597 -0.014689166486018815 73.65047626994529 -0.12748485602083667 -0.9915389085064797 0.024458193317026353 6.863112494172208 -0.01145495253107692 0.026129655544620985 0.9995929335103203 -4.804801970803775
-0.9916775463473236 0.12799716260932048 -0.013869501663803062 72.9110278232754 -0.128307886355431 -0.9914321626599267 0.024481542842730096 6.767901411027011 -0.010617102048463958 0.026057362829546286 0.9996040628021345 -4.858818124193843
-0.9915322953319412 0.1289625781651989 -0.01524323080161361 72.18715116893446 -0.12932128034002993 -0.9912744527772086 0.025514065467832598 6.677265850147938 -0.011819865695965078 0.027269294036722506 0.9995582417975778 -4.820521299995705
-0.9914638187955969 0.12959282004845193 -0.01432485654901812 71.46429953916133 -0.12992966348375104 -0.9911870258257164 0.02581795391486982 6.593493431995352 -0.0108527903297676 0.02745879081208787 0.9995640169431337 -4.879230987502019
-0.9913208934074978 0.13066470160384255 -0.014478016231307397 70.76233016837499 -0.1310054096522024 -0.9910455186046438 0.02581381570026267 6.500856774151795 -0.010975418759993477 0.02748647359903926 0.9995619248032904 -4.8983172066484295
-0.9911981180249048 0.131664506104782 -0.013810981276095622 70.0650468015523 -0.131983031016547 -0.9909248160028195 0.025465633747243574 6.423855374295051 -0.010332723958758202 0.02706430352982494 0.9995802957987404 -4.936067136833956
-0.9910401334001483 0.13278794401988914 -0.014381405686620566 69.3890863880769 -0.1331051866249223 -0.9908120847135501 0.023967216218482815 6.3426286203077336 -0.011066713161552938 0.025666712728765313 0.9996093017608048 -4.872341906208163
-0.9909250063305323 0.13367308829806968 -0.014111615955979259 68.71418637565078 -0.13398321853103978 -0.9906936936299717 0.023968633545215424 6.256634896512959 -0.010776327710743433 0.025641838152633906 0.9996131099478665 -4.919500043007421
-0.9907765556355106 0.13470271310247528 -0.014730472010609954 68.05398847004673 -0.13502612724609817 -0.990557138829014 0.023759399040280103 6.172430661574106 -0.011390918729587304 0.025529254196563364 0.9996091774917022 -4.9317566919088645
-0.9906552649139028 0.13554557188429647 -0.015150626312693474 67.40490177567797 -0.13588844315437854 -0.990420720303145 0.024517717486801927 6.071587995058531 -0.011682226183815982 0.02634740099013366 0.9995845807261546 -4.956415683657887
-0.9905324791337237 0.13641288050823813 -0.015392334864781912 66.76374177045786 -0.13675241341400599 -0.990321177389901 0.023722369959707973 5.998792413144459 -0.012007318367625803 0.025602716820535724 0.9996000797714119 -4.964647882820851
-0.9904424243243203 0.13706400844245614 -0.015403013833954156 66.13662871511048 -0.13740097288224565 -0.9902367576367651 0.02349756926436869 5.916252823046767 -0.012031959543308263 0.0253893785880957 0.9996052248011773 -4.969101299469943
-0.99032454936724 0.13789991529986 -0.015521020240032731 65.51681012905289 -0.13823265978046512 -0.990134570912556 0.022918792114123246 5.829819219894628 -0.01220739923979578 0.024842554411157586 0.9996168421579616 -4.961289896871445
-0.9902116152532537 0.1387245588872385 -0.015377376310245338 64.910256131143 -0.13906125821157134 -0.9900035065520033 0.023558854388041527 5.75010577615513 -0.011955464807103905 0.025466648526596327 0.9996041823884114 -4.959791269878419
-0.9900922552491396 0.13957597421679224 -0.015358237149637103 64.30223890733934 -0.1399174127155801 -0.9898719410527858 0.02401357502712153 5.666385334428276 -0.011850969983747581 0.02592453957139298 0.9995936556388175 -4.9848312066611715
-0.9899863203309089 0.1403814431972398 -0.014836695302644377 63.72539340929335 -0.14071496584617962 -0.9897463408589668 0.02452510783982772 5.587061119384492 -0.011241694933378989 0.026367266487882412 0.9995891135158307 -5.036759865840973
-0.9898858161050865 0.14112708685023848 -0.014464566082362424 63.145814875237676 -0.14144888208415532 -0.9896456669388777 0.024365198608969487 5.507387181431301 -0.010876205589897136 0.02616476111819502 0.9995984744310902 -5.036354498653182
-0.9897838113128251 0.14187724497933143 -0.014101349025244726 62.576086817240025 -0.14218696142495688 -0.9895454920019434 0.02413701612176799 5.4359419235114474 -0.01052943290072626 0.02589545567094361 0.9996091970683916 -5.0411317989232165
-0.9897392301214315 0.14221311562090447 -0.013845365645739766 62.02690140649646 -0.1425101828365818 -0.9895128722850918 0.02356096285067857 5.366130902999073 -0.01034948960928176 0.025292314836867752 0.9996265257642133 -5.025567430834928
-0.9896505194948483 0.14276102928267106 -0.014530851215543188 61.482730883890454 -0.14307703404955513 -0.9894274145760352 0.023714024388236377 5.297114919001759 -0.010991783851877188 0.025547627400700563 0.9996131709234002 -5.007762182107922
-0.9895278441749774 0.14369449699733805 -0.01365820611459879 60.93859531824176 -0.14399394009559155 -0.9892801656352496 0.02430021724065968 5.22171650511778 -0.010019984779485083 0.026012440292935587 0.9996113979599807 -5.059628607835377
-0.9893602502576101 0.14485291611066148 -0.013561764906906063 60.414406038054416 -0.1451454942367947 -0.9891218416160314 0.02389064786499738 5.144226502461726 -0.009953607896141426 0.02560488651447601 0.9996225834954102 -5.0722126136199215
-0.989216483689628 0.14586145699539807 -0.013235965470562914 59.89058698103818 -0.14615174523435603 -0.9889575464165495 0.024548778670057905 5.066912582928915 -0.00950908727772112 0.02621851592892113 0.9996110099774947 -5.103075247691212
-0.9890480488201546 0.14701137064158076 -0.013100321520337674 59.37640878446672 -0.14728686187490847 -0.9888172397428417 0.023389163467588764 4.991649919177629 -0.009515350651924168 0.02506251157186485 0.9996405979018611 -5.104496722651271
-0.9888974377986504 0.14800092366624798 -0.013326362074499791 58.86497140300246 -0.1482778893345151 -0.9886786601842129 0.022982262466771652 4.92847538425088 -0.009774093692198496 0.024703105185176825 0.9996470537535491 -5.106575166869415
-0.988808347343623 0.14856529888312975 -0.013653000760564474 58.36287835811887 -0.14884604524200598 -0.9886027873236679 0.02256965357814104 4.841644606432796 -0.010144327297207826 0.024349257118124096 0.9996520463348049 -5.115581068961608
-0.9887120304185683 0.14920928982889906 -0.01360532062313708 57.87636786787421 -0.1494857841014054 -0.9885128870844075 0.022277077263682037 4.768701977975767 -0.010125088028200306 0.024059416367991145 0.999659255459776 -5.135441490426297
-0.9886389540615421 0.14973354803387925 -0.013148204350790008 57.389104190496724 -0.14998610711764118 -0.988465869651199 0.02096147410217107 4.702695615340378 -0.009857915430403768 0.022695377843794436 0.9996938198929172 -5.141442789747336
-0.9885767661614066 0.1500775749786136 -0.013881662841739029 56.9201840825021 -0.15034364205436307 -0.9884177572428711 0.020666963732258833 4.6457066755711685 -0.010619234245728216 0.022517899979307695 0.9996900428174271 -5.145750414598952
-0.9885641583004332 0.15013984011606457 -0.014104500776928949 56.461952983895 -0.15041222752982059 -0.9884047953716829 0.020787581856075075 4.572486532781256 -0.010819911986861783 0.022671347711531224 0.9996844211558739 -5.143688972737596
-0.9885593797362445 0.1502443650795157 -0.013303270254973885 56.010693597565876 -0.15049603937678255 -0.988397398982435 0.020531189006060862 4.5073853723068495 -0.010064222331925445 0.022298388985732023 0.9997007026243101 -5.1680029763763935
-0.9885969277833387 0.15006933345942064 -0.012462182375325688 55.566614976610126 -0.15029414873768812 -0.9884459877747304 0.01965170333773507 4.449879868251907 -0.009369076192628204 0.02130060683411493 0.9997292188541047 -5.179075373088993
-0.9885916685644685 0.15014187924855713 -0.011996672975262704 55.13181804768214 -0.15034241875829815 -0.9884690071187212 0.018060643882731802 4.387425603253706 -0.00914668043939873 0.019658210900557527 0.999764918170318 -5.181313011503108
-0.9886352269562004 0.14984138326202942 -0.012163279756128891 54.71831158075859 -0.15003876714019035 -0.988527506943085 0.017370433813703408 4.328082295132256 -0.009420926899631803 0.01899798645157296 0.9997751379601608 -5.171863786380615
-0.9886857686147542 0.14949115673491295 -0.012362961213025226 54.32081404760233 -0.14969137840110738 -0.9885819811365029 0.017267012426121272 4.265438325289322 -0.009640535079371269 0.018922278242599514 0.9997744779379754 -5.183276010128629
-0.9887061834116829 0.14930910798450742 -0.012917941760417353 53.927377134431325 -0.14951620095908288 -0.98861470677102 0.01690769999676638 4.205522045700655 -0.010246393637957466 0.018648189091940992 0.9997736068161482 -5.1648991224675385
-0.9887763935698461 0.14892332028533525 -0.011962350941557662 53.5479440690876 -0.1491059449423686 -0.9886887296453493 0.01618657466157647 4.166397235825829 -0.009416483063573707 0.017788560501779096 0.999797424811043 -5.176749457468079
-0.988869274995306 0.148291993792573 -0.01212603447090164 53.19096222636516 -0.1484781326182047 -0.9887822857192959 0.01624330221037598 4.122843486648488 -0.009581256369266423 0.01786295326942866 0.9997945350649324 -5.178811576875215
-0.9889107956501418 0.14800380062674404 -0.012259945523569567 52.852182528347925 -0.14819720158090158 -0.9888160766294243 0.016743552973117692 4.068907606083474 -0.009644721846840482 0.01837477002607643 0.9997846513111119 -5.195631554480533
-0.988988067661226 0.14746353196202777 -0.01253406337979394 52.52464481287596 -0.14765732010311372 -0.988904729210451 0.016271137232194387 4.027331857503796 -0.009995595237919111 0.01794270688232163 0.9997890515262667 -5.181248705168066
-0.9891908129884568 0.14620680104493045 -0.011184933426069741 52.20426779421961 -0.14638904681136175 -0.9890684190767631 0.017717648723859857 3.9846264407024696 -0.008472223670194581 0.019163487163615753 0.9997804682665733 -5.242575914180087
-0.9892952801021075 0.14549174282195557 -0.01126937964774776 51.90413552615866 -0.14567774436246125 -0.9891691126835341 0.017957222994040376 3.9358501456630304 -0.008534694591069083 0.01940669378195614 0.9997752423534215 -5.227288292963825
-0.9893638745165563 0.14527187471885228 -0.007429702512049477 51.60891997532414 -0.1453802469720007 -0.9892284264455191 0.01707960222148321 3.90234685971195 -0.004868487118054397 0.017978073337969348 0.9998265293824148 -5.224449164505949
-0.9894918126604781 0.14448683882098964 -0.00543121007498489 51.33065957106701 -0.14455588630280733 -0.9893702857637696 0.015812502778666408 3.8700682133222326 -0.003088779373196051 0.01643145531622161 0.9998602190905879 -5.234901719742291
-0.9895400214428606 0.14416120877147864 -0.005300897677195512 51.06818448325519 -0.14422739674364496 -0.9894222550315104 0.015558303549877726 3.8363570121634707 -0.003001922251871654 0.01616009847891298 0.9998649084586629 -5.222150604145389
-0.9895915897898475 0.1437898914011239 -0.005740302476834019 50.81073773729359 -0.14386464729784157 -0.989468490279254 0.015970991734137643 3.8035985406124047 -0.003383381260509333 0.016630585651685237 0.99985597509281 -5.225541573334865
-0.9896326394420579 0.14353994058720054 -0.0048505119632963264 50.55300557772487 -0.14359879087223368 -0.9895145842589405 0.015500582937386615 3.774101975962063 -0.0025746995689275333 0.016036410684570117 0.9998680974216997 -5.252396824859909
-0.9896580390293459 0.14339153782896893 -0.003979407614961226 50.31916817215066 -0.14343609848245994 -0.9895417112781233 0.015273684096598775 3.740834601906723 -0.0017476728687035822 0.015686514303029947 0.9998754298911952 -5.244012780772493
-0.9895989924917552 0.14380940191381902 -0.0035616611940075802 50.09240340562124 -0.1438453671521507 -0.9895029726993428 0.013869851251351435 3.712674843234365 -0.0015296594404088481 0.014237919334181127 0.9998974666779848 -5.193937717074081
-0.9895563437695257 0.14411342016929676 -0.003092177509450333 49.85569078516756 -0.14414110809267436 -0.9894780866962133 0.012507900505592516 3.690711581437303 -0.0012570856047526304 0.012822982467536572 0.9999169958106308 -5.151379111894298
-0.989537213807758 0.14425056521220597 -0.0028081266911791493 49.628930456288245 -0.1442755905963911 -0.9894439783878077 0.01360793301138948 3.6618896155798 -0.0008155318353067474 0.013870700494282713 0.9999034604157371 -5.190465914372877
-0.9896092078344136 0.14376962785505532 -0.0019780883930804786 49.40268509370116 -0.14378305748320774 -0.9894927390289466 0.01518373774722652 3.638270259784502 0.00022565626930027053 0.015310382321812373 0.9998827638370065 -5.2720714847753865
-0.9896552347361356 0.14344558646594174 -0.002423335626887703 49.191643004737564 -0.14346600861609465 -0.9895274196902538 0.015905924337379307 3.595635650810342 -0.00011632241215174813 0.016089047542468173 0.9998705595055267 -5.303180854002792
-0.9896108648926121 0.14372011827284661 -0.0038564257262322216 48.99553239886112 -0.14376046460026437 -0.9895139876881475 0.013963801396021708 3.5796189378715395 -0.0018091080943684942 0.014373130531398458 0.9998950631711343 -5.258771017161444
-0.9895156565610798 0.1443668149830144 -0.00412090305983476 48.8134106064631 -0.14440682433626464 -0.9894443670302671 0.012104550566266274 3.5579730002623196 -0.002329908861016196 0.012572729117746421 0.9999182439727314 -5.206281535340603
-0.9894733803493818 0.14463497325358401 -0.004812435193625011 48.633179745274454 -0.144682356055849 -0.9894093891729665 0.011665486768686218 3.525540820758078 -0.003074231140003052 0.012238962912790825 0.9999203799083066 -5.16658992075519
-0.9895142464364375 0.14434924445483296 -0.004985962664515407 48.449927775338985 -0.14440365684332904 -0.9894305165035328 0.01322274789159141 3.507087739708169 -0.0030245700503412297 0.013804088320361839 0.9999001476435216 -5.1977959396861335
-0.9895207013547673 0.14432059228949604 -0.004510376011238949 48.28136529549785 -0.14437037303319866 -0.9894248313711674 0.013988889731110881 3.4873238517694105 -0.002443793140547625 0.014493460796836175 0.9998919743994145 -5.24613312953242
-0.9894511725431367 0.14479200932223096 -0.004652078769047617 48.117520428849915 -0.14484290777785278 -0.9893605578325825 0.013645905164364753 3.4699405587048524 -0.0026267653026159255 0.014175777676792517 0.9998960691693567 -5.2365136050288426
-0.9893693004628321 0.14533387911173395 -0.005143559654420596 47.96130830491621 -0.14539115036716396 -0.989282615230497 0.013465508309004743 3.4465246794439466 -0.0031314396063500307 0.014070188695107677 0.9998961104329949 -5.229969509749816
-0.9893225454683788 0.14563588593995963 -0.005576272183389029 47.800827876657436 -0.14569821488086865 -0.9892412716192668 0.013180794644081591 3.420950722129799 -0.003596681904944664 0.013852510344747188 0.9998975835837995 -5.237113309610949
-0.9893592702880463 0.14538061143792 -0.005718759464497283 47.660186913905015 -0.14544478796045457 -0.9892790996898257 0.013140758564788416 3.399136049859335 -0.0037470377903045353 0.013832695146287405 0.9998973035393265 -5.2264862261071094
-0.9892639300302549 0.14600545842532484 -0.006266921087282132 47.525030354504125 -0.14607605518007322 -0.9891895546115225 0.012876828623525186 3.3843183821340457 -0.004319085670690348 0.013654029138812907 0.9998974462651442 -5.2200468487909335
-0.9892146077956314 0.14629008553018671 -0.00732611382687385 47.37711380405229 -0.14637848101071754 -0.9891366445779592 0.013492477549715238 3.357258157411458 -0.005272711976251262 0.014419341300640686 0.999882136582522 -5.221645387186096
-0.9891956069698022 0.14637357142229712 -0.008175372057173887 47.245335265161245 -0.14647634063793125 -0.9891174355359796 0.013834373167893245 3.33932875933135 -0.006061416387655024 0.014882399722816516 0.9998708821623873 -5.1968143653497565
-0.9890831853675782 0.14717293959356437 -0.007388030450845886 47.11904670215548 -0.1472646056243647 -0.9889986818986394 0.013955277594727653 3.3286561697345274 -0.005252913055514804 0.01489092565540139 0.9998753238772019 -5.208935609981736
-0.9890501766243659 0.14744646142140458 -0.006267340276502796 46.990697372908045 -0.14752425723995702 -0.9889502686144295 0.014627440494964549 3.3176194407397137 -0.004041323524573547 0.015391857237410825 0.9998733669060139 -5.2265661284587015
-0.9890725248523558 0.14730994383050963 -0.005943863980617942 46.86913421505264 -0.14738582539361775 -0.9889582600789015 0.015458734095929377 3.3035863378437735 -0.0036010081596210847 0.01616585058302782 0.9998628432775135 -5.255650079310476
-0.9890683602261822 0.14733309673649186 -0.006060574860049153 46.745896913444184 -0.14740879581483357 -0.9889632888604696 0.01490817343021125 3.2884331555733244 -0.003797218711845035 0.01563858471038936 0.9998704954967964 -5.270531403322287
-0.9890390304948775 0.14752906914105537 -0.006079786850835709 46.63034700369697 -0.1476027170933657 -0.988943288553017 0.014304027146881863 3.2677789799711263 -0.0039023046210859536 0.015044634262355748 0.999879205056074 -5.27208872140755
-0.9890367875972693 0.14752150509746867 -0.006606519237432003 46.53005969474277 -0.14759875969834985 -0.9889573762026831 0.013338727823103299 3.2596046588177323 -0.004565816696574843 0.014167606459195356 0.9998892097088288 -5.264907045139178
-0.9890345422644445 0.1475087954089817 -0.0071999607243476635 46.43546586476705 -0.14759231642896814 -0.9889638902698432 0.01292048139093263 3.2329462273549456 -0.005214616568076276 0.013841461152168695 0.9998906073746252 -5.248520048440847
-0.9890237759326692 0.1475663895799574 -0.007491549229349586 46.34111652662459 -0.14765345167149277 -0.9889559334596504 0.01283015822894964 3.217426683602948 -0.005515511995038916 0.013795484670430729 0.9998896238701327 -5.250265774898465
-0.9889758545959182 0.14788538319214029 -0.007527659242693109 46.25239340108775 -0.147972716389801 -0.9889086954047303 0.01279313187702119 3.2051672985386332 -0.005552250497297068 0.013765986772335847 0.9998898254591211 -5.259425329210217
-0.9889415044150481 0.14811577114192143 -0.007510685105875575 46.18215234733013 -0.14820132280771445 -0.9888779933081946 0.012517192168241657 3.203771305295289 -0.0055731576661222585 0.013491864258022289 0.9998934447086826 -5.246626015975682
-0.9890058828268075 0.1476970287440695 -0.007277422508603703 46.10084086842103 -0.14777877498412217 -0.9889428407113274 0.01238880704710838 3.1881064364771756 -0.005367164867269948 0.013328051617197452 0.999896770069517 -5.248672567081105
-0.9889945232887527 0.1477928491983528 -0.00686286619715878 46.02522422419342 -0.14787079133984793 -0.9889246734586364 0.012736316694572918 3.179771015228246 -0.004904521238478033 0.013610965141550283 0.9998953431597535 -5.253711073313315
-0.9889588927617696 0.14804209623383852 -0.006621647776923593 45.95602661706785 -0.14811724021957287 -0.9888864069633698 0.012843512846998827 3.1723151189679974 -0.004646676905268334 0.013682486406677026 0.9998955904606713 -5.2664344187195
-0.9889700912998354 0.14794835022866812 -0.007032183395106566 45.89164179530027 -0.1480293419120815 -0.9888990187400473 0.012885531218820146 3.154688691939377 -0.005047726101289254 0.013784374470733713 0.999892246057403 -5.259402121811074
-0.988966476610453 0.14797251076944465 -0.007031940853748758 45.82129007858316 -0.14805211374729105 -0.988899132626452 0.012612400439703332 3.15129707534531 -0.0050875916756155624 0.013514335059915195 0.9998957386912078 -5.257702164446147
-0.988940979477171 0.148139732110325 -0.00709632658739568 45.7712322656437 -0.14822071033829098 -0.9888725892153027 0.01271277047086353 3.143974901576634 -0.005134096456714223 0.01362400230963529 0.9998940056426007 -5.246968018268879
-0.9889354995376934 0.14818612869693704 -0.006888850609082808 45.715521605735375 -0.1482646567827388 -0.9888650189243261 0.012789290541818557 3.1374004696592444 -0.004916947995005448 0.01366915664998707 0.999894488111526 -5.237878703042327
-0.9889759690820159 0.1479212424062189 -0.0067707376225239905 45.66983290316284 -0.14799859194017612 -0.9889037545334812 0.012875841371003557 3.130018186540939 -0.004790997395255746 0.013735957301665143 0.9998941812271867 -5.2676907573075225
-0.9889520883580772 0.14808247461638732 -0.006734764055669968 45.62521035149545 -0.14816045818350376 -0.9888763445667931 0.013116753438610991 3.1305773830781494 -0.004717487583356107 0.013969666441195594 0.9998912915153398 -5.2624240954214105
-0.9889299670107011 0.14822161405942216 -0.006919216723511411 45.581574852935915 -0.14830242927439924 -0.9888543484125595 0.013170411393866027 3.124957781736226 -0.004889957917715055 0.014050751220226032 0.9998893256309955 -5.261700864952028
-0.9889480405698986 0.14810132370770276 -0.006910969277452293 45.54380553518599 -0.148181857492338 -0.9888729126624427 0.013134234204110317 3.1212895877774827 -0.004888872880137661 0.014013155401308137 0.9998898589476658 -5.2612416215912035
-0.9889522892736572 0.14807177678641706 -0.0069367146283352155 45.506073581058374 -0.14815174683831095 -0.9888798997594915 0.012946390808675818 3.1218202185603836 -0.004942582559323845 0.013831049222278102 0.9998921299682465 -5.253876540480599
-0.9889558761390903 0.14805688318284957 -0.006741223168501373 45.48381232583312 -0.148134544184945 -0.9888813950264809 0.013028903073838772 3.1196375558072624 -0.00473725135541182 0.013883618027218771 0.9998923942606902 -5.262079433298639
-0.9889211706385387 0.1482902826398352 -0.00670136115169035 45.45793926340219 -0.1483672472688863 -0.9888468489510337 0.013002301973019673 3.114985394064689 -0.0046985048298357895 0.013852514231206352 0.9998930071342815 -5.265876357015736
-0.9889347640888618 0.14819431441191072 -0.0068170955875547 45.435235012465085 -0.14827272975985914 -0.9888614640936756 0.012968912887233966 3.1131550457906325 -0.004819244077520776 0.013836198397498684 0.9998926611396406 -5.25844890727235
-0.9889197382789731 0.14829433264222927 -0.006822092840325131 45.42098694083678 -0.14837314978626837 -0.9888454727533416 0.013039544535250918 3.1069640079430716 -0.004812305074196413 0.013907278578470331 0.9998917108002353 -5.256195577061166
-0.9889192962020062 0.14829260057383575 -0.006922657767350222 45.401673590496216 -0.14837289134207834 -0.9888453175511803 0.013054469036674107 3.1059845174152922 -0.004909556550093088 0.01393695128676686 0.999890825992802 -5.257338433124994
-0.9889420707832843 0.14814452559772404 -0.006839568688068099 45.39249060945402 -0.14822335966561836 -0.988868588547261 0.01299034432656374 3.099126507257182 -0.00483898627262876 0.013860481816922714 0.9998922261247263 -5.262806530691733
-0.9889001138240093 0.14842409758145075 -0.006845465055485983 45.397580282072184 -0.14850347816535947 -0.9888252312893832 0.013090975449388833 3.1103462755542157 -0.004825952343607939 0.013962242545836605 0.9998908796530737 -5.262331494696891
-0.9889158647782689 0.14833169691355774 -0.0065672578056800174 45.388481181909796 -0.14840812257946123 -0.9888368521276736 0.013293003094672594 3.1024233012613536 -0.004522172886321573 0.014120295927805865 0.9998900746479725 -5.270477435034557
-0.9889517919313112 0.14809311646324583 -0.006541064636234084 45.390718562051326 -0.14816987146589455 -0.9888705317633262 0.013444442696799997 3.1057655932146915 -0.00447723665082684 0.014265094552631257 0.9998882288612425 -5.2765216851055134
-0.9889417466735315 0.14816708133945908 -0.0063819604497272475 45.39166014105022 -0.14823988160527155 -0.9888652243413614 0.01305763676207647 3.107971498401655 -0.004376186886998303 0.013859303377976622 0.9998943818958603 -5.278413479867202
-0.988940061375853 0.1481780637009067 -0.00638908074107361 45.39366992043523 -0.14824997009949753 -0.9888666610581937 0.012832439824753947 3.1123996547152064 -0.0044164627289616015 0.013637694776451189 0.9998972454286801 -5.2671864467990295
-0.9889398442904682 0.14817097793219547 -0.006584192348714562 45.39724430364708 -0.14824633696661318 -0.9888649618689695 0.013004013661282654 3.1108120291687236 -0.004584059606396391 0.013836269611068769 0.9998937633630037 -5.253408305232375
-0.9889469116169902 0.14812797239790368 -0.006489347651542798 45.39316350413191 -0.14820207874356078 -0.9888714362185548 0.013016300216528054 3.111725501470941 -0.004489052325419799 0.0138341647025562 0.99989422406078 -5.260797039417635
-0.9889332422244628 0.14822879357262958 -0.006266340731975233 45.39206361618033 -0.14829872667327734 -0.9888602386969698 0.012763485081034408 3.121585878677857 -0.004304619246041649 0.013551524972803222 0.9998989039407824 -5.273079620625053
-0.9889481796242879 0.14813048934902956 -0.0062335820168624816 45.39249500940555 -0.14820144819518358 -0.9888703326349827 0.01310742351785408 3.1125847174890424 -0.004222595225425503 0.013886388347138783 0.9998946596517582 -5.272192824376595
-0.9889488950514206 0.1481146637563053 -0.006490408616642577 45.39149786230168 -0.14818917380544913 -0.9888722356211892 0.013102568138564703 3.104574945243902 -0.0044775023828995736 0.013919578399736484 0.9998930882018953 -5.264828206460477
-0.9889884351999537 0.14784909599557075 -0.006521188952895864 45.3926990506212 -0.14792271554421435 -0.9889159952670687 0.012807335156144753 3.1168042520023924 -0.004555355155915009 0.013630938267530004 0.9998967187627781 -5.261058751113131
-0.9889343376808974 0.1482228521100821 -0.006234633054366889 45.39121595743468 -0.1482935686623858 -0.9888572889974311 0.013048770851589673 3.1151369707735572 -0.004231036285951087 0.013828933620889492 0.9998954280283692 -5.278171173804218
-0.9889318549848765 0.14823559244974124 -0.0063245572289211075 45.38881806386859 -0.14830724267843945 -0.988856181610959 0.012977132403903286 3.1139475988643834 -0.004330404535127967 0.013771477331199284 0.999895791914857 -5.273463581952873
-0.9889586839714882 0.14806756794086898 -0.006059741717454646 45.392255054417454 -0.14813519956695384 -0.9888832226711682 0.012881450486130257 3.1169761158004476 -0.004085051840302047 0.013636883375120321 0.9998986660994627 -5.284046057611995
-0.9889634211682217 0.1480169205940022 -0.006506382438866826 45.39022487605811 -0.14809111723425708 -0.9888885073696073 0.01298206075297806 3.11102211298652 -0.0045125221643039495 0.013802320768862397 0.9998945617737649 -5.265041338510353
