-0.9990675591943149 0.039109694745005794 0.01828780857496288 127.00823854919672 -0.039306210069171114 -0.9991719115542007 -0.010512516878882203 9.52821353164979 0.01786152332584807 -0.011221539024726272 0.999777496769358 -8.273211166564568
-0.990130720170169 0.13822980867811846 -0.02310144948110382 126.52150704658547 -0.13837471084312628 -0.9903683706039169 0.0047885181878011265 20.860118340472553 -0.022217028928237938 0.007937915353840282 0.9997216578255407 -3.530762485417239
-0.991786992654446 0.11858285369189649 -0.04792356426382335 131.17493652482716 -0.12119328381294527 -0.9910577399424446 0.055827807218410616 8.439297852104728 -0.04087479859397097 0.0611773071527928 0.9972896208872527 -4.251187093862465
-0.9876808628842768 0.14803190610598183 -0.05072541637885575 129.30287432099084 -0.15069300039546885 -0.9871372565709298 0.05340090187846832 8.556576779275508 -0.0421679110697935 0.0603870140365632 0.997283949440562 -4.263333282157822
-0.9910566525627729 0.1322540259646372 -0.017764684833363926 122.81295578226641 -0.13284191447943927 -0.9904285998967887 0.03747284702199452 20.5631698863273 -0.012638717044100512 0.039497609075002535 0.9991397308228929 -4.355495796503269
-0.9904894619299331 0.13640201757275888 -0.018030956931010044 122.26327963511307 -0.13711223184881843 -0.9894432577675901 0.046928408621080435 20.313638226108672 -0.01143947914909138 0.048954358951502464 0.9987355050544939 -4.581968453438801
-0.9910122032111702 0.13332776369150004 -0.010886712799381857 122.25980340851322 -0.1331715743310366 -0.9909941575365181 -0.01399683959645311 8.097875697755507 -0.012654836101109056 -0.012421238163690746 0.9998427716224884 -5.763264411147794
-0.999640115482612 0.02205568359973319 -0.015270440035317367 119.0438261992552 -0.021893773329455808 -0.9997031483726544 -0.01069008059883934 7.274428652697109 -0.015501684015686102 -0.010351905851567767 0.9998262528249225 -5.2054379560811
-0.999585311875038 0.022465752648799006 -0.018013723702246725 118.00551107634506 -0.022309053893130582 -0.9997119224411017 -0.008853148791015926 7.424929459101192 -0.01820742700359773 -0.008447608362454348 0.9997985434650692 -5.003647473096643
-0.9994260482088315 0.026369612919744295 -0.021265410321716575 116.7452915364851 -0.026095772522014945 -0.9995742163218008 -0.013053609506229693 7.535681905427717 -0.021600574486976058 -0.01249118005332957 0.9996886443301805 -4.917109111318038
-0.9900290057782615 0.1385601902351185 -0.025370088681940555 115.52823918206002 -0.1382443942786414 -0.990301811305522 -0.013813398406529247 19.45040051290274 -0.027038031885709475 -0.010168392548204726 0.9995826872373974 -3.79555998832992
-0.9990745883109688 0.026479235947778873 -0.033894203854101496 115.89447227184911 -0.025237537852562907 -0.9990130032004813 -0.036552511808386236 7.504171183681125 -0.03482863296803321 -0.035663279433944546 0.9987567756093548 -4.338683524594188
-0.9991301667971298 0.023545129562800464 -0.034417098509535435 114.75002171856455 -0.022372711505890756 -0.9991692721721259 -0.034062109842110416 7.06131350912979 -0.035190504057463656 -0.03326247767218623 0.9988269299549797 -4.387983741153673
-0.9909569536015203 0.1317601787985821 -0.02536870891030328 111.8024073337434 -0.13174409734883588 -0.9912810648653839 -0.0023115477706631684 18.782880534729593 -0.025452090730429273 0.0010515333193726168 0.9996754900242054 -4.350739700678908
-0.9902743066849801 0.13640103241902043 -0.027414519412517734 110.70173934197743 -0.13661009288244289 -0.9906073569826986 0.0058946428563524935 18.772982524146578 -0.026352989246837176 0.009582413411001555 0.9996067713411004 -4.5488623758949
-0.9916743167145896 0.12612912438439508 -0.02595175428921598 108.80393945656483 -0.12655817894244067 -0.9918363959501414 0.015607402455676109 18.28044644886498 -0.02377134643715017 0.018761866929126972 0.9995413525402056 -5.065366112857975
-0.9916973008944833 0.12577170805726176 -0.026794418279936866 107.89132839922873 -0.12622850777489594 -0.9918706447449659 0.016093101569366813 18.50975872046311 -0.024552540062569118 0.019341704825534586 0.999511416258425 -5.028508336961414
-0.9902950884777202 0.1364280643948917 -0.02651454284676066 107.12093163082297 -0.13705217149178087 -0.9902887632014878 0.02334240275247301 17.99818689989145 -0.023072495016725543 0.026749742472303138 0.9993758608508473 -5.160116949151098
-0.9912441615840645 0.1308176231029348 -0.017937714771186566 105.69575610271612 -0.13154380880377686 -0.9901380603566362 0.048195931348961926 17.88015039558391 -0.01145593692846981 0.05013353088400232 0.9986768198922988 -5.292157049514582
-0.9914546329334899 0.12831401464487976 -0.02352072448801455 105.0692150808244 -0.12903204744781369 -0.9911211997614962 0.03208579303606119 17.671639602779642 -0.01919483175629892 0.034846535395092255 0.9992083253280143 -5.610018660565241
-0.9920605489551267 0.12475586956701623 -0.015869474327711436 104.0937594448838 -0.1251546764549435 -0.9917622297485251 0.02727611786335384 17.841032132183926 -0.012335889441732908 0.029045699385878282 0.9995019625687959 -5.182724175881875
-0.9917641560892706 0.12649890012238652 -0.020047118605376453 102.837087927417 -0.12728591011443063 -0.9908614306995557 0.04463095605491651 17.442677882622466 -0.014218149770369367 0.04681509820411851 0.9988023782496963 -5.414361861515495
-0.9920629957628915 0.12409244154712881 -0.020299714008851038 101.69799388324722 -0.12489820759754802 -0.9911505246765893 0.044956369651576 17.172103377586545 -0.01454132651749799 0.04713494864961448 0.9987826822882513 -5.552316273129342
-0.9920983256756261 0.12469535025522051 -0.013855750299298622 100.44570531226748 -0.12518301627970133 -0.9912021274822518 0.0429831933407994 17.35103495764154 -0.008374044825808799 0.04437805876088308 0.9989797111422615 -5.6171969751344095
-0.9918492136584892 0.12559627279944735 -0.021464240585819434 99.50189408743502 -0.1262357078515547 -0.9914964581145376 0.03161201685357465 17.120785407726075 -0.01731136702447595 0.034063907662223794 0.9992697167264358 -5.760066097361538
-0.9922865987617421 0.1227543295740663 -0.017282375087907614 98.41730622106645 -0.12335398794702797 -0.9915776663119574 0.0394654954219263 16.92163126866021 -0.012292256726168444 0.04129293210896003 0.9990714660035238 -5.776561169218839
-0.9927385304840305 0.1195946958704708 -0.012935177310897217 97.41750401772237 -0.12002781306837286 -0.9919384519671426 0.04063780996874836 16.93301575807326 -0.007970833233637429 0.041895300794742865 0.9990902109363715 -5.775842993884299
-0.9919950622068594 0.12417315527560026 -0.022952648346632593 97.16566306537152 -0.12469483641438868 -0.9919309940698201 0.022893247372476444 16.849743669683335 -0.019924716530264903 0.02557206508223695 0.999474399451346 -5.421100520454417
-0.9929842182191508 0.11736188598247987 -0.01444057084540751 95.48136126226763 -0.11790329561345926 -0.9919913667407206 0.045298357534915824 16.311118386972744 -0.0090086209372456 0.04668314503663299 0.9988691249199263 -5.832155099463803
-0.9936430144547963 0.11228496985838764 -0.008102182983143656 94.46067067434049 -0.11234066042143924 -0.993646622243398 0.006779831883149528 16.307400172647686 -0.007289433535354219 0.00764693717705113 0.9999441926980465 -5.74373991821625
-0.9926640450170572 0.1203677655595184 -0.011388360048283745 93.4553147745088 -0.12073751039596999 -0.9918399267597396 0.04093914103432758 16.35313533101394 -0.006367677265975291 0.042013815578381686 0.999096738052324 -5.713401289738972
-0.9922187021442301 0.12446946869677505 -0.003065693652683201 92.95750607657342 -0.12450679806476114 -0.9919784235265812 0.021837227236684967 16.148684706423964 -0.000323033884643167 0.022049004967755012 0.9997568389508774 -5.908763074477256
-0.9927889514950096 0.11921730039798792 -0.012543248194151223 91.54478011432114 -0.11961174598662949 -0.9921033016576812 0.037736839586278034 15.783598998299478 -0.007945313805901173 0.038965037222442184 0.9992089860798813 -5.816329777786276
-0.9932347897333885 0.11518047466664902 -0.014768571997664222 90.45742966136905 -0.11546393350947559 -0.9931094835762815 0.020040800617137457 15.611927865720254 -0.012358499981977756 0.021610457802219235 0.9996900797706179 -6.153478581462906
-0.9955719294711752 0.09400259051882934 0.00021499951544886253 88.8019268031995 -0.09398119755149502 -0.9953892238808991 0.01917882917615211 15.261116369673516 0.0020168678264937843 0.01907369805596492 0.9998160462238285 -6.580409951187613
-0.9942861923329638 0.10611221364098043 -0.011626084991908408 88.39864088411694 -0.10626090693838396 -0.9942530481410908 0.013019059827370201 15.495020277101318 -0.0101777891833456 0.014180069758893778 0.9998476575103711 -6.046905826342646
-0.992546383018899 0.12080060926485969 -0.016090070147293696 87.99416239533545 -0.12108006071663174 -0.9924849284608764 0.01769987782074901 15.524949916670472 -0.013830996094407156 0.0195161363812299 0.9997138710490084 -5.889369440379532
-0.9943852011088175 0.10526641411804158 -0.010819143890049563 86.57300415028422 -0.10550731198022681 -0.9941083775882974 0.024834265188911124 15.448541836874304 -0.008141187535738297 0.0258363245740313 0.9996330353674902 -6.130327946092186
-0.9939571533503533 0.10944658903524966 -0.008403657074406911 86.25009598125155 -0.10957548881364987 -0.9938361162871084 0.016822194108190327 15.261376644748392 -0.006510726144206896 0.017641375000634195 0.9998231805340244 -5.851052860021826
-0.9943594308557608 0.10546143104750265 -0.011278689180052126 84.72158565677876 -0.10560357411347321 -0.9943252648050747 0.012851183010884141 14.973949019905236 -0.009859381454628275 0.013969764913254345 0.9998538084468179 -6.2619923315679396
-0.9944609560968785 0.10468690727512601 -0.00938393542469647 83.6470244617463 -0.10489925846333126 -0.9941410004471176 0.026073296758369488 14.90732939984441 -0.0065994221511386335 0.02691324349044406 0.9996159887437301 -6.0189908726901695
-0.9943507211763729 0.10568968773414475 -0.009814947921136567 82.91443154203645 -0.10579530222579175 -0.9943276585012987 0.010948130720933954 14.918796102982085 -0.008602169667567801 0.011924657059540732 0.9998918967723649 -6.343971673996134
-0.9927817614734429 0.11934900497125474 -0.011840147721385847 82.48309858976988 -0.11957179861557912 -0.9926171832202966 0.020339925064811977 15.038350702917898 -0.009325184262438979 0.02160885439300211 0.9997230108136445 -5.963249835784151
-0.9935444650397718 0.11336501605131277 -0.004215343938373779 81.6841471444061 -0.11340232287255372 -0.9934985396884171 0.010028200441268167 14.743683483951273 -0.003051090943068693 0.010441492837049671 0.9999408312852313 -6.390043909274802
-0.9942144068758517 0.1073030777244384 -0.00487469705341725 80.99431817233932 -0.10736064594542946 -0.9941258884255798 0.013689764944360016 14.384988956125415 -0.003377108627180004 0.014133912158869836 0.9998944082573967 -6.375312568831082
-0.993704905947947 0.11177011480451617 -0.007615860527371428 79.95110748615329 -0.1118975380704322 -0.9935361142389918 0.019103158813811808 15.03697215475796 -0.00543147022120196 0.019835098675688157 0.9997885116322203 -5.98645225170778
-0.9939327634356834 0.10996812823283271 -0.0021616063654755595 79.7326337497903 -0.10998927856561484 -0.9937654640217131 0.01823625834232325 14.564463242691282 -0.00014272255694338954 0.018363368173593863 0.9998313689515835 -6.138234155588967
-0.9924745460607116 0.12230046678403286 -0.006072169792990697 79.21292003312033 -0.12233782772452044 -0.9924690425065509 0.006217360676220525 14.874378623398275 -0.005266054427520192 0.006913428276876608 0.9999622358770514 -6.063936973880763
-0.993706650940927 0.11178336034455573 -0.0071813804976988355 77.9041400248108 -0.11190561984815352 -0.9935216064170875 0.019797722818909527 14.60616454792944 -0.004921800704498245 0.020476765674595644 0.9997782143782403 -5.587348882504817
-0.9931102340247636 0.11637974910377709 -0.013704636946090679 77.5572180453892 -0.11675335892260438 -0.9926874484950157 0.030664030732235163 14.642490514910936 -0.010035748879437352 0.03205282513290334 0.9994357909067669 -5.3069200028967085
-0.9928813531411481 0.11895306506331181 -0.006065220247262076 76.89265111764074 -0.11901851636849817 -0.992820664235785 0.011904680922160198 14.529765637986804 -0.004605577710331393 0.012541809217985297 0.999910741854242 -6.168976684962386
-0.9927787148198949 0.11983961588233924 -0.005374929369963141 76.32279064699068 -0.11988150877714028 -0.9927535133028406 0.008299739645589036 14.348227258979236 -0.004341342404734711 0.008884159501129332 0.9999511110329766 -6.415276549184116
-0.9930460639203934 0.1175783547059105 -0.00590300236021437 75.67027727743707 -0.11763962950674306 -0.9929908173344887 0.01140851694567835 14.116430242645494 -0.004520232486289301 0.012023609858708009 0.9999174967487249 -6.331898439466884
-0.9936715883146292 0.11221854378283684 -0.004875757124580455 74.82304980864333 -0.1122644536744248 -0.9936232045937847 0.010469944314699843 13.740330513149422 -0.003669743514463618 0.010951060406593658 0.9999333014049056 -6.427998060226099
-0.9929307715524665 0.11862585935005222 -0.004048258599355133 73.50542287967151 -0.1186764018622625 -0.9928006761802646 0.01620891782438594 13.923682872906877 -0.0020963170687401176 0.016574766045777463 0.9998604315529638 -6.501672071661365
-0.9926376413083094 0.12104457004142669 -0.004327253327804305 73.15438410681892 -0.12109269567365048 -0.9925492227612344 0.013512936415099064 13.733157582760578 -0.002659344348840286 0.013937448100559687 0.9998993326470824 -6.504555834689548
-0.9932755374376456 0.11576872294832276 -0.001144340365141466 71.96482579398767 -0.11577409392597658 -0.993246491178168 0.0076004564253133716 13.794374409006286 -0.00025671691820738994 0.007681832409541658 0.9999704613373618 -6.384958382515101
-0.9933375532253249 0.11520209141042835 -0.002997246568290584 71.52484557524161 -0.11523199550593945 -0.9932497669091135 0.013284869089006359 13.833476567301886 -0.0014465697521563947 0.013541738058879755 0.9999072600828037 -6.460617373739989
-0.9935216658908396 0.11362245985301878 0.002153142457833203 70.97010302695438 -0.11360549505781284 -0.9935025396392518 0.006818740575005549 13.75979682137372 0.0029139145772941067 0.0065299576805048125 0.9999744340504555 -6.485356412224845
-0.9935236397718624 0.113590507696267 -0.0028237874878772233 70.2445074992714 -0.11361344337147075 -0.9934740524794009 0.010064419279598315 13.637404797690266 -0.0016621371032843396 0.010320058694703567 0.9999453653519221 -6.428569607159314
-0.9936326793786406 0.11266395226037575 -0.0009655733543262024 69.5347922536283 -0.11266799746328544 -0.9936063498131238 0.0072349124844530936 13.266651668174259 -0.0001442859813124483 0.007297634693232945 0.9999733614999193 -6.438700518891539
-0.9936138452312536 0.11280794391468832 -0.0024278291760480557 68.73971267982593 -0.11282112154804057 -0.9935957635049179 0.006233239745439806 13.434003023065616 -0.001709121824224577 0.006467343722283526 0.9999776259335861 -6.572888345828045
-0.9938423760786733 0.11077745843921484 0.0023845779612381686 68.08459859409315 -0.11078823026103095 -0.9938314805321222 -0.004995631988346239 13.52924750312932 0.0018164652306949726 -0.0052290539375576634 0.9999846786071221 -6.735934352105662
-0.993375536400325 0.11489465144193026 0.0020646431669344607 67.58379699812399 -0.11488664930095976 -0.9933719083296366 0.003648226135429405 13.236951068591914 0.002470120192968972 0.0033868586587406093 0.9999912138087302 -6.652861843848328
-0.9936162560844688 0.11281267572144059 0.00018931786668095816 66.91025101914937 -0.11281281825794882 -0.9936156158238806 -0.0011296139298030267 13.445553297761817 6.067441873538819e-05 -0.0011437602458386057 0.9999993440653436 -6.667906665882998
-0.9941409279825147 0.10775661679598067 0.008504519195678134 66.11015059998931 -0.10771348042358204 -0.9941674308125091 0.005378256845378835 12.875404987546057 0.009034458760980833 0.004430693889297518 0.9999493724717052 -6.67068176912162
-0.9931011177391245 0.11725731317176141 -0.0009446973310509155 65.74989606378588 -0.11725763541143117 -0.9931014857748253 0.0002930692064603006 12.951767330304937 -0.0009038158153512059 0.00040182033172918275 0.9999995108285777 -6.725324580334479
-0.9935996141679577 0.11295560837477306 0.0009150202095723899 65.08859889337518 -0.11295746390666728 -0.9935971052790307 -0.0023245922039318036 12.866246126713227 0.000646585704884588 -0.00241307227922109 0.9999968794996872 -6.778283297689191
-0.9935409318469064 0.11346690814112084 0.0012951840332862817 64.18192930056067 -0.11346014417897336 -0.9935325595694429 0.004455194527927207 13.063940452315281 0.0017923246559555194 0.004279466355681058 0.999989236812098 -6.477260701802938
-0.993428080255146 0.11444847330595179 0.0014819981494233496 63.763958235697935 -0.11445438181243651 -0.9934167273419214 -0.004837387849296928 12.759715391795304 0.000918610097386123 -0.004975218106616022 0.9999872015982422 -6.681575318245021
-0.9937924337246822 0.1112460941777742 0.0009514209168950813 63.11592528089446 -0.11123726339237455 -0.9937710956855272 0.00672908708203283 12.831960697224282 0.001694079262299245 0.006581482368869057 0.9999769068259926 -6.4681051726193415
-0.9935863469961216 0.1129855953328076 -0.004519547565105993 62.51576766725331 -0.11304191910624506 -0.9934741397429849 0.015187435159119859 12.81657833305281 -0.0027740922262396044 0.015600926550241855 0.9998744498701306 -6.090484158673085
-0.9933098694743181 0.11546525464407002 -0.00181057308495532 61.99997372621869 -0.1154760946317896 -0.9932784280903676 0.00795209776846609 12.755896548193123 -0.0008802121939766855 0.008107975105338044 0.9999667424300629 -6.351249025609618
-0.9924396406934194 0.1227323912004092 0.0005654472166080501 61.606629540949 -0.12273273198333974 -0.9924395700332395 -0.0006134591663825818 12.813938389796885 0.0004858808821330897 -0.0006782200763514366 0.9999996519685899 -6.619219341689602
-0.9926421444704406 0.12089852733513656 -0.0067170759501527875 60.92512446341432 -0.12100914048865831 -0.9924559358083839 0.019697801829024496 12.70691977010732 -0.004284966665136474 0.02036569583624168 0.9997834152924268 -6.0798471045859825
-0.9928731811933538 0.11911280654098598 -0.0038710960877130903 60.468966625372516 -0.11915363912384093 -0.9927904930143368 0.013017191090898961 12.617595064136877 -0.0022926732293092437 0.01338567511487173 0.999907779423276 -6.115709109342004
-0.9931288039077483 0.1170244795363459 -0.0006708487318651243 59.49099559371087 -0.11697360263681328 -0.9924922366030164 0.03572585294871024 12.337624377246156 0.00351498718900379 0.03555884520052709 0.9993614027933413 -5.829401556531298
-0.992285076713506 0.12380162639816725 -0.006594227236154572 59.585766186163966 -0.12392411793944536 -0.9920119772676933 0.023559498092514772 12.579424359493416 -0.003624848218112299 0.024194922165795385 0.9997006883146513 -6.082543625305111
-0.9926731963555392 0.12072993397551504 -0.0049201910072074456 58.57621516464897 -0.12079909364278175 -0.9925181159094371 0.017758619503309345 12.512441283740225 -0.002739381748257215 0.018222860199431888 0.999830197160394 -6.177359698870031
-0.9926490432879 0.12082320953798387 -0.007044777963651038 57.89968879683636 -0.12097660840304326 -0.9922447381343321 0.028548903026650377 12.220529334693065 -0.003540773773288911 0.029191294621318434 0.9995675721227784 -6.1414422473421775
-0.9926952177817009 0.12055949238812673 -0.0046490201608871224 57.482991648777 -0.12063978242761726 -0.9923601818834017 0.025832388742791562 12.08103279640878 -0.0014991628184338492 0.026204545549557968 0.9996554778039207 -6.274446088108408
-0.9923488807447618 0.12340639868640484 -0.003815710663566282 57.34083551503604 -0.12346134658979335 -0.9920921540151852 0.022593225527613614 12.063510618801368 -0.0009973880142436996 0.022891454841462273 0.9997374587922537 -6.372434727809542
-0.9921098549190638 0.12506639208713105 -0.00874261647270064 56.91211212368963 -0.125273366906756 -0.9916791438961661 0.02964893092873463 12.048792770977144 -0.004961785598562842 0.030510213563321807 0.9995221396007199 -6.170141991349493
-0.9924793129109176 0.12226293145269798 -0.0060488872092519805 56.04229585586021 -0.12239400252319535 -0.9919756779557818 0.03168536713568237 11.687541447193682 -0.0021264031201124333 0.03218741892050368 0.9994795888226129 -6.23674061187732
-0.9911506028778203 0.13253620676141087 -0.007391637994001985 55.57275917971499 -0.13269348050202442 -0.9907578050256666 0.02813204601487613 12.146467673037812 -0.003594808367232514 0.028863916539866044 0.9995768863248015 -6.062265373101872
-0.9915305217710535 0.12957592100246132 -0.008792331476110467 55.192259124053784 -0.12975868295930085 -0.991229036530268 0.025053569325412407 12.02769851731474 -0.005468874938180369 0.02598226001793505 0.999647444637994 -6.177578508171083
-0.9916285402261896 0.12897731052748446 -0.0061393467058812635 54.360429506292846 -0.12908986728324764 -0.9913328604880617 0.024391922461189205 12.2106269558902 -0.002940131573830185 0.024980253914967443 0.9996836212225744 -6.252482764584663
-0.9918105097206906 0.1274734507276338 -0.007901402861322343 54.243994942374954 -0.12763688953985625 -0.9914870737352157 0.025733383853924027 11.976903373964424 -0.004553815562617051 0.02653115104121894 0.9996376147325875 -6.167038712951991
-0.9918434181566734 0.12725249484076054 -0.007310021620544886 53.817926635725115 -0.12740530829925176 -0.9914829048337197 0.02700993964575202 12.040259979095794 -0.0038106792653148976 0.027720966420687748 0.9996084367112194 -6.0476477971460225
-0.9925312732528941 0.1215620602195675 -0.010214554819735424 53.402864772273176 -0.12180309670132532 -0.9921656691415273 0.027772119309058433 11.754272537903779 -0.006758494577832843 0.02880886134722022 0.9995620902469853 -5.884220395836209
-0.9918106817791195 0.12731099515910144 -0.0101726112892696 53.368795634450066 -0.12754217001133086 -0.9914714060635058 0.026785179246330202 11.771982701140239 -0.006675805392944388 0.027863263808393764 0.9995894518012414 -5.799416389238654
-0.9921330519564876 0.12513881893057063 -0.003504741384464723 52.91045145812138 -0.12518201727427236 -0.9919687856774594 0.018093943537330515 11.558242464846714 -0.001212339331203 0.018390330020151925 0.9998301485727948 -6.28207696303422
-0.993123079137394 0.11707072147706979 -0.0009979266033891224 52.1573193469368 -0.11707484124345215 -0.9930730021622368 0.009974664119764854 11.310148974364935 0.00017672715702715132 0.010022901242646523 0.9999497538467609 -6.510362609572119
-0.9945488804980674 0.10419332582202663 0.004034247661670436 51.32605826465351 -0.10413249457732658 -0.994476722353941 0.013132869803067264 10.852740525803188 0.0053803227741112975 0.012641184687614819 0.9999056218346559 -6.7266905207078835
-0.992707183127184 0.1205504833158499 -0.00017187209192642963 51.270374284294306 -0.12053309248310713 -0.9925376541826356 0.018460190846551483 11.531893012865734 0.002054795405714482 0.018346280330021662 0.999829581385697 -6.28086223741882
-0.9927650940826828 0.12004697890040425 -0.002488137434810365 51.513852160348975 -0.12006496376766794 -0.9927236216481751 0.00917690019573792 11.163182262456763 -0.001368373661274474 0.009409244317168584 0.9999547958157441 -6.410835382045687
-0.9933276123917849 0.11522457849333845 0.004852934274524521 49.98763260984187 -0.11514416698287637 -0.9932435078311397 0.0144621907438995 11.21984025567037 0.0064865452946587425 0.01380690632712937 0.9998836402641159 -6.656651363395301
-0.9939011479208971 0.11026300642811614 0.0016054827813938204 49.88808129608141 -0.11022670480273164 -0.9937927965803105 0.015031667020594618 10.974737535453203 0.0032529540205000415 0.014763024030323053 0.9998857291769001 -6.372335106268605
-0.9935884444571983 0.11296028181294651 0.004688045847775707 49.76174593216775 -0.11289045687219057 -0.9935203217841628 0.01315731542081007 11.046004836338607 0.006143922877057565 0.012543720924602087 0.9999024488804122 -6.644046052282671
-0.9935505949724478 0.11332358582414387 0.0038704167549871845 49.459136385115585 -0.1132853433214123 -0.9935219325806848 0.00897777643345523 11.132919267505084 0.0048627377524741965 0.008481413626103355 0.9999522085602187 -6.409603551307288
-0.9937297283902737 0.11172597688624707 0.004304997353180196 49.206738513857864 -0.11166902065955585 -0.9936759638084136 0.011751968956609845 11.00717554843248 0.005590772606128107 0.011197546080931191 0.9999216760444001 -6.475770301906101
-0.9938131220904989 0.11084647360924238 0.0069668966644522625 48.78145080250471 -0.11075412543406421 -0.9937694888888816 0.01247904855621979 10.95077145416648 0.008306747863829848 0.01163022965931475 0.9998978626329814 -6.544391637675515
-0.9942902352396846 0.10657630974941833 0.005330882404605229 48.45591453466266 -0.10649619945723328 -0.9942207446161095 0.013552508113192648 10.966236942205406 0.00674445017632062 0.012907407764110116 0.9998939499850154 -6.212929967172734
-0.9939843326983879 0.10937116845083404 0.005752726470598544 48.429078719567414 -0.10924073754176845 -0.9938241930725817 0.01949190921808332 10.945287558723248 0.007849051629129184 0.01874622029462972 0.9997934644781353 -6.150232513112561
-0.993862188328764 0.11002250324924447 0.011532536109926142 48.1029419576602 -0.10989798211158669 -0.9938827990033429 0.010927734123412003 10.80779334819959 0.012664285931640549 0.009593259302259266 0.9998737846537459 -6.316194211891159
-0.9956743706227977 0.09195752866107285 0.013280083111368144 47.34534162214756 -0.09176385692291217 -0.9956748705838164 0.014524002565732571 10.374926945123796 0.01455823641546575 0.013242545467003755 0.9998063276165178 -6.397220767148784
-0.9947509736745239 0.10146995635256385 0.013204102824499905 47.38038919666622 -0.10126541834357451 -0.9947412567774347 0.015334507248551971 10.59183620640992 0.01469065761946011 0.013916897019941503 0.9997952313129165 -6.326936136585068
-0.9952751204660153 0.09542764582552382 0.01791644478013831 46.63347745842411 -0.09525320615510369 -0.9953992536551957 0.010351451098817861 10.371554917085605 0.018821830371542426 0.008595942931164995 0.9997859013141716 -6.236828629643878
-0.9939574354498044 0.10888159096859353 0.013907395953441924 47.17984683337694 -0.10865193677664504 -0.9939458393868792 0.016322530447276436 10.845922879804188 0.015600421428362347 0.014712834997565033 0.9997700532310403 -5.978861163680943
-0.9950059927997138 0.0974533652058627 0.02158508519132359 46.36826662140484 -0.09731280540503792 -0.9952257988187959 0.007471764831568322 10.562187483351213 0.022210182278969846 0.005333945589326185 0.999739094377922 -6.362879218098035
-0.9939222517821654 0.10836613637921476 0.019373639268799255 46.25336127425783 -0.10835767077928107 -0.9941108576258998 0.001489272838152262 10.88348660783349 0.019420931892325834 -0.0006190610128706913 0.9998112042620366 -6.409037027841161
-0.9945276977122413 0.10135328518855974 0.02534107465511224 45.85729736608599 -0.10150888974660997 -0.9948224263246951 -0.004928020277622021 10.63864578734487 0.024710398329461147 -0.007473397014208955 0.9996667167368667 -6.514025733557523
-0.9948799266713725 0.097107106089166 0.02800252583882835 45.80032092843992 -0.09735505177049307 -0.9952204811315494 -0.007628094850813759 10.454382225706686 0.02712794502228117 -0.010315225798563468 0.9995787466305989 -6.581280271441141
-0.9939125596416183 0.10633882198002273 0.028807615773499332 45.424290504287654 -0.10659668918345425 -0.9942735679105054 -0.007564258697635589 10.787403072794993 0.027838276559053257 -0.010589008188682412 0.9995563532206739 -6.5423666730944445
-0.9940915322974284 0.10228070611432363 0.03634119661361901 45.445678148032094 -0.10279209349018405 -0.9946244595648396 -0.01248879302651767 10.478735379935987 0.034868480472492525 -0.016150591076128536 0.9992614009744583 -6.822489886221628
-0.9937394461590126 0.10315921732618803 0.04289625890715632 45.54957962466962 -0.10380206029630357 -0.9945125821226805 -0.013032892154957627 10.467497316743872 0.041316406254957055 -0.017404019085484147 0.9989945218537757 -6.937197857524742
-0.9928527788201288 0.11160265904513869 0.04228718580383548 45.32126704347243 -0.1122954391120622 -0.9935709482498373 -0.014370287003146255 11.313041322251152 0.04041155705714094 -0.019016237482171558 0.9990021465283465 -6.623498927228745
-0.9923675341741817 0.11511568451131755 0.04421601855156974 45.26350453960432 -0.11594714764094197 -0.9931147175524011 -0.016715763062218746 11.495151927978334 0.04198733226809735 -0.021714901802987203 0.9988821386773864 -6.68779894443238
-0.9935074743472112 0.10480297570271377 0.0442632432169792 45.01251418019696 -0.10585305372014128 -0.994136616688108 -0.022079818342741413 10.96891893482499 0.041689680190075566 -0.0266218640178166 0.9987758742189747 -6.5210370758392875
-0.9935938602645514 0.10621314592992573 0.03860062792567985 45.09334723139178 -0.10635707374339096 -0.9943265667501383 -0.0016886443150216511 10.531865823041882 0.038202273614685665 -0.0057832764544088755 0.9992532912150578 -6.441527194168796
-0.9929488312752355 0.11468364283794757 0.030004675211930534 44.9547099093787 -0.11476071453628728 -0.9933927973016752 -0.0008536206908149153 10.647291487220109 0.029708531910483074 -0.0042909596340473385 0.9995493938756397 -6.268723081761107
-0.9921158380169852 0.1236904009523528 0.02017049003134798 45.206350738125906 -0.12359489460543699 -0.9923151016082369 0.005919556377352613 10.645200458846142 0.02074767416671965 0.0033799160464414117 0.9997790306783805 -6.112836424243201
-0.9920108252264247 0.12521879342855394 0.015322415145582972 45.15108078978842 -0.12505519758257602 -0.9920864581398718 0.011209689249497742 10.505832728293193 0.016604824334461126 0.009203985429452796 0.9998197669885546 -6.238896815806217
-0.9920016718805474 0.12489143967110176 0.01829784913824564 44.95101224231687 -0.12487752825318164 -0.9921703343695457 0.001905396128229966 10.63521197460391 0.01839255076333502 -0.0003948340279349267 0.9998307647709761 -6.342079028569743
-0.9922738700990038 0.12333431793326426 0.013461528096373257 45.142633790879515 -0.12325294818243178 -0.9923525430280288 0.006718713429547077 10.558215865142346 0.01418722957770137 0.005007630751904053 0.9998868166703533 -6.317775276496545
-0.9926402009553786 0.12073782202450703 0.009370687277039548 45.09534395366665 -0.1206752840217206 -0.992667518458135 0.006976648511036074 10.505112649703555 0.010144322231799053 0.005794491431354403 0.9999317559691308 -6.331596941832822
-0.9922497487172166 0.12417843234262257 0.004489221708812979 45.10632841077323 -0.12408279837879808 -0.9921177658783056 0.017487074515931435 10.511459475991352 0.006625354111926791 0.0167945101020598 0.9998370112740013 -6.141874489983182
-0.9919922311344814 0.1261747648162117 0.005598400879598097 44.70213278712132 -0.12607215564916666 -0.9918929415648955 0.015943777586077096 10.602011268660998 0.0075647167037293465 0.015110301033245399 0.9998572167384103 -6.525402339593893
-0.9922189332933464 0.12450045692946994 0.0011066338917941412 44.63416942817552 -0.12447646639699854 -0.9921408922973137 0.012730245276906641 10.661709802230742 0.002682858090650272 0.012493440512769242 0.9999183547753375 -6.471976826853223
-0.9923747404792872 0.12325527160186944 -0.0007158777964755139 44.5804054720408 -0.12324395930863374 -0.9921645767955443 0.020503147223118683 10.534867789203563 0.0018168523887012137 0.02043503301856959 0.9997895320880941 -6.570248690442337
-0.9918039895221175 0.12768861094335127 -0.004523826186980539 44.47046873561055 -0.12776579321944373 -0.9913991435769696 0.028348548426018545 11.101489424301779 -0.0008651306366849981 0.02869419366725249 0.9995878624707141 -6.338080939654003
-0.992292404146019 0.12390250999693637 0.001988137463774751 44.32074194284009 -0.12383900558393586 -0.9921029688776598 0.01988969180538401 10.33165559636621 0.004436819818100439 0.019490181132809686 0.9998002037753937 -6.62461276643046
-0.9920404836916912 0.1259192227415691 0.00016751392966301562 44.19119817633598 -0.1258826270917258 -0.9917825334215061 0.022824780316701373 10.594995205125905 0.0030402159862706786 0.022622019011996425 0.9997394667324996 -6.559526876749533
-0.9924533983006455 0.12253809021333524 -0.004546278519341783 44.027888082678565 -0.1226194500264568 -0.992004255656518 0.02986682498315591 10.597198112482118 -0.0008501039444150218 0.03019889412269218 0.9995435478842641 -6.392691320737023
-0.9922964416917553 0.12382999191074268 0.003728928702487966 44.33221739159604 -0.12378693797616663 -0.9922569526709127 0.010145632691895664 10.494119661278983 0.004956389045224632 0.009605882552867177 0.9999415789074959 -6.666839101904657
-0.9923022710723615 0.12379546245861565 0.003299439239589032 43.96616672734748 -0.12371430266357626 -0.9921451567917193 0.018513756269407648 10.651709318911582 0.0055654416809041984 0.01796305456750657 0.9998231616288501 -6.443692936035301
-0.9925010579490589 0.12217583363142145 0.0038360978185203376 43.930040981150555 -0.12213906143540527 -0.9924750045919448 0.008684177099640367 10.396554928346047 0.004868227776602621 0.008150517571681542 0.9999549336953294 -6.4462097990999965
-0.9924264527178961 0.12275173732977965 0.004663360193986868 43.85103781838659 -0.12268529176608949 -0.9923662107807466 0.012554795296312442 10.589988516768244 0.00616888401965465 0.011887585254508918 0.9999103110713335 -6.285053999361741
-0.9925417687726564 0.12168949148141088 0.007246026817491373 43.891986448308714 -0.12163302501552797 -0.9925446275861932 0.00778263935669661 10.576990809990939 0.008139070414746166 0.006843238471660201 0.9999434612116838 -6.308269494483805
-0.9927489690838854 0.11991256212850068 0.008394154315160217 43.71581639683476 -0.11979520315670358 -0.9927093505786508 0.013313698748144467 10.66830830913377 0.009929435207156757 0.012211581285400367 0.9998761341281134 -6.415825948590131
-0.9926581685564777 0.12075602027888314 0.006909700754309298 43.647223962068104 -0.12071487486702724 -0.9926685276995285 0.006092052255945283 10.614832630133959 0.007594694460383506 0.005213221773211932 0.9999575705672749 -6.494542848616669
-0.9919323300335731 0.1267419017473952 0.0025967240165445803 43.8626513090589 -0.1266806986024582 -0.991799576411 0.016899728771541864 10.971134652671008 0.004717333543185568 0.016434432524797194 0.9998538174112419 -5.96505412155068
-0.9916983347668764 0.12858602312622083 -0.0002178926187698244 43.9189208642148 -0.12855789470628917 -0.9914429942185542 0.02266400060976118 10.68019074697708 0.002698245596168183 0.02250386348019652 0.9997431148045834 -5.86710442010515
-0.9930553359843165 0.11706132883512532 0.011736480069917798 43.605663401828195 -0.11704004553803131 -0.9931240833314886 0.0024865332183543628 10.128034292854018 0.011946857893708642 0.0010956269187496408 0.9999280335044736 -6.3759000592401085
-0.992167699361491 0.12491235176720779 -0.0004008986259105931 43.87577643074106 -0.12489932613807536 -0.9920065411267657 0.01797722703765546 10.615201714616317 0.001847883648294531 0.017886495959075686 0.9998383162233426 -5.9375821403816715
-0.99217476215949 0.12446494538748495 0.009885277105540321 43.49841967856393 -0.12442002151281681 -0.9922168454717811 0.005038830100445435 10.57745177294966 0.0104354961795424 0.0037694736663400215 0.9999384438493046 -6.425046915944059
-0.9927165219247799 0.1202431100868048 0.007449937867468605 43.59871560910424 -0.12021355918479101 -0.9927387569551896 0.004296583199185391 10.343327265541499 0.007912476584560962 0.0033697055829017882 0.9999630182154692 -6.397973683026894
-0.9924044318182077 0.12297452157562914 0.0032727283460506876 43.6272533317198 -0.1229447241463756 -0.9923802448493819 0.008126772868287358 10.654106431770613 0.0042471769628107245 0.007662680727157091 0.9999616216695111 -5.992102777819138
-0.9920199992973988 0.12605897942136485 0.0023355301826988193 43.79101705299941 -0.12602051613263723 -0.9919488893333102 0.012499218538536508 10.588320581155102 0.0038923653032650256 0.012105150046749898 0.9999191541493209 -6.122628830670238
-0.9922472246692094 0.12419108941089746 0.0046923818253035345 43.74791405287269 -0.12414563473980991 -0.9922233686951862 0.008980422608544028 10.566130612263214 0.005771179369032079 0.008328260689540498 0.9999486654636722 -6.217246662516044
-0.9914811071352734 0.13022404235283044 0.0026292559979270457 43.65863999499362 -0.13019007216524212 -0.9914338027917293 0.01046708132833912 11.028851079565522 0.003969798914749952 0.010035610355785537 0.9999417619148464 -6.068355730075337
-0.9917312508481453 0.12830679582118365 0.002547986906896195 43.65532732890826 -0.1282607067845099 -0.9916463543595142 0.013663783539775851 10.702172283513878 0.004279858211962241 0.013223994539663933 0.9999033997252453 -5.988041981807233
-0.9916102683814574 0.12926357539930258 6.0954429396193494e-05 43.715918053942026 -0.12924458706379505 -0.991472469410463 0.016678702462381796 10.672285009964524 0.0022163833519435725 0.01653089459491984 0.9998608989098078 -5.760867028401176
-0.9917981561429944 0.12781127729918612 0.0008335865335955695 43.91663996971408 -0.12777757666690137 -0.9916501482389398 0.017403287011921616 10.687142637298331 0.003050962551808084 0.017154034302046147 0.9998482038463 -5.858620893297363
-0.9925201928427755 0.12183019355149996 0.007814776935654941 43.60695736581543 -0.12180837746820335 -0.9925484409976056 0.0032111449345576396 10.337518297989293 0.00814775907312741 0.002235220890885094 0.9999643082678827 -6.389254553549583
-0.992222452949378 0.12441453597033689 0.003953113002104465 43.87580978267247 -0.12439421011947971 -0.9922201330228522 0.005028728752145724 10.330804018690444 0.004548005263021376 0.0044978732082612055 0.9999795421831086 -6.0787663465916015
-0.9923770894112186 0.12286879823032193 0.00953786313398047 43.63765549604139 -0.12284750412029304 -0.9924216390279512 0.002789465987128201 10.375431579294325 0.009808320097791992 0.0015964994566673957 0.9999506228041208 -6.388092820111557
-0.9919052226502758 0.12697883337123145 0.0006365177105218394 43.6768790643362 -0.12695449678122614 -0.9917914976852032 0.01523748228452919 10.56280712703092 0.0025661305774259393 0.01503332947243388 0.9998837002265981 -5.86911717753531
-0.9923439017559459 0.12310435056052604 0.009944823822487826 43.56161281563306 -0.12306390299723424 -0.9923881615964867 0.00458393959664244 10.353217595190877 0.010433428337653016 0.0033249956705304093 0.9999400421909914 -6.433494773517098
-0.9923294665127194 0.12331787656472205 0.008656281543123027 43.71936898720841 -0.12332146524248344 -0.9923667677880881 0.00012000110905251381 10.511312177876679 0.008605004417966458 -0.0009484246869224355 0.9999625264926602 -6.320242218096282
-0.992918670984819 0.118298561486423 0.010861084659510167 43.70671012062403 -0.11830810370692836 -0.9929769060393681 -0.00023805409883883487 9.998267800765225 0.010756644783983476 -0.001521322689708622 0.9999409883439441 -6.516677692351612
-0.9922174558641569 0.12444998967603361 0.004089052225047094 43.771130521348375 -0.1243864759061205 -0.9921456777793118 0.013227194543400775 10.639096013827627 0.005703059715663487 0.012615630522003624 0.9999041558951614 -6.073147209585069
-0.9926774469868531 0.12052493394522254 0.008076295015060709 43.556345983118945 -0.12050417224983134 -0.9927082525997738 0.0030115927161151472 10.327417291271342 0.008380376725060878 0.0020163129231620053 0.9999628511940568 -6.3307273933588375
-0.9926253631602858 0.1209935693661412 0.007446111935461815 43.80102496376182 -0.12092424422570273 -0.9926195877516402 0.009147741262615604 10.21699171296669 0.008497974426732464 0.008179864534684386 0.9999304347037562 -6.208260726756816
-0.992788375487958 0.11936814337855357 0.011067422569705117 43.3470337835962 -0.11931730825654208 -0.9928428295011372 0.005147412804949098 10.472288181969997 0.011602648249120606 0.0037897565262363835 0.999925505374813 -6.291631583445024
-0.9923268706518061 0.123230317396346 0.010083186837120737 43.80694903423405 -0.12310948958148313 -0.9923224901521835 0.011837614335627062 10.369262184157208 0.011464526042676218 0.010505446804783054 0.9998790928057516 -6.411224631604228
