-0.9929847675929215 0.10137919102239955 -0.060856478341185155 130.61741942895674 -0.10395795000928608 -0.9937439764092618 0.040812424335982554 9.165662597299711 -0.05633822821418853 0.04685263042730322 0.9973118043339005 -1.0422030071473976
-0.9933198403054164 0.09871201618826171 -0.05976313843569199 129.51426058056538 -0.10135157670936934 -0.9939265743127297 0.04286983523980181 8.424009342795001 -0.05516840358538539 0.04864054620387683 0.9972916045524676 -1.1769677946302695
-0.9938632036569786 0.09893142331641272 -0.04948237966471137 132.34412640701257 -0.10403239338774864 -0.9879980279428514 0.11418037443912797 10.294199149880939 -0.037592466568590235 0.11862744312186549 0.992226958006922 -2.018477857831107
-0.9960365686176936 0.07759778267505775 -0.043471118000412395 127.4187662930013 -0.08070115487145547 -0.9939215506314611 0.0748817387135571 8.499172954696313 -0.03739622412362804 0.07809311950656443 0.9962444414434838 -2.6262871685356592
-0.9940637337169966 0.0933237987693918 -0.05592818512952263 125.51354072642954 -0.09592557612548362 -0.9943346516965874 0.04579174904309518 7.958294263084886 -0.051337872507789505 0.050884860407412816 0.9973841555928701 -1.670138728838346
-0.978452076762686 0.20260335897265 -0.039792114944982214 122.14239432923999 -0.2038966627447765 -0.9784804578985069 0.031656664894910855 19.221788629230296 -0.032522060210535796 0.039088008950644265 0.9987063848579024 -2.77935117867777
-0.9955489982871399 0.08387902238667151 -0.04297093916742336 124.29166190681283 -0.08732590970117574 -0.9924725769130267 0.08586250386796374 9.128729527805985 -0.035445415843749 0.08923280606968605 0.9953798917079868 -2.9732865989579684
-0.9946665561244223 0.09330097192160895 -0.043970112190770835 122.37319079577641 -0.09665658872324104 -0.9919635580692926 0.08164437101780715 8.553583171574912 -0.03599924976957328 0.08545892639736473 0.9956911297762234 -3.0378224160229594
-0.9964035624859429 0.07463755912361139 -0.04011452895640302 120.49001574000162 -0.07776679129461574 -0.9934997585172797 0.08312975398647965 8.049502438450483 -0.033649172903123595 0.08595036122194241 0.9957310221986474 -3.0141963644820784
-0.9976193259765702 0.05448183748352612 -0.04227776983811468 118.6517969921508 -0.05796949019607748 -0.9945897902331311 0.08620143485133164 7.55061218343231 -0.037352625670397856 0.08844703809874073 0.9953802804994158 -2.825310984933335
-0.9903154668543762 0.1355195001207297 -0.030161916319009052 115.30047452380917 -0.13685523345692813 -0.9894369279726527 0.04780387682495414 19.03168730927472 -0.02336495633329779 0.05146873469469967 0.9984012460751854 -3.7728743458677014
-0.9901907771785753 0.13679004402228187 -0.028472945876348136 114.0045383405076 -0.13835560955397938 -0.9883621085095531 0.06323027571898682 18.861562222223967 -0.019492308622684543 0.06654942763791875 0.9975927142805484 -4.2098466387518085
-0.9946763589574775 0.0881214333871145 -0.05341866629659 117.57921282768865 -0.09165107214759945 -0.9934883424089734 0.06768304419621511 6.841990640277034 -0.047106495362123336 0.07221860200302609 0.9962757909431682 -2.7015312361054593
-0.9947917995924361 0.08747897943052872 -0.05231351279971196 116.61794077675468 -0.0908204048728229 -0.9937221793474019 0.06532904661633045 6.6505408421672545 -0.04627017962348142 0.06973993426190642 0.9964915514176544 -2.699801607875843
-0.996251150900238 0.08110208133900759 -0.03010144070370522 111.86732662409753 -0.08193679887528382 -0.9962548384457043 0.027616260854760568 10.415510121939153 -0.02774896971113058 0.029979147352912117 0.9991652743185012 -3.7995079432784546
-0.9998365526831008 -0.010557223679976831 -0.01467695291802349 109.48429584818534 0.010206646504390918 -0.9996656025051653 0.023759367313349124 6.284217220757471 -0.014922877936957436 0.023605681438314405 0.9996099636947968 -4.23318365972175
-0.999847982877159 -0.00805220908593575 -0.015465221153360739 108.87335810340151 0.007809690150906805 -0.9998465855829282 0.01567845776579291 6.113802294739039 -0.015589094785547673 0.015555295786429753 0.9997574770396899 -4.2867758896491255
-0.9915000369673929 0.1281045775589372 -0.022735300792151202 107.47605501300212 -0.1289624020161977 -0.9907827392175316 0.041451930411254376 17.782335116013638 -0.01721556156144601 0.04403158953584502 0.9988817965921089 -4.435082459335836
-0.99580101539286 0.07178612042278347 -0.0568074876860415 106.9756736571257 -0.07457700754295087 -0.9960285663038264 0.04863501878980442 9.631424919780352 -0.053090561199640916 0.05266733353219583 0.9971998517298938 -2.3904370177449428
-0.9919321227390154 0.12204632999732307 -0.03428348308821349 105.73850706545376 -0.12348530761094793 -0.9913896460349721 0.04356545120722346 17.62371462860319 -0.028671286729150758 0.047447476949186704 0.9984621646554537 -3.62305427936455
-0.9974229088902106 0.0484216866313339 -0.052942242914105785 101.98979427902005 -0.0515650809889625 -0.9968827167710916 0.059715085411405855 7.512398352980084 -0.04988570179521434 0.062291165239274575 0.9968105273769647 -3.073520979857306
-0.9971969850740262 0.040936304334288416 -0.06262900244079317 102.67787785105763 -0.043826387936222205 -0.9980029629435577 0.0454899293949271 8.28590965677143 -0.06064174040825447 0.04810722340088018 0.9969996360966878 -2.223302474912785
-0.9933177179071552 0.11307225304631302 -0.023120918726693987 102.6285183328299 -0.11411682334560101 -0.9921880053255595 0.050401515032878624 16.712395410783714 -0.01724128537101753 0.05270320368944381 0.9984613715110034 -4.298595799216264
-0.9925478875334312 0.12093159346133697 -0.01497466713593288 101.41636112554012 -0.12150531377863139 -0.991502367697199 0.04647056675362439 17.030838071412838 -0.009227658234187688 0.04794376449287312 0.9988074117515204 -4.717786633266167
-0.9925097152077855 0.12100284256815369 -0.016815983723709037 100.43154169193437 -0.1216041900866529 -0.9917260866344575 0.04113137539735572 16.91713268013794 -0.011699836389404803 0.04286818376296585 0.9990122284783752 -4.618045952679177
-0.992866723233149 0.11813186860591182 -0.016140988691956046 99.35486055633459 -0.11870722259344763 -0.9920746594119059 0.041188171322695546 16.78040071473679 -0.01114743021633314 0.04281041663466436 0.9990210223149175 -4.611352172755407
-0.9931774159041769 0.11168963596806804 -0.033526791603652864 98.75410095467655 -0.11286262179330792 -0.9929795427483323 0.03540700898495758 16.5626003911197 -0.02933682225216568 0.03894936328928195 0.9988104414549895 -3.617465218912511
-0.9928823183621818 0.11477067267898061 -0.03181814854073493 98.38357001131683 -0.11599958208815085 -0.9924467548358684 0.03991911536009839 16.61711763040546 -0.02699627454150955 0.04332587573924554 0.9986961848591956 -3.8845977725265834
-0.9934630682446153 0.11281584452473696 -0.017427485710067043 96.42265366849126 -0.11350331708216313 -0.9924981369312061 0.04543616620532477 16.11805553144025 -0.012170827636216668 0.0471172305241086 0.9988152169157203 -4.671638660757211
-0.9936740303639873 0.11064645172834052 -0.019216766120488553 95.45541108467243 -0.11135094266744433 -0.992952066095928 0.04058524365954467 16.09160148900805 -0.014590714419562476 0.04246830766302023 0.9989912681785444 -4.517125026345163
-0.9925843039752069 0.11837371973492626 -0.02764167104529332 94.7616175084537 -0.11951086046301386 -0.9918603604070891 0.043933810266216275 16.637146162282765 -0.02221606926189833 0.0469114903753295 0.9986519705769974 -4.050180942434966
-0.9931724959045672 0.1158117834507756 -0.014000863996503759 93.32404892506003 -0.11629715530944598 -0.9923624290483086 0.041131266455990044 16.161747945809957 -0.009130446080488248 0.04247870322047916 0.999055651466466 -4.761924843832401
-0.9934286448455342 0.11340311345177842 -0.01546807873711747 92.4236831169982 -0.11395915739988098 -0.9926090439266904 0.04172045493104111 15.84032930169264 -0.010622525362828239 0.04320902422396015 0.9990095806249998 -4.756767380970703
-0.9934702966649501 0.11286173562136272 -0.016703241511803336 91.3457250904549 -0.11346295538503486 -0.9926963827526368 0.040988405984171826 15.76974959183905 -0.011955224789284142 0.04261596299935763 0.9990199959449673 -4.761882056378855
-0.9927547743340553 0.11736211832501889 -0.02576996738863166 90.65762240640373 -0.11835123262606954 -0.9921263814347031 0.04096619334497384 16.008312690828998 -0.020759185264294974 0.04371929143469287 0.9988281532794426 -4.377835424639348
-0.9932685376712778 0.11371168274615992 -0.022074086151128602 89.64862878906466 -0.1144841752551811 -0.992712301795885 0.037625250554121116 15.510483323262164 -0.017634786318872452 0.03989911114493095 0.9990480845491584 -4.5945246935420165
-0.9932221237564218 0.11381250969589342 -0.023590793066730974 88.78117800676358 -0.11460032008652815 -0.9927851327497751 0.03527671791826258 15.443651669972168 -0.01940565682631529 0.03774112912647504 0.9990991080245268 -4.573472491598678
-0.99347061241414 0.11168879017471618 -0.023275661511257387 87.96529364432845 -0.11255013100882041 -0.9928511728779403 0.03973684090108978 15.346516948722101 -0.01867110814535388 0.042097062417817716 0.9989390507215226 -4.662418031399853
-0.99343955273377 0.11189394070754936 -0.023613578658728 86.97620981346088 -0.112758701942199 -0.9928498103037223 0.03917562145237363 15.393938223548723 -0.019061222427936696 0.04158124833148158 0.9989532869893142 -4.561326766536375
-0.9930625283704524 0.11526378749127424 -0.02326099825161094 86.01714373630705 -0.11606090925647869 -0.9925727673059421 0.036457741910234355 15.407842474242246 -0.01888597598894703 0.03890450996734969 0.9990644418730711 -4.789197348738879
-0.9930783792748811 0.11203594649244354 -0.03526016605634131 85.29673622874888 -0.11364048151494818 -0.9923919388068961 0.04737172946115625 15.320825396897241 -0.02968456800814098 0.05105082256567282 0.9982547971021941 -4.208591106946297
-0.9930387456651795 0.11483279040469782 -0.026219837062940135 84.19516243590098 -0.1158278532988461 -0.992453449676356 0.04024995187190084 15.380359004996867 -0.02139995345596166 0.04300674916080198 0.9988455643985772 -4.767337343781642
-0.993029752285318 0.11487886204367183 -0.026358264960253334 83.29698097087979 -0.1159596339603616 -0.9922794260869264 0.04398754205883842 15.32353416277746 -0.02110152525158982 0.04673743275094947 0.9986843034772878 -4.764608189445924
-0.9935016266257475 0.11108256879058519 -0.02480283860535297 82.49792682036068 -0.11217618571999974 -0.9925181324514928 0.04821058091659095 14.746954662560642 -0.019261911880979317 0.05067957839098241 0.9985291979130136 -4.699709764268921
-0.9934407279227693 0.1121741588023497 -0.022191849883819493 81.66642032506371 -0.1129172230149783 -0.9929637403785733 0.035675075893123236 15.018037567959306 -0.018033880638036095 0.03794691542641057 0.9991170155486101 -4.82696792865364
-0.9933927751437143 0.11255211729200078 -0.022423540874562685 80.825070869564 -0.11334809527128023 -0.9928238434758024 0.03811856666122084 14.971165805134772 -0.017972300649563427 0.0404083743674603 0.9990216012130777 -4.894209767807749
-0.9930238747888779 0.11202060809684819 -0.03680988265258721 79.99348482781532 -0.11366307183885044 -0.9924515309316476 0.04605067699378536 14.949824654922867 -0.031373399551859235 0.04991334604134042 0.9982606712114457 -4.264254950072145
-0.9934062865900938 0.11240306303083236 -0.02257213292026011 79.21191673988034 -0.11323761102683917 -0.9927657060261056 0.039918622063199155 14.83603560181898 -0.01792186408322333 0.04221142451726652 0.9989479478070967 -4.8689403735150405
-0.9932492798082554 0.11228610130784361 -0.029115281442333087 78.21130716671867 -0.11334715096415379 -0.9928365602310082 0.037788728967394394 14.791508192728504 -0.024663566828236186 0.04083376203274188 0.9988615080928694 -4.540542984731452
-0.9936764472795753 0.10902279737302409 -0.02685419473397591 77.30344299146948 -0.1101637958430172 -0.9928721023076477 0.045485454209651215 14.476827373910846 -0.021703829323582818 0.04815618456814604 0.9986039884161 -4.7175501631127945
-0.9935372945027517 0.1104971269874392 -0.02596207541150219 76.68861802958156 -0.11157282847001704 -0.9927607132819662 0.044471003036582364 14.505596478886387 -0.020860210434011064 0.04708026222740282 0.9986732701585913 -4.882343238542916
-0.9933438223872401 0.11112256168389 -0.030328646687778515 76.15146326459899 -0.11235830723988852 -0.992752422303245 0.04264081149815286 14.70534901900408 -0.025370481258516882 0.045764662085984446 0.9986300287818665 -4.678948339716155
-0.9933623051588304 0.10814891921220889 -0.03918088772308043 75.36069901258568 -0.11029894045779007 -0.9922251550124109 0.05764881173526638 14.36328809138487 -0.03264160571152023 0.06158776691706282 0.9975677784204737 -4.3110912802557175
-0.9934340076233437 0.111209551502428 -0.026857180642417572 74.74839583141144 -0.11228928983784718 -0.9927556193870067 0.04274804747862077 14.29179923541818 -0.021908625815949902 0.045483137866142664 0.9987248351196202 -4.936599359989996
-0.9931507604304063 0.11435375962506591 -0.023974668217283772 73.64930812256972 -0.11531280397080867 -0.9923805849126704 0.04340198070115111 14.23439781489568 -0.018828815600203944 0.04586929635393849 0.9987699852093552 -4.970064235978805
-0.9935773583410352 0.11069990537780876 -0.023442780154920885 73.13202002955455 -0.11163542992647557 -0.9928056856115052 0.04329435763002457 13.9956698765862 -0.018481444131309328 0.04563333832637842 0.9987872819855148 -5.064097397307512
-0.9934219889422626 0.11193158867777415 -0.024167567980007708 72.03723892622303 -0.11289464522004314 -0.99267382015758 0.04305212949895921 13.981021307435565 -0.019171618779852462 0.045497321127990126 0.9987804777845561 -5.002581482096151
-0.9937625478939461 0.10738191826108559 -0.030085246116815952 71.81032253810407 -0.10868888126447158 -0.993019040961737 0.045824789982233126 14.032322121148486 -0.024954468393814704 0.04880889179245164 0.9984963528171659 -4.761122500848587
