-0.9934201019855065 0.09879668714613886 -0.05792853856309297 130.26126437075015 -0.10127848571406603 -0.9939883423781098 0.041591387905266244 8.874094256284023 -0.053471200683864774 0.04718463547986713 0.997453979325395 -1.4207442613931331
-0.9944154819061399 0.09126567517004927 -0.05299458350757042 128.97291388092313 -0.09379871888075395 -0.994459546963328 0.04745534521871673 7.725239453882603 -0.048369925384634596 0.05216115402532156 0.9974665730384368 -1.9372238682421807
-0.9940710843972663 0.09250346726561962 -0.05714707087061815 128.00940751700082 -0.0950697456892117 -0.994500129819566 0.04394582168377797 7.855770274952682 -0.0527676285220513 0.049118228110474976 0.9973981035912695 -1.4215342898355066
-0.9938767014192934 0.09622227827588523 -0.05431735946552993 126.96842725924674 -0.09876996954435696 -0.9940305424661285 0.046344080104199756 7.859148905889494 -0.04953378132262205 0.05142522540441352 0.997447668151064 -1.6968138602242118
-0.9945218903197022 0.09061273937815527 -0.05211085431378072 125.96506538617885 -0.09313761014371 -0.9944832682826635 0.048253649422084995 7.681324366311509 -0.04745097735184223 0.05284279107140876 0.9974748338580515 -2.0674796918235208
-0.9866791468235713 0.16266420220896166 -0.0021490796263427293 122.06446133020603 -0.1626718363697605 -0.9864345972552623 0.022014971949603633 14.11685002499285 0.001461121353154009 0.022071308469901855 0.9997553313020299 -6.00021639699163
-0.9965429348370359 0.0697858896679881 -0.04507891557745761 123.67431187675906 -0.07215620765908047 -0.9959687788166921 0.05328858525659497 6.507482602773566 -0.041178401166781085 0.05635708673837372 0.9975611349946012 -2.7452095587373897
-0.9966080379836658 0.06762279445805383 -0.04689964068137402 122.4053846180363 -0.07007703973264047 -0.9961419617794028 0.052824241448411406 5.881591021333209 -0.0431465772532242 0.0559316516113515 0.9975018913362335 -2.5657069230959006
-0.996786971026973 0.06508316367355559 -0.046689572680896 121.38455936329598 -0.06737742401142731 -0.996505160730792 0.04937354930012685 5.966626212299339 -0.04331301333858333 0.052360733791156994 0.9976884966924225 -2.481546821388741
-0.9964524328002642 0.06908607515725222 -0.04805895739408575 120.34462257235162 -0.07149960911693194 -0.9961635712879119 0.050457359572644724 6.152407731263045 -0.04438868169439369 0.053714555367083805 0.9975692414460048 -2.459247512085305
-0.9965358430069648 0.06881703407715303 -0.046696139275361294 119.11241301029966 -0.07116143552815708 -0.9961830122346574 0.05055152053753975 5.816104309278314 -0.04303909497157467 0.05369936643861842 0.9976291968202023 -2.783453986946855
-0.9959845241490546 0.07351225240291807 -0.05109575718431391 117.94043346804241 -0.07595547503973725 -0.995972392279763 0.047641994374902207 6.392947143248007 -0.04738769320274062 0.05133169160644824 0.9975567472428608 -2.564144774031086
-0.9965600915002204 0.06632333257068089 -0.04969104130326798 116.63946455287561 -0.06865844981649923 -0.9965391349584409 0.04685904144434625 6.813194613104696 -0.04641121952588587 0.050109560495039875 0.997664788718698 -2.7155596031809863
-0.9964745529975501 0.06691012205635086 -0.05061127141992163 115.47492182882306 -0.0693204638335726 -0.9964643784080742 0.04747015754882053 6.403331794965504 -0.04725609508026866 0.050811200834219895 0.9975896367482753 -2.653270089544628
-0.9972394366032478 0.057941928794151956 -0.04643532029455868 113.88967910457616 -0.060228302876601136 -0.9969589041055749 0.04945194695078586 7.47269570880893 -0.04342876484369966 0.05211215225100775 0.9976964798834989 -2.9116379114318476
-0.9981188738503968 0.043370249795035974 -0.043332840852379484 112.95587301368195 -0.04555569348632611 -0.9976698947604506 0.0507883833140619 8.389911903780176 -0.04102916590184775 0.05266690157387626 0.9977689136388305 -3.078081787056967
-0.9984812701536196 0.05466970919832872 0.00680999622541295 109.26703080686482 -0.054460713794511555 -0.9981285334588197 0.02781117308455625 9.775971773112433 0.008317680290328684 0.02739805817055596 0.9995899972504108 -6.125490920732382
-0.9928972118456173 0.11675747576232344 -0.022865226060799423 108.0395365716289 -0.11771821847045381 -0.9919567346423199 0.04652158249552988 17.340864071379123 -0.017249572439482157 0.04888280322725906 0.9986555581376911 -4.384718156444495
-0.9930965813371528 0.11555216182669155 -0.020171217951368524 106.81335270483976 -0.11638287969270077 -0.9921139998591413 0.04652780456814164 17.182320163768395 -0.014635759320864139 0.0485541880858339 0.998713314904949 -4.6235270909415735
-0.9925857054410117 0.1168601442839864 -0.033426397234839825 105.73620828127166 -0.11846166452526036 -0.991658377406302 0.05079858814781274 17.360759960347828 -0.027211236504063534 0.054381699107625754 0.9981493773028648 -4.044539221773136
-0.9930353858850101 0.11468185673612394 -0.026996187059791003 104.62419217411816 -0.11592271189552573 -0.9919959496721787 0.05005957152015651 16.885654757234693 -0.021039183610558766 0.05284039713656666 0.9983813125171451 -4.447855315501526
-0.9927201270536963 0.11598115078128397 -0.03248264160968615 103.84950211050543 -0.11760965870901526 -0.991603926404985 0.05375519804227385 17.162776919959157 -0.02597532523075204 0.05718413942400509 0.9980256793677686 -4.058935918998756
-0.9931995850795025 0.11376207007848607 -0.024754304865321382 102.83905575385933 -0.11481257311206887 -0.992310701360797 0.04623359190274566 16.825751668242557 -0.019304332500585795 0.048761289731730106 0.9986238928497605 -4.37629696102746
-0.9929956877022711 0.11604957166857195 -0.022182450726641552 101.75738077961219 -0.11690531647559683 -0.9922445085317138 0.04223721425948819 16.916003056297818 -0.017108804295998245 0.04453461804263088 0.9988613300210233 -4.4783604988402175
-0.993079837765165 0.11553181095346908 -0.021091147008529935 100.65586912990159 -0.11628982520530516 -0.9924420509156415 0.039184845643211154 16.787991396189927 -0.01640464501421633 0.04136636595321428 0.9990093650160603 -4.507448075484504
-0.9933635994828334 0.11294517558765794 -0.0217289331075354 99.4593781244976 -0.11376735831586839 -0.9926484467928797 0.04130434918405315 16.543987921748407 -0.016904064728534562 0.04350228029843306 0.9989103083883449 -4.598365384520465
-0.993635657099672 0.1103301302147791 -0.022703376552766778 98.68163583185716 -0.1112038363606188 -0.9929220998824918 0.04170623866554641 16.336651411049623 -0.017941229578457764 0.043965508432603224 0.9988719369115733 -4.632606227110577
-0.9932484123109423 0.11372248488618197 -0.02290824901882382 97.50538408347423 -0.11461020433140122 -0.9925172425850712 0.042119167067313286 16.422931130634286 -0.017946935808384173 0.04446031491839014 0.998849932618736 -4.619349577856845
-0.9933829523483086 0.11301767554980194 -0.020428289137309392 96.34080465438109 -0.1138371209285138 -0.9924891565218346 0.04479267892508045 16.342383453086384 -0.015212491001311165 0.0468217812550728 0.9987874152779668 -4.668084324115906
-0.9932329073744051 0.11405331847867628 -0.021914202075172782 95.33348792875714 -0.11490583366703397 -0.9924598511332815 0.042662551233971925 16.23027532234368 -0.016883160186229595 0.04489191945672301 0.9988491750357629 -4.6235918449257065
-0.9988775131056911 0.04092360538655439 -0.023853140966419863 96.26828645714717 -0.0419708344122165 -0.9980961421772501 0.04519446901599138 8.66149441139041 -0.0219582073617285 0.04614487504653826 0.9986933902036265 -4.7025634614149645
-0.9932926370518307 0.11333968437512261 -0.022887837913797303 93.69710632526102 -0.1142688433784173 -0.9924536789050243 0.04447838419775031 15.985109610138817 -0.017673952913241617 0.04679541829743019 0.998748126513786 -4.562299761821119
-0.9982690417002458 0.048147844299217715 -0.03377433155849998 94.25523612611318 -0.05016554061418192 -0.9968343398025225 0.061682392344684686 9.42564028540159 -0.030697539278773636 0.06326993029722122 0.9975242237672369 -3.9310187939077608
-0.9984325872352963 0.04296594131229559 -0.03586497781659485 93.43060473806722 -0.044998311280691296 -0.9973061249850664 0.057927929784879297 9.074859928967324 -0.0332794340174636 0.05945099624416748 0.9976763294360883 -3.929149475643309
-0.9984255379814815 0.04275644611921588 -0.03630883393401242 92.56980707971674 -0.044828959599262586 -0.9972904996878116 0.05832686871150705 8.95177642027399 -0.033716605517766826 0.059862722521585705 0.9976370306703102 -3.9470556657520164
-0.99297388593694 0.11418352086479451 -0.03106421430223066 89.58698981987071 -0.1154120716228664 -0.9924653939753673 0.04113994998827153 15.728115519617832 -0.026132653348136317 0.04443608133306245 0.9986703756018585 -4.336271763767955
-0.9930562020938 0.11272907565692855 -0.033638296398281316 88.64937229981501 -0.11405306352522092 -0.9926510941242777 0.04044383802741841 15.613681923017765 -0.028831895247381244 0.043999554945598145 0.9986154219623491 -4.273232310145072
-0.9931454786151275 0.1114254739115315 -0.035304703226721204 87.74787414861248 -0.11290036795574328 -0.9926767675703586 0.042969082391047825 15.549795378058734 -0.03025830831016619 0.046660463881775076 0.9984524204430347 -4.236927362338246
-0.9931254990156995 0.11127368750967988 -0.03633056114103602 86.83762025544465 -0.11285169832864732 -0.9926044151724431 0.04473219382635372 15.477162469084591 -0.031084359236828556 0.04852464784186294 0.9983381797580745 -4.206418934025258
-0.9928822954099131 0.11301361608072123 -0.037585503081663314 85.94455136853531 -0.11463328718257344 -0.9924259373071146 0.04415844686816443 15.491883153156488 -0.03231032236389968 0.04815268985686168 0.9983172649655487 -4.208416122697942
-0.9928587338200568 0.11305408811602524 -0.03808290741910826 84.90178852062621 -0.11468272431156697 -0.992440433935924 0.043701920250147075 15.479481254879865 -0.032854336421761984 0.0477572847775947 0.9983185034491541 -4.262991906679024
-0.9929506996151614 0.11144107839940612 -0.0403707094183708 83.92713965249706 -0.11328028357035695 -0.9924715614318401 0.046559393287086144 15.229104956226582 -0.0348781520150268 0.050804387548919215 0.9980994082343709 -4.255024058941116
-0.9928836938515115 0.1123311120714189 -0.039543542387835244 83.03071448869164 -0.1141185583127635 -0.992388229033544 0.046287768625040096 15.247087376849983 -0.03404298947502142 0.05047102274045334 0.9981451551408453 -4.281630041305089
-0.9928929265735432 0.11154997349001441 -0.04147577334551271 82.22751406447087 -0.11343870125683805 -0.9924621980277275 0.046372907425951355 15.235463295609925 -0.03599024058536763 0.05074828962981461 0.9980627804313025 -4.230133055643573
-0.9929973808497079 0.11136527899000788 -0.039420505591686826 81.45346446682933 -0.11306513132412606 -0.9926176414218865 0.04389184453536358 15.1379572107762 -0.0342414617720116 0.04804157130586607 0.9982582480110975 -4.293275736896384
-0.9931502400533858 0.10942558656703294 -0.04097122998357201 80.63782159425651 -0.11120777121201021 -0.9928188648658373 0.04408552130306487 14.988539958708834 -0.03585292601674602 0.04833986523530532 0.9981872695667255 -4.2511995391935695
-0.9932772004752045 0.10782816919078284 -0.04211281212540503 79.89618277842845 -0.10961453289241528 -0.9930566605825721 0.04269804505322704 14.893988752560617 -0.037216356550881076 0.04702717088614592 0.9982000741352045 -4.2304372123927445
-0.9934688700853761 0.10756861496240752 -0.03806044201479137 79.25386998982158 -0.10904532539881014 -0.9932668328021624 0.03911669546154548 14.792114155190637 -0.03359644594237747 0.043011532525980764 0.9985095326985198 -4.328181990446363
-0.993116806552599 0.10993926728475237 -0.040402550063862744 78.07219405646276 -0.11158757722183095 -0.9929045817680502 0.04109384520556219 14.633230781416058 -0.03559804984170972 0.045319410994724904 0.9983380839347819 -4.328146579062804
-0.9931951850374289 0.10905474873339335 -0.04087035841749087 77.19139133769949 -0.11071357994000143 -0.9930148341283533 0.040792676032766 14.533495636441371 -0.036136237149794914 0.04503999311436603 0.9983313935687496 -4.365195310531964
-0.9931896310401829 0.10837572791786486 -0.04276749224054221 76.6069854803475 -0.11018952124861336 -0.992996788947846 0.0426104042021723 14.519091381700148 -0.03785004889392554 0.047032741123017814 0.9981759840134369 -4.339085910938156
-0.9933953414828219 0.10741907963736237 -0.040334065628125776 75.81047246921429 -0.10908265755889295 -0.9931620867954022 0.041593787662223415 14.451911123576842 -0.03559029839886428 0.045718821967149194 0.998320149039289 -4.418611689047934
-0.9935860672453217 0.10552316438394285 -0.040639743532384975 75.28093563604548 -0.10715784770563212 -0.9934211164840714 0.04039407133025266 14.375757473259412 -0.03610986916444948 0.04448985392129206 0.9983570154243374 -4.413613391479493
-0.9935013223450375 0.1054808025463838 -0.04276590689836555 74.69155078748925 -0.10718481563456729 -0.99344520281625 0.03972460570937832 14.304529537947598 -0.03829540176120385 0.044050304148248925 0.9982950630491992 -4.3955973998870395
-0.992761094868937 0.1126127131373546 -0.04175865604252855 73.34615740555617 -0.1144261294765115 -0.9924602943121108 0.043922945107848874 14.1188298363918 -0.036497526048468225 0.04838327245822354 0.998161805289398 -4.476393844567933
-0.9929696276051844 0.11108438523515612 -0.040884936230310906 72.61996446427835 -0.11291547944826137 -0.9925581487085446 0.04558964721554177 14.073686981312603 -0.03551637868079806 0.04988567719492516 0.9981232419176603 -4.546446992513401
-0.9932964359047393 0.10889135281911828 -0.03879257274492076 72.13916250151601 -0.11054844083859448 -0.9929187379959605 0.04349048131104756 14.112809230351 -0.033782135028788615 0.04748739851511385 0.9983004128693803 -4.642192029469837
-0.9933987867876688 0.10892776991782602 -0.03596653096319621 71.57448903567601 -0.1104351338504757 -0.9929534801633549 0.04298217587462211 14.096486630483648 -0.03103113952507029 0.04667041002840136 0.9984282353817748 -4.759205188926004
-0.9934376648261073 0.10856699053372215 -0.03598353333544243 70.67245606684692 -0.11013157328687015 -0.9929070116574317 0.044796236079198665 13.941629613245764 -0.030864910014613094 0.04846519130217087 0.9983478765249337 -4.798399071575784
-0.9935333980918597 0.10803689519662257 -0.03492013963776046 70.13002095563101 -0.10952982835252784 -0.993004123419792 0.04411380251527654 13.877755919112145 -0.029909924391623537 0.047653333016326016 0.9984160236471228 -4.851000285640152
-0.9935560581942874 0.10771465478043367 -0.03526914190858755 69.41392706734865 -0.10921758226498271 -0.9930484912216221 0.04388865236781196 13.79258853655828 -0.03029651712042654 0.04745784685383889 0.9984136787035673 -4.865642959988747
-0.993487819751375 0.10789419940609697 -0.03661685049505475 68.68686915939203 -0.10946589684874422 -0.9930145462913428 0.04403780513269034 13.704409963306919 -0.031609641452571245 0.04775931938712986 0.9983585918791564 -4.847664120494733
-0.9935111644914126 0.10737176907113292 -0.03750825559075659 68.0182005205119 -0.1089826304228449 -0.9930727806849718 0.04392309789556958 13.579178823901287 -0.032532326954023236 0.047725836495150324 0.9983305525895753 -4.845665998764117
-0.9931308368010537 0.10865058969499408 -0.04343029304271492 67.29648056554265 -0.11057529142341703 -0.9928627886369739 0.044683194454309606 13.550652739083553 -0.03826546643479388 0.04917857560915519 0.9980567227265196 -4.757202792663372
-0.9928664278106933 0.11123604673945162 -0.04292782817964891 66.70252773428712 -0.11308107491733725 -0.9926440213750423 0.043249477730163 13.509895955627996 -0.03780115106689402 0.04779527941304634 0.9981416153251316 -4.798398679501596
-0.9929538784113191 0.10931079940975016 -0.04575745272993707 66.08509331994654 -0.11136111468103427 -0.9927629723654763 0.04494866891324293 13.462477704089666 -0.04051292984873397 0.04972755606780089 0.9979408162223913 -4.7739918696483
-0.9928977496221683 0.10993031977934249 -0.04549047799758842 65.55009143677667 -0.11194259843511474 -0.9927250173415546 0.04433840998285454 13.379287904063558 -0.04028539997110864 0.049115829804906516 0.997980321354961 -4.807669173909001
-0.9930710921759963 0.10898295842282829 -0.04396044424013503 64.87975383566823 -0.11088957633926469 -0.9928781293276465 0.043549077626723706 13.218299966657964 -0.03890125632521172 0.048122085119502084 0.998083642376774 -4.871584727818153
-0.9930837731470104 0.10925728209749548 -0.0429821570046472 64.30536782103498 -0.11105002735193294 -0.9929354742621684 0.04179755228364825 13.149733560978756 -0.038111821489380776 0.04628164064116589 0.9982011314371148 -4.920116061567423
-0.9927873805877336 0.11281378242437183 -0.04057422138327469 63.86561724167914 -0.11440164063631594 -0.9926606983615266 0.03920462406562824 13.123371190633993 -0.035853613004427604 0.04356361352682948 0.9984070963344664 -4.990013514200662
-0.9927172761676512 0.11377513779026159 -0.039593277448249024 63.20903869552787 -0.11535144838713468 -0.9925148264470408 0.040104396739 13.029681245015684 -0.0347340316300433 0.04437946939313587 0.9984107420010667 -5.041821605733553
-0.9929810669080277 0.11246056181841968 -0.036622708770412404 62.480910809603955 -0.11389705860823801 -0.9926937817959861 0.03983108866176609 12.871444563430979 -0.03187570866017209 0.04372273572268482 0.9985350577612904 -5.142470967537329
-0.9929536296126474 0.11436285854054491 -0.031051989074922647 61.69044207798272 -0.11560838705709059 -0.9924143502153813 0.0418145707696344 12.735350739034487 -0.02603440571882299 0.04510980018826939 0.9986427367411504 -5.285466298829136
-0.9926527852795597 0.11691613142283105 -0.031161933346043252 61.363058855743226 -0.1181684649962257 -0.992107550133078 0.04193832196674579 12.70327068168168 -0.026012722986635962 0.04531254994005746 0.9986341227200121 -5.29679729383615
-0.9927984346666725 0.11682763394825274 -0.026506076085760354 60.8282125130885 -0.11780019908029325 -0.9922829339320813 0.03870002743915457 12.537424666950036 -0.021780294305956256 0.041543747702889794 0.9988992620914053 -5.4228708569207
-0.9929383118509739 0.1163609624528461 -0.023100547084290615 60.205459444756436 -0.1171983552464401 -0.9923426814028143 0.03899420718274767 12.278609836727453 -0.018386255357626523 0.041426188375576274 0.9989723802641444 -5.543913695296584
-0.9928388593118624 0.11747647627914552 -0.021685870085410893 59.95327885503256 -0.11824173544235175 -0.9922484909529188 0.038233809661610066 12.283539100170158 -0.01702619863347648 0.040524186885056025 0.9990334823405089 -5.557004954108007
-0.9929093817945212 0.11682307099455323 -0.021984758989658734 59.64637748842517 -0.11761182383345808 -0.992298721507624 0.038867804014554405 12.218800610976102 -0.017274792010296837 0.041177874857114355 0.9990024845731198 -5.559898764973711
-0.9928151402176537 0.11746027364225538 -0.022829399258182826 59.10686837892671 -0.11830683015922513 -0.9921645175578374 0.04016296847723881 12.155499741967263 -0.017932966633508508 0.04257527704096188 0.9989323072624158 -5.561749973322537
-0.9928361055578464 0.11727158293690805 -0.022887624083897017 58.7268804078776 -0.11812158744338778 -0.9921846901867971 0.040209838830697044 12.09134452527082 -0.0179932787614793 0.04262530227937531 0.9989290893376848 -5.5612253437070045
-0.9925612838276588 0.11904049945881216 -0.025523662256434806 57.838745201094255 -0.12002065049989494 -0.9919199872116111 0.041106963202081986 11.991565422954698 -0.0204240373081855 0.043864546717271885 0.9988286941419582 -5.526949340269078
-0.9924855464822236 0.11970499302422342 -0.025360494256933853 57.376116235402606 -0.1206799826093031 -0.9918350064128268 0.041226955399192404 11.929788401215333 -0.020218353575488155 0.0439776613650557 0.998827904836246 -5.5306023178600965
-0.9925293533617594 0.11935754062625673 -0.02528359568854937 56.96366337381285 -0.12031248180808615 -0.9919140075831191 0.04039193337262935 11.86349911066691 -0.02025807089704358 0.04313211165768854 0.998863970472198 -5.5361083388010215
-0.9923785381910921 0.12043280818452592 -0.026091677801781624 56.430877514312726 -0.12142949267118186 -0.9917633231649733 0.04074787275913826 11.896870892131007 -0.020969388339715875 0.04360561360152014 0.9988287316728051 -5.539261484415415
-0.992286733692945 0.1213268013830667 -0.025433155587613332 55.90269611252184 -0.12227678277937755 -0.991694038477713 0.03989138304056499 11.887680624496026 -0.020382014868853732 0.042693574620996926 0.9988802892018512 -5.557412285654644
-0.9916838671323601 0.12510812986897268 -0.030183828619052704 54.95872656499421 -0.12621834870246276 -0.9912664754492562 0.03820606105371285 12.378777441020876 -0.025140328562682782 0.041698087379455774 0.9988139132934998 -5.551622493627395
-0.9917954761163033 0.1246129498566518 -0.028519226554491257 54.40869677998377 -0.12563705175284925 -0.9913679338230796 0.03748267618807756 12.381216704632145 -0.023602219855240084 0.04075822021864518 0.9988902355627118 -5.6144238356711815
-0.991785605185053 0.12522313413637123 -0.0260860120523007 53.91447674386893 -0.1261145375745859 -0.9913656268953684 0.03590706368829576 12.369086372782725 -0.021364380638746232 0.03890193423765538 0.9990146158853297 -5.68101437230362
-0.9916794935996163 0.12656481493397614 -0.023518707335678707 53.29020357299923 -0.12734717463981257 -0.9912250591380536 0.035434153694281996 12.4949448671724 -0.018827614964999632 0.03813436452205549 0.9990952362799279 -5.777435082929826
-0.9917245842403163 0.12614467837636884 -0.023871931859474647 52.93523263907443 -0.1268763175830288 -0.9913984082319903 0.03211847119107599 12.510219645836338 -0.019615021028566652 0.034881460296327306 0.9991989464954688 -5.828517877153559
-0.9917966278886368 0.12559794917036 -0.023761398800041116 52.62625034461187 -0.1262975309416004 -0.9915180872235335 0.0306727303421737 12.526725757243954 -0.019707424661539782 0.033422116521669175 0.9992470062704369 -5.856318326585341
-0.9915181841542303 0.127869250880863 -0.02326252717713442 52.53837759259934 -0.12851187579853993 -0.99129497965475 0.02861749622218543 12.49209525030838 -0.01940072860075879 0.03136427889260983 0.9993197154761406 -5.863961806936288
-0.9914860631048296 0.1281229013648374 -0.02323593800024805 52.2968285463369 -0.12874782078828287 -0.9912889614619115 0.027752360729195267 12.408105348166782 -0.019477815872511038 0.03050765526275823 0.9993447341429389 -5.885271504420896
-0.9915908418492861 0.12738422279605432 -0.022822404414921553 52.06752511680222 -0.12795826058602067 -0.9914451067891965 0.025754296176854027 12.360317294645474 -0.0193464701801901 0.028458039398566417 0.9994077516635385 -5.922168030530331
-0.9917940481906052 0.12580263566709182 -0.022765386728791807 51.81573504183381 -0.12634025818273442 -0.9916976980632639 0.02395443212321704 12.322840036481699 -0.019562850917453575 0.026634048044537787 0.9994538120137169 -5.96443201378058
-0.9919559517699291 0.12462822971067053 -0.022162899345644547 51.45704841724294 -0.12513909331350667 -0.9918635889326514 0.023384359609034906 12.283304325320014 -0.019068221545132203 0.025969699821822855 0.9994808540528862 -5.990646525412829
-0.9923047604901736 0.12176983443031997 -0.022435902731101964 50.648519219137015 -0.12231168209991013 -0.9921866752007732 0.024605974395172217 12.112442294659648 -0.01926433830780299 0.027160798531299487 0.9994454343748428 -6.008204252677811
-0.9926122429174303 0.11945042828005434 -0.021272761789302607 49.55286999592236 -0.11997594598006969 -0.9924511580683861 0.025425798609036487 11.943604709902589 -0.01807505453989444 0.027790178704562733 0.9994503481268889 -6.088125485435568
-0.993170020634163 0.11480463557867394 -0.02081359563327862 48.61469561493615 -0.11530201300644077 -0.9930278591212515 0.024517683531114366 11.895661773863399 -0.017853736589307174 0.026750077732917783 0.9994827049184483 -6.146176539681586
-0.9931706891134436 0.11535546121229318 -0.01746710778650186 48.533040124064385 -0.11574081078210548 -0.9930144522242295 0.022942589071663355 11.867954921460765 -0.014698537526788904 0.02480756421557862 0.9995841824240096 -6.155935006250539
-0.9931220186812311 0.11582935765391786 -0.01709432408728816 48.45480008337037 -0.11619314117486328 -0.9929809493356094 0.022090454963069783 11.992653971388812 -0.014415614951790728 0.023924760438473695 0.9996098218222583 -6.16139150613403
-0.9928939925584773 0.117905293822642 -0.016120211843798776 48.4298129992696 -0.1182134397296742 -0.9927923099924406 0.019723384272404876 12.120802266177677 -0.0136785309361576 0.02148885544821946 0.9996755107948578 -6.183923969332648
-0.9927071096786653 0.11947689009347327 -0.016058241716575907 48.35467067480618 -0.11975309346807407 -0.992649384949106 0.017504147079726872 12.310635707789661 -0.01384886270649859 0.019299515376123816 0.9997178290437728 -6.20402443449374
-0.9927136728797537 0.11929022825065173 -0.017011911165243775 48.139009890287596 -0.11957130509433994 -0.9926870159861813 0.016588890574326668 12.469292390673417 -0.014908610787811345 0.01850215491121741 0.9997176619366204 -6.223145507989367
-0.9924662434979316 0.1215270793854031 -0.015553922115113106 47.92841780180781 -0.12173412809696137 -0.9924758084960639 0.013136651268929848 12.550598680871616 -0.013840432564863961 0.014931126084188302 0.9997927304698129 -6.268781406847576
-0.9927166643203864 0.11962270217791829 -0.014284029692653813 47.74069869156399 -0.11977104732610047 -0.9927509470567768 0.010022641382484663 12.586306946573615 -0.012981548560036131 0.011660456317225865 0.9998477449869397 -6.295636384069732
-0.9922911957809935 0.12343450445752942 -0.0110501531596757 47.65226078036199 -0.12352626120512636 -0.9923086993276704 0.008044130239522067 12.611358065591848 -0.009972239879342046 0.009347103719952078 0.9999065886790828 -6.314898901509845
-0.9917611471310674 0.12756312771536774 -0.011724994189877883 47.602228660061925 -0.1276670704556689 -0.9917798974461047 0.008588023234134615 12.792210940908465 -0.010533098430554723 0.010014163433604905 0.9998943796062572 -6.310132072230482
-0.9917523814181303 0.1273587788515169 -0.014385944561318914 47.332069236786744 -0.1274925428236302 -0.9918005316643762 0.008795277973320786 12.983347304619109 -0.013147831602068534 0.010556838528317614 0.999857833736606 -6.308463988746679
-0.9909250476327512 0.1336144814694009 -0.014653338039599147 47.384848931752416 -0.13373118122480002 -0.9909908157561006 0.007292067970490971 13.093007830622133 -0.01354699753669542 0.009185501005921836 0.9998660437423662 -6.318039441388799
-0.9910005234888815 0.13295801139905541 -0.015496117242120537 47.27319497224837 -0.13307863749756257 -0.9910805675282865 0.007027439761707976 13.083702416283037 -0.014423546254862299 0.00902639865172301 0.9998552322415608 -6.309060494401782
-0.9916829870345156 0.12779921607912614 -0.015238556226680449 47.01170107152548 -0.12792942154633424 -0.9917518424894138 0.00789594970120433 12.916715900543121 -0.014103770032674634 0.009779738668445094 0.9998527093439568 -6.311070046608969
-0.9920564255079302 0.12489184261348842 -0.015035832435965206 46.86085772373144 -0.12502403173839868 -0.992119870316324 0.008194779521065688 12.786903274728523 -0.013893887012270607 0.010009524071181412 0.9998533739161772 -6.3100603196202645
-0.9918826755195537 0.126293707717759 -0.014787068508525862 47.183074543634866 -0.1264821125094329 -0.9918890770244732 0.01258308764537384 12.294088220777288 -0.013077966941547626 0.014351246302770551 0.9998114864864445 -6.273482725302062
-0.9902365167923937 0.13857070669503832 -0.015159157526253759 47.53946648361011 -0.13880185455659838 -0.9901998986124457 0.015433922364453064 12.032503643295106 -0.012871906716427966 0.01738735270077989 0.9997659696066599 -6.2349108957465065
-0.9904573961450743 0.13690397297899784 -0.015857131017002694 47.400280425091616 -0.1371755429618803 -0.9903916145433254 0.01753055205578037 11.994534556388151 -0.013304767365002877 0.01953847549922895 0.9997205765315311 -6.212692670505427
-0.9905998239474262 0.13578361438847508 -0.01657705821097359 47.33871799459182 -0.1360857444370761 -0.9905204770528092 0.018704403227135936 11.983589908937848 -0.013880164132105782 0.020784479851059637 0.9996876244312465 -6.193585545286701
-0.9909392092493298 0.1332944870433984 -0.01649434133728934 47.24581348484351 -0.13360748609374212 -0.9908404451811166 0.01960234304867602 11.99501718749432 -0.013730376252087085 0.021628497800936442 0.9996717885640544 -6.177241504794231
-0.9916892387258768 0.1276700401309144 -0.01590014617101613 46.96222499745625 -0.12799572392027742 -0.9915417056994817 0.02149745372558016 11.890929986948272 -0.013021077275423147 0.02335394423926278 0.9996424584995678 -6.160458250496934
-0.9924079863728916 0.12182413324307031 -0.01688991245930303 46.676150973312936 -0.12219675802184349 -0.9922362695936486 0.023133041992617773 11.782842047634992 -0.013940620942355979 0.025021308168372842 0.9995897124447058 -6.158751403885548
-0.9923509382849227 0.1223958453444548 -0.016089509857627027 46.00262616329156 -0.12273224665569206 -0.9921978821908962 0.021912512561412467 12.029258782001483 -0.013281977107652028 0.023719604092913196 0.9996304164368938 -6.186588303738549
-0.9922421736240039 0.12315716594597549 -0.016964119725959948 45.904899895261245 -0.1235237357311068 -0.9920845741060559 0.022585051070246807 12.01159586839726 -0.014048330610856455 0.024505311607291136 0.999600987449537 -6.192155664018384
-0.992270818640057 0.12297134200125152 -0.016633445878860655 45.91411656873725 -0.1233673651420619 -0.9920371780659335 0.025352131131029652 11.841321172391192 -0.013383411123402997 0.027208204302964997 0.9995401932515358 -6.169230002186809
-0.9922704639303295 0.12320196515377888 -0.014852683048597754 45.98224589417013 -0.12357410910055726 -0.9919547615331645 0.027480732007933047 11.795660253280237 -0.011347509484357806 0.029103725774140055 0.9995119845077277 -6.156729636518924
-0.9920906639287052 0.12447352221301498 -0.016200518923537303 46.116793026894946 -0.12486887590166543 -0.9918261197602435 0.026243322815531843 12.003396293691774 -0.012801498996611914 0.028058696142761925 0.9995243024530304 -6.178071650184728
-0.9922922840594318 0.12269069690090834 -0.01740735161033137 46.11564316592629 -0.12311855352815394 -0.9920484842639491 0.02610798051818406 11.926086428463107 -0.01406573045562757 0.02804991557158803 0.9995075574817742 -6.188742936611801
-0.9915863376145445 0.12839995417479066 -0.01643127578996581 46.27940376492482 -0.12871992208002347 -0.9914757808251973 0.020173192528151657 12.05488248888672 -0.013700974997636669 0.022118494636342835 0.9996614704384433 -6.228947529189763
-0.9916945912414802 0.12765693382547497 -0.015669873920294935 46.30988274769713 -0.12794047033452272 -0.9916062169648451 0.018664043700459577 12.05635236347657 -0.013155749806834477 0.020513842227885618 0.999703010160556 -6.228506380484456
-0.9916988407316261 0.12762754330757467 -0.01564031587986282 46.224205462723255 -0.1279059178742964 -0.9916171365363734 0.018317497103504877 12.01191244292404 -0.01317138809245 0.02016592960110851 0.999709882825538 -6.226678506453704
-0.991686594116725 0.12769157531148786 -0.01589215667082689 46.16076937341035 -0.12797468178381483 -0.9916087412455591 0.018291667713425552 11.963029920910019 -0.013423109606634162 0.020173395348249263 0.9997063840191391 -6.2300760958695385
-0.991465059998891 0.12934901056223572 -0.0163054674259778 46.061602265953084 -0.12963737648943577 -0.9913966830219979 0.01807671181176643 11.95495496077934 -0.013826981534166845 0.020036226180573193 0.9997036381958917 -6.243418871178891
-0.9914035467609047 0.12985259884754788 -0.016040886585133175 45.99126081866625 -0.1301446257365212 -0.9913178617565158 0.01874228786434832 11.953724307663897 -0.013467882602718497 0.02066880584423285 0.9996956619907763 -6.239621299058108
-0.9913050667789968 0.1306227828700734 -0.0158730329039552 45.933288241864176 -0.13090919444097698 -0.9912201287648275 0.018585993173830317 11.961822746495713 -0.013305915568176833 0.02050231515512964 0.9997012592190643 -6.248664872291466
-0.9913480129103031 0.13029986285315068 -0.015844968893857884 45.85052341083707 -0.13058605886534078 -0.9912622823145508 0.018610988436011562 11.951892859618223 -0.013281510788154703 0.020519098445029336 0.999701239406151 -6.255717231522658
-0.9911200964446315 0.13198129749263066 -0.01618306323763693 45.77103747083923 -0.1322828618468909 -0.9910252021082532 0.019243005167916983 11.920266761156673 -0.013498106726090598 0.02121287105643397 0.9996838576351827 -6.2712475618972405
-0.9912893026576772 0.1307119459370325 -0.016121588811956255 45.731780054311756 -0.13102965324034443 -0.9911656991460811 0.020537448916066275 11.802978024816221 -0.013294675933746758 0.02247095960608889 0.9996590956752273 -6.267604154904275
-0.9915798592090286 0.1284687085709896 -0.016284155768888784 45.73373445759338 -0.1287769542932151 -0.991480839605014 0.019550977957457208 11.950830588840246 -0.013633739544502258 0.021483379953607884 0.9996762403557489 -6.273949943577485
-0.9911576225957995 0.13181368283408715 -0.015222358160333018 45.71618129571519 -0.1321127318025846 -0.991019144687353 0.020670775476568225 11.858504836291708 -0.012360957321574722 0.022499063999605662 0.9996704451234124 -6.265431366852698
-0.9915649048735597 0.12890317327703357 -0.013528168472048541 45.652428572741535 -0.12915497199578607 -0.9914274023007235 0.019766111808101807 11.961967639783236 -0.010864282390716592 0.021346612994882018 0.9997131035861183 -6.265710175918793
-0.992062458025074 0.12510734649524943 -0.012658247515793926 45.18992795750681 -0.12535466902656647 -0.9918872793482006 0.021114734676740677 11.81739254135607 -0.009913946262398587 0.022533906011753105 0.9996969224466812 -6.257516247953628
-0.9922490756812857 0.12361720199934514 -0.012671194872502333 44.81383476191483 -0.12388100360676668 -0.9920367335445617 0.022729193642080894 11.741552120223458 -0.009760571449688405 0.02412274172003796 0.9996613549482111 -6.270213638933217
-0.9920878763751043 0.1249005695188286 -0.01270800076384453 44.00696335305644 -0.12519398391471642 -0.9917979033578507 0.02575626693709721 11.375639286312635 -0.009386796104328484 0.027143445412191797 0.9995874756268487 -6.253551470456469
-0.9916123420674743 0.12863116329262347 -0.012609000335209309 42.8828867219974 -0.12895633459263722 -0.9912043864600204 0.029734290488486245 10.99784665798307 -0.008673340065920427 0.031110899897108076 0.9994783064577778 -6.228095276164549
-0.9911015450741515 0.13247645376734132 -0.012950542415930456 42.6081248831715 -0.13282693169762036 -0.9906358185882129 0.03158609101900586 10.962879758869407 -0.00864485786079621 0.03302520442471721 0.9994171312846739 -6.233430580412188
-0.9912965912938413 0.13116794851184652 -0.011226636736532286 42.65612513262199 -0.1314646703010786 -0.9908066937320035 0.031923911390830645 10.960968250466163 -0.006936032861044468 0.03312197063965489 0.9994272492328344 -6.240199918388211
-0.9919900217228852 0.12584267154528617 -0.010927891863582862 42.893447543089124 -0.12612164824517783 -0.9915486599816082 0.030406984931143164 11.014882360370244 -0.007009040316387129 0.03154166937605206 0.9994778619093205 -6.267109889022745
-0.9913930258825167 0.1305417041021762 -0.009936383729095215 42.54957813474163 -0.13079627442219402 -0.9908942242339479 0.031952636465288634 10.949631282622686 -0.00567475363219644 0.03297726292324138 0.9994399918460918 -6.2722072012734795
-0.9905037980271948 0.13700812407933882 -0.01144552445149572 42.198511834988224 -0.13732557836493264 -0.9899308229913404 0.03433149018658046 10.958698686914245 -0.006626584372525008 0.03557723468673272 0.9993449598369962 -6.303862760566785
-0.9900975685509444 0.13994164564150494 -0.011096871841284777 42.13866724457683 -0.14024768748265984 -0.9895057927778761 0.034768839710281975 10.943522373061429 -0.006114810322562314 0.03598085427251912 0.9993337716801876 -6.319352410499939
-0.9901509943642571 0.13952586879876336 -0.011555963630445518 42.18253399073416 -0.13983862748033685 -0.9896153719356038 0.03326520544325298 11.119529577153616 -0.006794602555978264 0.03455354634066218 0.9993797505510125 -6.348691509200507
-0.9902399529361275 0.13878749148874975 -0.01276196753339471 42.30138441553912 -0.13912744492582838 -0.9897756792743917 0.03142703908000205 11.058975773108035 -0.00826980516541094 0.032895849634650434 0.9994245711404938 -6.337862148574219
-0.9904514491670673 0.13726068857231033 -0.012861967793698616 42.46147885041233 -0.1375947769848631 -0.9900260697549198 0.03026645919367983 11.071203604876846 -0.008579288394539527 0.03174719795969624 0.9994591093348262 -6.320181115080926
-0.9910369720752285 0.13299709799069462 -0.012549577921868752 42.550303672816824 -0.1333121322998957 -0.9906504816441195 0.0289741022282181 11.175424630919693 -0.008578773899490872 0.030387417533079338 0.9995013804362963 -6.33012651935491
-0.9909242262068494 0.13386019426449963 -0.012272990989593608 42.55733328686609 -0.13417164803046325 -0.9905159267752006 0.02960012955143279 11.10892798433225 -0.008194313952351824 0.03097817289871274 0.9994864711554189 -6.310307045229761
-0.9909375756260421 0.13373361321457675 -0.012571472028328914 42.502863747474905 -0.1340492122991475 -0.9905503771758379 0.028995843819130552 11.098055362294302 -0.008574957397178704 0.030418267100198553 0.9995004748034242 -6.3077636244025745
-0.9908440563357055 0.13443872303907534 -0.012421182384395183 42.42818514595991 -0.1347410657684586 -0.9904850534039602 0.0280036458150435 11.096106105949088 -0.008538221113534958 0.02942088936414384 0.9995306448775074 -6.301759923029588
-0.9907955235403907 0.13475741302535094 -0.012832387425627194 42.37772320814674 -0.13507707763747687 -0.9904221865313595 0.02860201956792654 11.070518378745879 -0.0088551470482328 0.03007211434468166 0.9995085063718093 -6.29746168130672
-0.9906906549840255 0.13562014328455393 -0.011798426285152916 42.38834153133183 -0.13590691483482417 -0.990314308114334 0.028405662184010597 11.081805838871965 -0.007831770387930958 0.029744711790653435 0.9995268458091031 -6.298821287831648
-0.9908482729995821 0.13448753533867536 -0.011524006780898809 42.40073090141414 -0.13476439042968064 -0.9904786391797801 0.028118044041010107 11.189067316445813 -0.00763275611262339 0.0294137411272962 0.9995381797945667 -6.319000117504022
-0.9907758398096053 0.1350511752921905 -0.011154160738188892 42.35556281239599 -0.13533077829899 -0.9903443730636264 0.030059993117158453 11.051580764096558 -0.006986822923565172 0.03129221617929454 0.9994858585853181 -6.296359333015797
-0.9912216471382634 0.13175165918008047 -0.011006659248680044 42.3819921829667 -0.13202541786301641 -0.9908019692371377 0.029677378487845768 11.05492028828605 -0.006995375802425389 0.030870018774050698 0.9994989277924626 -6.29526084698941
-0.9913288467732728 0.1310436081120854 -0.009730895547130563 42.404027735370384 -0.1312765539824116 -0.9909109574636992 0.029358827511981163 11.098131022682338 -0.005795164336475932 0.030381691054657486 0.9995215700118645 -6.295519938707889
-0.9912849177448382 0.13139710060161455 -0.009434712772547885 42.45118633226696 -0.1316229284713134 -0.9908539686448451 0.029729068626381864 11.065533851287872 -0.005442109172610247 0.03071180187234183 0.9995134659790779 -6.283568024543538
-0.9912974715352582 0.13126204535413877 -0.009979898659912003 42.43124277321371 -0.13150833050714242 -0.9908506652165248 0.030340043625532623 11.07633912291829 -0.005906093043545986 0.031388448343655104 0.9994898115416436 -6.28382538339938
-0.9911270614480023 0.1325908836841306 -0.00931695386445457 42.49533216058094 -0.13281364504596047 -0.9906889674304127 0.02993168056208654 11.095559498037755 -0.005261535427695023 0.030903517203164144 0.9995085236602149 -6.28883475570177
-0.9911250608161768 0.1326450796248233 -0.008740519061602973 42.50556129240676 -0.13284684079365103 -0.9907045983194036 0.029259455906373532 11.11479076529745 -0.004778149567548496 0.03016093035888308 0.9995336350351626 -6.2891449093725695
-0.9911412131640404 0.13251528306001845 -0.008876672982711728 42.52114212185766 -0.13272739324583033 -0.9906819897054178 0.030539062780096705 11.092499078467776 -0.0047470675037849545 0.03144670139844863 0.9994941572221809 -6.281782415273194
