-9.896366448713656006e-01 1.369190850978421747e-01 -4.327210722528267856e-02 1.300133876366433583e+02 -1.395130531811034635e-01 -9.881475002969064558e-01 6.403612768634703301e-02 1.341833449023969571e+01 -3.399145657121954017e-02 6.940952235065012133e-02 9.970089764326204307e-01 -2.337335091440841062e+00
-9.913266065505292879e-01 1.213535533120374960e-01 -5.044674661020512318e-02 1.285691104438637637e+02 -1.242749187426717278e-01 -9.904631858007697520e-01 5.948463788989441503e-02 1.193907693694987060e+01 -4.274697318540940372e-02 6.523796955709146306e-02 9.969537118700917411e-01 -1.743336929732190121e+00
-9.935340353298516280e-01 1.076139671123947511e-01 -3.618500688840341900e-02 1.275287809183769667e+02 -1.089578080341385841e-01 -9.933396972044907791e-01 3.747588592797556489e-02 9.534186506516942217e+00 -3.191107503010804508e-02 4.117620720784340854e-02 9.986421797873348272e-01 -2.466621713506535585e+00
-9.907825525147075929e-01 1.274751295603688273e-01 -4.582602945934745320e-02 1.257499331724255711e+02 -1.291736521923941838e-01 -9.909599334195737796e-01 3.622951747337322531e-02 1.134099616361651464e+01 -4.079339666809045362e-02 4.181508938938505865e-02 9.982922403222602714e-01 -1.843290767036776856e+00
-9.905030162460339849e-01 1.308728709304757543e-01 -4.214340353987493931e-02 1.250741057630002757e+02 -1.329555418612830275e-01 -9.898025578648852463e-01 5.112455703968436099e-02 1.225329974512955644e+01 -3.502283106606789848e-02 5.624222700557252735e-02 9.978026925227108102e-01 -2.277847959180317794e+00
-9.900887146545953588e-01 1.369618179947984515e-01 -3.107728310473334768e-02 1.239069891619495252e+02 -1.382133981034133208e-01 -9.894895477970644393e-01 4.251460202176226416e-02 1.262014260437325319e+01 -2.492776962183805220e-02 4.638852457150523939e-02 9.986123928180340448e-01 -3.101035816544603030e+00
-9.888451908396087564e-01 1.418173358153963504e-01 -4.553055914000794790e-02 1.229651755931213017e+02 -1.444407724224540668e-01 -9.876499624640155961e-01 6.069938143699898231e-02 1.326530575506781950e+01 -3.636003046455675569e-02 6.659876055192440192e-02 9.971171211435314596e-01 -2.436345709767493872e+00
-9.921220011420186502e-01 1.191090360708780965e-01 -3.881974209372848067e-02 1.221591140317449202e+02 -1.212133188622878527e-01 -9.909705417211909229e-01 5.731244865820796924e-02 1.041409677720425719e+01 -3.164279033755817289e-02 6.156641102968935658e-02 9.976012784938562694e-01 -2.696518704953436707e+00
-9.901702657758322257e-01 1.358392562478757115e-01 -3.332478410196069996e-02 1.206374743215411485e+02 -1.373479608946809594e-01 -9.893510335755737461e-01 4.816710496820111875e-02 1.222755273903603168e+01 -2.642692588046386196e-02 5.227072627167587970e-02 9.982832207162153360e-01 -2.987745150929866700e+00
-9.928789766380961002e-01 1.097848947343512682e-01 -4.624515799794366028e-02 1.200687895375680085e+02 -1.124496667096698821e-01 -9.918675894385133862e-01 5.961340015732431025e-02 1.019521999948713464e+01 -3.932442252559494728e-02 6.438914434592625524e-02 9.971497519848400160e-01 -2.389457356730121607e+00
-9.895363112330151090e-01 1.255356106001704886e-01 -7.112453319776673721e-02 1.186135746914575719e+02 -1.309875919501481967e-01 -9.883094343556859673e-01 7.801738728415462398e-02 1.145583912959846451e+01 -6.049908682335072146e-02 8.651746895735372422e-02 9.944116793656206932e-01 -1.004128151268014690e+00
-9.952318635159960181e-01 8.514429056629915782e-02 -4.758137898842472457e-02 1.187872887147744763e+02 -8.772905053014812271e-02 -9.946156330094386711e-01 5.516662275609227756e-02 7.677909062317930911e+00 -4.262806042452792210e-02 5.907784997099928964e-02 9.973427976915695270e-01 -2.213174204884129637e+00
-9.928284239328069027e-01 1.064154243622547347e-01 -5.447456368710301700e-02 1.181264984864362191e+02 -1.102003463877093692e-01 -9.913004695542666500e-01 7.196709468583381564e-02 9.904897657963561031e+00 -4.634225164067744263e-02 7.745409297959754413e-02 9.959182994571291747e-01 -2.388493669383440210e+00
-9.832465493673447909e-01 1.735560661464885801e-01 -5.571817531977721338e-02 1.140936537518333012e+02 -1.762442088951081398e-01 -9.831950211025919373e-01 4.759757672415293461e-02 1.512978905695925036e+01 -4.652098438497662136e-02 5.662015880258389200e-02 9.973113634312119613e-01 -1.872708380826852315e+00
-9.943614293230533807e-01 9.398986294301441002e-02 -4.910451647829609800e-02 1.153688422810670886e+02 -9.688540502795821296e-02 -9.934640645519183799e-01 6.035205660580169468e-02 8.344766713747565845e+00 -4.311109099967634639e-02 6.476926823683257228e-02 9.969685931486923502e-01 -2.148407745925391410e+00
-9.923760967178771875e-01 1.161034590788818655e-01 -4.134814932871720000e-02 1.139257103760887730e+02 -1.184255321918925852e-01 -9.912078862895801201e-01 5.901118099488390084e-02 1.013765644477944328e+01 -3.413320946026767583e-02 6.345796204781821437e-02 9.974006271627661180e-01 -2.943723115959613335e+00
-9.890266507846923183e-01 1.466166684726861180e-01 -1.816140312821017122e-02 1.112658459784312441e+02 -1.472777361521425687e-01 -9.881602911146574186e-01 4.299427285227577777e-02 1.203304998131296699e+01 -1.164270035321648272e-02 4.519725202007875142e-02 9.989102341743819613e-01 -4.366569430219979786e+00
-9.918989454481592638e-01 1.139270770346075684e-01 -5.618810494384049448e-02 1.112279643770499717e+02 -1.175055194312861068e-01 -9.909343952304561221e-01 6.512662475849528843e-02 1.102562289641855386e+01 -4.825903979580491165e-02 7.120144287583504705e-02 9.962938420016386187e-01 -2.309961403001729252e+00
-9.916409437520212755e-01 1.219736238983391424e-01 -4.207937437400219305e-02 1.100321636106409073e+02 -1.234962516287566731e-01 -9.917025388744977743e-01 3.570364440112816506e-02 1.019745227551571531e+01 -3.737531950696520999e-02 4.060184063539372390e-02 9.984761269198029199e-01 -2.725856853345955066e+00
-9.876177256080276301e-01 1.503933862481331984e-01 -4.464367186563335255e-02 1.081824596243703951e+02 -1.520562598724088943e-01 -9.876969200807970140e-01 3.651969190069913329e-02 1.312941992482350351e+01 -3.860209707309912586e-02 4.285584482573367993e-02 9.983352416226883852e-01 -2.775617200315720456e+00
-9.945124263764224537e-01 9.459555310740207223e-02 -4.468461832874197348e-02 1.082661130785304380e+02 -9.689687661511241223e-02 -9.939090201120970303e-01 5.249623836092162654e-02 7.539934355517623921e+00 -3.944653451339358297e-02 5.653796133674869606e-02 9.976208848268804941e-01 -2.845474267135830182e+00
-9.942935741658545101e-01 9.795203758102816183e-02 -4.225738641013065955e-02 1.070487511324726597e+02 -1.000501196136878712e-01 -9.936859983873429503e-01 5.077509403473361854e-02 8.738407858257165373e+00 -3.701704928511995174e-02 5.471320629129804852e-02 9.978157160115032065e-01 -2.964288422337160611e+00
-9.915248093907840232e-01 1.216595656178135337e-01 -4.557962764498364044e-02 1.059886732239971110e+02 -1.239557809267527871e-01 -9.909513562058955838e-01 5.148178326880501615e-02 9.866414986171630375e+00 -3.890394244044300537e-02 5.669532368178407250e-02 9.976332610409540669e-01 -2.791800769990497422e+00
-9.879739615504952166e-01 1.494447935651881942e-01 -3.966995052277046130e-02 1.039135770202160529e+02 -1.510011453557635885e-01 -9.877381225469701320e-01 3.964915344158512212e-02 1.344606465524448780e+01 -3.325816289978032747e-02 4.516253916295111248e-02 9.984258809029774584e-01 -2.937249281668193657e+00
-9.911794952447696705e-01 1.191024476625700546e-01 -5.811897424343005769e-02 1.043634632784598182e+02 -1.230007421910280785e-01 -9.900139153946954096e-01 6.887136375389447951e-02 1.092669952549029766e+01 -4.933584525251359654e-02 7.541256052972718227e-02 9.959311824054764006e-01 -2.369688358828239139e+00
-9.924185093284390025e-01 1.169562158926978623e-01 -3.777229019242069746e-02 1.026984798135538028e+02 -1.185570726551375964e-01 -9.920002628060564653e-01 4.335549695436601708e-02 1.013621951339962024e+01 -3.239942693573790583e-02 4.750496981133934399e-02 9.983454086524661264e-01 -3.234680090337056946e+00
-9.887773687850041071e-01 1.424011101970548143e-01 -4.518007075305184583e-02 1.008022210304022650e+02 -1.444541958262183234e-01 -9.884422245657662476e-01 4.598862906937429412e-02 1.199800066617158478e+01 -3.810905780526581410e-02 5.199896643324920104e-02 9.979197398604101599e-01 -2.992099787537601863e+00
-9.909394534423745515e-01 1.290160230954151832e-01 -3.733450677284526342e-02 1.001225198187733127e+02 -1.305425660708832980e-01 -9.905599141739878100e-01 4.182935422943135501e-02 1.160736930677278522e+01 -3.158540889330714585e-02 4.632409973507816553e-02 9.984269826726324126e-01 -3.290677111853097081e+00
-9.878675318497625035e-01 1.528301714758092678e-01 -2.758039527878131114e-02 9.883376497160540453e+01 -1.538998952779865592e-01 -9.871905871343336081e-01 4.206622049572522615e-02 1.386216046264035207e+01 -2.079811891695623055e-02 4.580047336048988227e-02 9.987340761631552377e-01 -3.945435404151903747e+00
-9.911309981476925657e-01 1.277852313366446280e-01 -3.647299224082092839e-02 9.815397315569290981e+01 -1.294761674793563910e-01 -9.903941625237273616e-01 4.853168958301894154e-02 1.150158533604017208e+01 -2.992100542455794487e-02 5.282364519005733339e-02 9.981554968757214708e-01 -3.462350853877560919e+00
-9.875324838036176889e-01 1.544107846214466395e-01 -3.060887167551361310e-02 9.684119024149944721e+01 -1.557607387089764983e-01 -9.866203391992758309e-01 4.815494320566540698e-02 1.363638498177178882e+01 -2.276369279121433914e-02 5.232223113453914054e-02 9.983707720178967016e-01 -3.988879906873310510e+00
-9.925954421199527644e-01 1.166081390762808145e-01 -3.401220639509396071e-02 9.688918528314164291e+01 -1.181696812841703526e-01 -9.918217536038558269e-01 4.822380639653030959e-02 1.004220762004425715e+01 -2.811075786764412332e-02 5.188594202035067687e-02 9.982572986523902125e-01 -3.653540892852795707e+00
-9.882965126834470926e-01 1.479901955508700628e-01 -3.699871671494234932e-02 9.499189891988746126e+01 -1.496312744411980034e-01 -9.876518504278133381e-01 4.641448109824478779e-02 1.246918620456153093e+01 -2.967296289284586733e-02 5.140743494215276738e-02 9.982368410882399568e-01 -3.539162318287139897e+00
-9.862672602255782017e-01 1.611883243786755848e-01 -3.598910239401478112e-02 9.411032769634581996e+01 -1.626774124715602010e-01 -9.857331322020899123e-01 4.320013368747442628e-02 1.376069016999845473e+01 -2.851229346597513453e-02 4.846149154795645342e-02 9.984180151410818604e-01 -3.582883746921945445e+00
-9.941896551579159080e-01 1.041300521694309145e-01 -2.727383017062406934e-02 9.311577511114241190e+01 -1.052042125765887959e-01 -9.935859928405084140e-01 4.146020365701565819e-02 1.069290011835790644e+01 -2.278164245888265882e-02 4.408862740359347637e-02 9.987678357358844572e-01 -4.127710785659117754e+00
-9.919926033707804347e-01 1.225881483446436965e-01 -3.037796476219511640e-02 9.245172901606805738e+01 -1.237782848828481858e-01 -9.914623742414880869e-01 4.100361758298624176e-02 1.125189106484143764e+01 -2.509205151282007870e-02 4.443541773026254277e-02 9.986970925170529645e-01 -4.060568090446328604e+00
-9.932692853638160901e-01 1.109350094477263571e-01 -3.330991491565319512e-02 9.093643201064482184e+01 -1.122812565394010198e-01 -9.928009556207550990e-01 4.170350043401421097e-02 1.170351261452056768e+01 -2.844373714525589431e-02 4.516288517521294815e-02 9.985746179529410016e-01 -3.897078966997993277e+00
-9.853631049050786128e-01 1.674462512968237504e-01 -3.195785378375228664e-02 8.987093756649103682e+01 -1.687798924061494066e-01 -9.846270394516325464e-01 4.497711751637090138e-02 1.404089026783986505e+01 -2.393531723607115677e-02 4.971263528876500304e-02 9.984767170452473195e-01 -4.181046521716897502e+00
-9.860502277772034141e-01 1.626897979977788011e-01 -3.517069700713743030e-02 8.848707511203998877e+01 -1.642338248257193267e-01 -9.853161000535100023e-01 4.668440594520775755e-02 1.357484430612604953e+01 -2.705917743836414729e-02 5.180938720718418489e-02 9.982903326756075169e-01 -4.062259830235467994e+00
-9.851852630433177715e-01 1.692890848676137650e-01 -2.740808688973848939e-02 8.721957850777431531e+01 -1.704141012197500082e-01 -9.843036519432541986e-01 4.588414624506745310e-02 1.374266644105149737e+01 -1.921019489058838764e-02 4.987510918143241156e-02 9.985706994982407325e-01 -4.541265394620546125e+00
-9.855880437911972436e-01 1.655504099878491175e-01 -3.477455519049275218e-02 8.641148635819075707e+01 -1.670786771755732592e-01 -9.848252666371115627e-01 4.694581798630419189e-02 1.358000309217435309e+01 -2.647496117281636363e-02 5.207932359389563781e-02 9.982919515276581501e-01 -4.149157592060140232e+00
-9.894799064050388004e-01 1.421958193116902580e-01 -2.664326914913645733e-02 8.612583617209914166e+01 -1.432845419310490864e-01 -9.886687402430907046e-01 4.476228445633551045e-02 1.272449350054382577e+01 -1.997635763310277174e-02 4.810894964991023481e-02 9.986423153959063104e-01 -4.595229500047415705e+00
-9.878732910562857406e-01 1.521866693752664812e-01 -3.075025987023090671e-02 8.533547288884759041e+01 -1.535183989451413544e-01 -9.870293296744920841e-01 4.695959484113922111e-02 1.265021359793085765e+01 -2.320478405294551169e-02 5.111086016481085348e-02 9.984233660979040526e-01 -4.376618990875080328e+00
-9.869383893732048829e-01 1.580905092504953369e-01 -3.098397111965656842e-02 8.409262439747520546e+01 -1.594473140918807319e-01 -9.860511806782541466e-01 4.774539885587345683e-02 1.244223428824686195e+01 -2.300368688514523030e-02 5.206207802172663907e-02 9.983788711815518857e-01 -4.351001312640147667e+00
-9.898225653840948546e-01 1.392635497541657164e-01 -2.927375558958544843e-02 8.403782371688315322e+01 -1.405660259823612313e-01 -9.888819395863337469e-01 4.851496572705145394e-02 1.158778482620529537e+01 -2.219192186305465886e-02 5.213610332427845440e-02 9.983933820564838690e-01 -4.474085543948460142e+00
-9.843104097155948029e-01 1.741497579524177719e-01 -2.837039179553605545e-02 8.150343524698007514e+01 -1.753307327065875554e-01 -9.834111190153707049e-01 4.649414119550919489e-02 1.468956131123417563e+01 -1.980281530714913391e-02 5.073886875021066389e-02 9.985156061393631877e-01 -4.657812029042029067e+00
-9.905490500126175046e-01 1.350262267762433188e-01 -2.409351783513785303e-02 8.196063484631589802e+01 -1.360252178683136193e-01 -9.896253110436281641e-01 4.624806856162158586e-02 1.144252959931995761e+01 -1.759885288816872770e-02 4.908830639137137797e-02 9.986393836378812949e-01 -4.746789777509875741e+00
-9.860266611291419458e-01 1.633277293573227040e-01 -3.279445632264256505e-02 8.050316772476469396e+01 -1.646700118325986617e-01 -9.853871108724514549e-01 4.354341430681710201e-02 1.310430546746747638e+01 -2.520338758120395720e-02 4.833523093380695523e-02 9.985131419791164475e-01 -4.380748706689169936e+00
-9.838624335614625238e-01 1.760976261017516420e-01 -3.169129072545887049e-02 8.001476973478847299e+01 -1.773978431460429273e-01 -9.831374052031487398e-01 4.439423090394330890e-02 1.430458783031242653e+01 -2.333917465656879658e-02 4.929978267445372236e-02 9.985112990620595985e-01 -4.501562380193419699e+00
-9.861579599170968713e-01 1.627414396433855825e-01 -3.174432098736452990e-02 8.001143889793422659e+01 -1.640334539246976753e-01 -9.854931938388991064e-01 4.354527403451699530e-02 1.315129764746028229e+01 -2.419719169004201989e-02 4.814964921996185698e-02 9.985469979897341197e-01 -4.508871285771800075e+00
-9.942366358420053896e-01 1.037358055849225968e-01 -2.706278975307630993e-02 7.860682395009804679e+01 -1.048958573035136121e-01 -9.934326157487254338e-01 4.570007754048887455e-02 9.807971974412049931e+00 -2.214432365490035318e-02 4.827546588374811293e-02 9.985885580776369119e-01 -4.648501577070956792e+00
-9.941828306739137755e-01 1.042229890184986768e-01 -2.716740240167207776e-02 7.739331088707706385e+01 -1.053565873969524030e-01 -9.934469849474374392e-01 4.430663145528505181e-02 9.813549427713459394e+00 -2.237160444118405089e-02 4.691115708332108808e-02 9.986485140708072361e-01 -4.699956363271266646e+00
-9.904478445648261520e-01 1.344601018894953093e-01 -3.055402095889414582e-02 7.698590750973383479e+01 -1.356787026497910942e-01 -9.898581032556772463e-01 4.209780358097768571e-02 1.102056101987880332e+01 -2.458367027438294883e-02 4.584120874213004626e-02 9.986461969771380787e-01 -4.629985033071313261e+00
-9.889042768205800193e-01 1.431207067841259450e-01 -3.980947846403756069e-02 7.713614892556893210e+01 -1.449249485002354898e-01 -9.883315215590764424e-01 4.687816970537260486e-02 1.120822976783952285e+01 -3.263572564185638486e-02 5.212740912738578203e-02 9.981070296463679936e-01 -4.261443587440970404e+00
-9.903477629402936966e-01 1.343334358542598028e-01 -3.414434727366816996e-02 7.598112629450334055e+01 -1.358455675794230932e-01 -9.896294759776491645e-01 4.668492310401228113e-02 1.096273158782696733e+01 -2.751890637688522365e-02 5.087266739411858835e-02 9.983259395127562774e-01 -4.486883442500477770e+00
-9.913384893809822351e-01 1.274266513770798692e-01 -3.178754458363777097e-02 7.450992913878320678e+01 -1.288299350035556623e-01 -9.905572704224461233e-01 4.689500890513693954e-02 1.085038376370857627e+01 -2.551170944512010097e-02 5.058401459015883506e-02 9.983939153205664274e-01 -4.570833503992807856e+00
-9.913632157557084046e-01 1.272784467211512949e-01 -3.160967330980396506e-02 7.376727653226447501e+01 -1.286709245636312726e-01 -9.905815162254436590e-01 4.681936441732328924e-02 1.129574839407690057e+01 -2.535286213510809170e-02 5.048224155832280180e-02 9.984031128100540053e-01 -4.626456777823050537e+00
-9.912323156604230245e-01 1.290445828865754430e-01 -2.838999855768477645e-02 7.310921821544768306e+01 -1.303122928055028273e-01 -9.902820693287275322e-01 4.858116414605800903e-02 1.013577406984598994e+01 -2.184497045657135886e-02 5.185478563877302105e-02 9.984156842077894778e-01 -4.799438477005153914e+00
-9.889366819764380256e-01 1.455228914837775889e-01 -2.876329424170356863e-02 7.237078138903373770e+01 -1.467564680288267753e-01 -9.880634807692090238e-01 4.683051421818713866e-02 1.151511173981671377e+01 -2.160504878814380886e-02 5.053361281797068283e-02 9.984886458254922381e-01 -4.817149085410808773e+00
-9.895105292297785571e-01 1.415936028312655137e-01 -2.863850870184723660e-02 7.142754077681220792e+01 -1.428310413465373740e-01 -9.886238759568575230e-01 4.713942634254328357e-02 1.091900049882196733e+01 -2.163807226320463642e-02 5.073542672829486899e-02 9.984776964476623773e-01 -4.829022178207361904e+00
-9.942984421340110845e-01 1.042960863909625918e-01 -2.220212452465035111e-02 7.091021241152824928e+01 -1.052450571654334061e-01 -9.933335459951009305e-01 4.703131236786685376e-02 1.344533013675379607e+01 -1.714893326489633565e-02 4.909982448367894436e-02 9.986466448767291615e-01 -5.066333311317531951e+00
-9.934798955416568322e-01 1.112258420446809448e-01 -2.503016611992505205e-02 7.005171365992708843e+01 -1.123006423150047506e-01 -9.925777338606727174e-01 4.666913305011839014e-02 1.373228906008844774e+01 -1.965357194447671721e-02 4.917574916017013881e-02 9.985967568565198293e-01 -4.999825459926052318e+00
-9.880264633186337520e-01 1.516122324063732540e-01 -2.859088607980747251e-02 6.939049428428732824e+01 -1.528641147686753687e-01 -9.870626279672793935e-01 4.837283210974386433e-02 1.202603889213321153e+01 -2.088708208587090540e-02 5.216415872113808888e-02 9.984200670794102228e-01 -4.913835355966185148e+00
-9.923878640891954372e-01 1.190958674081177004e-01 -3.134488115774020089e-02 6.993632678103728040e+01 -1.205104790630257550e-01 -9.915528747843667112e-01 4.795957613301608108e-02 1.080056474901040353e+01 -2.536831970164440953e-02 5.137188796575985900e-02 9.983573395745376500e-01 -4.744541054339766362e+00
-9.923671349587821489e-01 1.196922471690853584e-01 -2.968560966720385288e-02 6.911382052273629029e+01 -1.209807834842731300e-01 -9.915761677313068567e-01 4.626395589254649054e-02 1.024477471222965441e+01 -2.389810622686308270e-02 4.950221767669243933e-02 9.984880625044342262e-01 -4.855406072383845029e+00
-9.910640359129545551e-01 1.303164851037189875e-01 -2.845505983368487243e-02 6.845546323944708433e+01 -1.315831706866014972e-01 -9.901211256935040783e-01 4.843578891160547906e-02 1.108671021441613291e+01 -2.186197411001795585e-02 5.174717543635685979e-02 9.984208951751619709e-01 -5.002385941425675497e+00
-9.931669182840967558e-01 1.135239999374804132e-01 -2.705131908551779846e-02 6.666858615907338503e+01 -1.146848561421653645e-01 -9.923302402341760420e-01 4.613109676166986250e-02 1.323076566744572347e+01 -2.160685534089550053e-02 4.891825584563151696e-02 9.985690502150058601e-01 -5.065867092568706376e+00
-9.932654575002897168e-01 1.131755544882503406e-01 -2.479969360734348913e-02 6.613676758553198454e+01 -1.142161314353955792e-01 -9.924096634860408717e-01 4.558218006475937834e-02 1.314191039277649509e+01 -1.945266708380824841e-02 4.810773000049767267e-02 9.986527124368740349e-01 -5.168928821636711746e+00
-9.954190174775658928e-01 9.198315369966103550e-02 -2.607832585620094637e-02 6.555000615228897232e+01 -9.308319354990521322e-02 -9.946551868326618528e-01 4.468308836051555766e-02 1.059409759521566130e+01 -2.182885069234174677e-02 4.690584976681790030e-02 9.986607745050889440e-01 -5.112490686716039789e+00
-9.929301703225443809e-01 1.161216280998096512e-01 -2.460577880689515662e-02 6.474819167804938047e+01 -1.170902210014044958e-01 -9.922126743507388991e-01 4.247221448898065577e-02 1.306737754134420548e+01 -1.948222289900740367e-02 4.505303924493020418e-02 9.987946068365147756e-01 -5.160922195423677472e+00
-9.928232423630678483e-01 1.165184697522977930e-01 -2.693428354844574005e-02 6.427879894340621547e+01 -1.176518685675089215e-01 -9.920240958436170597e-01 4.523528587538670070e-02 1.292569187019796217e+01 -2.144871199533470232e-02 4.807951198002346355e-02 9.986131950267350676e-01 -5.105650733230769234e+00
-9.906982791183602810e-01 1.325875636713276795e-01 -3.061793121068350290e-02 6.457834101244141323e+01 -1.339428868508651949e-01 -9.898483650417215785e-01 4.753438004526938654e-02 1.085418100635625649e+01 -2.400464150902570717e-02 5.119328260556663124e-02 9.984002328736155674e-01 -5.004253205111337977e+00
-9.924402887643901661e-01 1.199948238106782750e-01 -2.575879453504769864e-02 6.300647191723552965e+01 -1.210507934586562695e-01 -9.916554975919347203e-01 4.434049502117133612e-02 1.281755101171448885e+01 -2.022322032427742097e-02 4.712341619977329643e-02 9.986843370181484048e-01 -5.178574349339636562e+00
-9.921537648567260170e-01 1.225125138186792667e-01 -2.493172353554704707e-02 6.235917151313822160e+01 -1.235414916409340175e-01 -9.913155193127951570e-01 4.506707237814475825e-02 1.295353812239703117e+01 -1.919392413650897189e-02 4.779356784580773149e-02 9.986728033489297163e-01 -5.207283836999900828e+00
-9.924043733624612340e-01 1.207593123405067276e-01 -2.346802535598284389e-02 6.183602196656624983e+01 -1.217287350448271882e-01 -9.915172530284044328e-01 4.555932408841958936e-02 1.271983450983061736e+01 -1.776723938734921932e-02 4.807000551336904071e-02 9.986859365058152749e-01 -5.262887375281986024e+00
-9.923283546936518817e-01 1.208881877380900832e-01 -2.589367753700460781e-02 6.129145227015420971e+01 -1.219404871164640886e-01 -9.915668574888250042e-01 4.388262448322804293e-02 1.274933465789271025e+01 -2.037042151722805519e-02 4.670346020518003488e-02 9.987010727600494908e-01 -5.167957259359747368e+00
-9.919215545387116695e-01 1.243247816217175478e-01 -2.519877608571714778e-02 6.070647168760014267e+01 -1.253387716118068429e-01 -9.911502079577090285e-01 4.372021953551711443e-02 1.269290755226781897e+01 -1.954026541143157741e-02 4.652541176714864585e-02 9.987259704681500372e-01 -5.193261938934976563e+00
-9.917969180859307343e-01 1.256125936264542442e-01 -2.367170457922224830e-02 6.009629391473037430e+01 -1.265556569000982068e-01 -9.909929939771693341e-01 4.377843755494099237e-02 1.270096126025270955e+01 -1.795937030731660500e-02 4.641510756857635672e-02 9.987607815726257110e-01 -5.269643850343326719e+00
-9.917791796567632101e-01 1.256301927026511056e-01 -2.431282543954050440e-02 5.969872319821678275e+01 -1.266089017221675161e-01 -9.909722156573046448e-01 4.409369342615652998e-02 1.250342079187737809e+01 -1.855383529261105807e-02 4.680942722089330432e-02 9.987315118284726401e-01 -5.280373989322664663e+00
-9.919512534721433017e-01 1.246656479851441790e-01 -2.216273781571567736e-02 5.913845821961563587e+01 -1.255575715022971273e-01 -9.910710612127231478e-01 4.487145936040834449e-02 1.241503090608948945e+01 -1.637091852919630997e-02 4.729299989566476681e-02 9.987468974607025540e-01 -5.373894138018302513e+00
-9.914882019622897058e-01 1.279395905081986140e-01 -2.413724404692904960e-02 5.860621321200276412e+01 -1.289363763234307181e-01 -9.906019064945410513e-01 4.564289331280208667e-02 1.240837506998206052e+01 -1.807086689036262531e-02 4.836655900491206722e-02 9.986661703191187511e-01 -5.307000075695837538e+00
-9.916660410348663302e-01 1.265762973697295846e-01 -2.401882599973475391e-02 5.808453918431600727e+01 -1.275223308446493675e-01 -9.908986855884889255e-01 4.310278453828546297e-02 1.226476467383851876e+01 -1.834443223933437950e-02 4.580650437629861516e-02 9.987818810744619746e-01 -5.348470057126669452e+00
-9.914541881968566006e-01 1.282285837009341234e-01 -2.400047976530330848e-02 5.769620574461937679e+01 -1.291519635434577318e-01 -9.907356640547415605e-01 4.198350012659217423e-02 1.231535220825546517e+01 -1.839464649786925685e-02 4.472442612334701084e-02 9.988299968904396087e-01 -5.330404669645579574e+00
-9.915425836136173565e-01 1.279727463941212062e-01 -2.159354211749335561e-02 5.705987123994641763e+01 -1.288056412915843385e-01 -9.907360661052164730e-01 4.302504026523459868e-02 1.217852167399876429e+01 -1.588746840430294016e-02 4.544252962487116410e-02 9.988406103322966523e-01 -5.423568431879610685e+00
-9.913490252006220693e-01 1.292483739966971967e-01 -2.284662016549540708e-02 5.651564040273262179e+01 -1.301087792519512454e-01 -9.906364682975157265e-01 4.136536281228693490e-02 1.220197491671181389e+01 -1.728628923000963963e-02 4.398005796079633434e-02 9.988828453359389625e-01 -5.407635610795272108e+00
-9.911151699671933990e-01 1.300049052016506446e-01 -2.809705472841688909e-02 5.607067549067146217e+01 -1.310640710721356905e-01 -9.905715696888348631e-01 3.987699334448897848e-02 1.202424879239936750e+01 -2.264793886648386670e-02 4.320520741424674349e-02 9.988094817918939938e-01 -5.290084710180644301e+00
-9.917238518960227456e-01 1.259911412594638402e-01 -2.469886444058903147e-02 5.555149202756989268e+01 -1.268952511086262336e-01 -9.911375504492960786e-01 3.929314616378533354e-02 1.201849163244223817e+01 -1.952938367167438710e-02 4.210211887194906244e-02 9.989224267979455174e-01 -5.386871025882647324e+00
-9.914396443493969091e-01 1.282643714986383965e-01 -2.440661009647168353e-02 5.510139283555185585e+01 -1.291565939820249476e-01 -9.908417253246979417e-01 3.938590593776720994e-02 1.189463434774676820e+01 -1.913127918630299143e-02 4.220102320602629742e-02 9.989259571144700756e-01 -5.405129156469357099e+00
-9.917044964999583989e-01 1.265426017460654362e-01 -2.256460868484866378e-02 5.474458681674969540e+01 -1.273647200718680816e-01 -9.910590586051351014e-01 3.975135768395791913e-02 1.181733377840958532e+01 -1.733261961673288748e-02 4.229553522583623382e-02 9.989547877642820373e-01 -5.430539469191646873e+00
-9.915434999746863820e-01 1.275372482702127608e-01 -2.399454024589528500e-02 5.425975134362636965e+01 -1.283432373394101933e-01 -9.910855853276925309e-01 3.574039710055603586e-02 1.188342238381081728e+01 -1.922241106598238797e-02 3.851769540519942719e-02 9.990730133746394959e-01 -5.383265583108943098e+00
-9.913896428496393742e-01 1.286755092848632376e-01 -2.427322312231550497e-02 5.379957823334960665e+01 -1.295359804919596625e-01 -9.908451450979980368e-01 3.803062178973553448e-02 1.177130175526508715e+01 -1.915739565941254954e-02 4.084742031032486537e-02 9.989817227785202647e-01 -5.431434208632159866e+00
-9.914842845033020602e-01 1.273287142133140148e-01 -2.731871372815025331e-02 5.346265992912082510e+01 -1.282887169539013994e-01 -9.910517211192841902e-01 3.685771518728896828e-02 1.171300358103926342e+01 -2.238121277541027174e-02 4.004852810391099777e-02 9.989470439975344229e-01 -5.400424824253446054e+00
-9.919268766774829160e-01 1.246963231405739253e-01 -2.306292089210725677e-02 5.314761999276395699e+01 -1.254923957905500764e-01 -9.914014021993273751e-01 3.707989099169486241e-02 1.150451097620690355e+01 -1.824088604212965176e-02 3.967476165561188012e-02 9.990461367544386517e-01 -5.462528156647055155e+00
-9.918892694651624264e-01 1.249349552146942349e-01 -2.338662193155074953e-02 5.258654568571493115e+01 -1.257055255405462313e-01 -9.914487664854585436e-01 3.503518635655257507e-02 1.156145359416433394e+01 -1.880951802790339217e-02 3.769085300130040062e-02 9.991124069050451029e-01 -5.425944665287745217e+00
-9.917385892129744196e-01 1.260108157985515287e-01 -2.399676994186755383e-02 5.230261642582091497e+01 -1.268440018309377748e-01 -9.912280757260623076e-01 3.711470182988065025e-02 1.149550788808552149e+01 -1.910941823741512877e-02 3.985192836226887636e-02 9.990228495587256674e-01 -5.417448202107504329e+00
-9.919469336228694534e-01 1.245979921731964618e-01 -2.272930317002600301e-02 5.193698147169895663e+01 -1.253655870245632409e-01 -9.914488900176221531e-01 3.622938134735387283e-02 1.148787127277784847e+01 -1.802083422523894848e-02 3.878709616913082747e-02 9.990849867276522245e-01 -5.450280602310625611e+00
-9.921966603034764187e-01 1.228119934505481070e-01 -2.151747074657959016e-02 5.148474017100790689e+01 -1.235168182124081193e-01 -9.917165385075001893e-01 3.524064229529123848e-02 1.145396565619344287e+01 -1.701125807547189048e-02 3.762341711493349949e-02 9.991471841442007840e-01 -5.509541817925978080e+00
-9.922120355097354683e-01 1.228157758231865904e-01 -2.077406552836162656e-02 5.113358410513360752e+01 -1.234978448566087794e-01 -9.917075102269752307e-01 3.555975921160341169e-02 1.135373374013427217e+01 -1.623449738676475962e-02 3.784837339124370870e-02 9.991516109811544588e-01 -5.544023319008129391e+00
-9.924286399333002162e-01 1.207971179939236889e-01 -2.221375529941450183e-02 5.090927990908095779e+01 -1.215728924699048946e-01 -9.918654892240685861e-01 3.772112276695918642e-02 1.143495414420141820e+01 -1.747645434981386081e-02 4.013611304873884733e-02 9.990413735039693766e-01 -5.488536002597454555e+00
-9.924885255644224635e-01 1.206700924887092463e-01 -2.013095630428963015e-02 5.060869598590500118e+01 -1.213450631714526051e-01 -9.919357306985632228e-01 3.659073390113806029e-02 1.141478740269666226e+01 -1.555320760727630161e-02 3.875867570330641249e-02 9.991275508116322923e-01 -5.438172539967826680e+00
-9.924064442556437271e-01 1.218200395733977787e-01 -1.700962545754588356e-02 5.034820963444311559e+01 -1.223682867534142266e-01 -9.918265514577171427e-01 3.613992557445459136e-02 1.129694112691123742e+01 -1.246803099548541606e-02 3.794693376056523099e-02 9.992019707853196930e-01 -5.497667569746324645e+00
-9.923391540785684306e-01 1.224984597259412000e-01 -1.603529380472990679e-02 4.997477393840343751e+01 -1.230174703299272976e-01 -9.917202223420553686e-01 3.684701604540990133e-02 1.130321146566458523e+01 -1.138882242628716686e-02 3.853735801267651334e-02 9.991922571563218725e-01 -5.508515950148257900e+00
-9.924070203279646840e-01 1.211588295907899127e-01 -2.118593910973964531e-02 4.971633975839698394e+01 -1.218361713975768812e-01 -9.919573906854859402e-01 3.429988926547106881e-02 1.137530099331429589e+01 -1.685981444002073934e-02 3.662066461211813811e-02 9.991870063108381217e-01 -5.411587934023981639e+00
-9.924441028163082379e-01 1.216797046788317266e-01 -1.577188176489202620e-02 4.946569258125119006e+01 -1.221785620679610024e-01 -9.918582881614357305e-01 3.591009853052855999e-02 1.131786252558550387e+01 -1.127394146422790178e-02 3.756575135331604448e-02 9.992305602658086983e-01 -5.536565092299212232e+00
-9.922161883859441645e-01 1.232717848663967830e-01 -1.763809969132935224e-02 4.926042465007390092e+01 -1.238170306592350500e-01 -9.917168350028688906e-01 3.416229047681536984e-02 1.141559147659375739e+01 -1.328075387914888668e-02 3.608027477369115527e-02 9.992606443509403080e-01 -5.477781331297297385e+00
-9.924591122474055727e-01 1.214770640787704720e-01 -1.637783318679420300e-02 4.902972590006699249e+01 -1.219699673355481157e-01 -9.919678625781482850e-01 3.351248543909855077e-02 1.125452349371652794e+01 -1.217528583884146774e-02 3.525737532691219228e-02 9.993040978099708704e-01 -5.458176442327491884e+00
-9.923852351508650749e-01 1.226403432304774832e-01 -1.144077212749492270e-02 4.880977014868361152e+01 -1.229698260127564946e-01 -9.917971180179951940e-01 3.488407346614832982e-02 1.116524446183020380e+01 -7.068730080784447339e-03 3.602530920769329847e-02 9.993258778554346966e-01 -5.527447062319316373e+00
-9.922956779835243601e-01 1.228324575179242789e-01 -1.617018352788017477e-02 4.858038864950368918e+01 -1.233107652207690724e-01 -9.918205707985532360e-01 3.296074212606099618e-02 1.119968896077837428e+01 -1.198927169958083003e-02 3.470075965940298823e-02 9.993258300690390783e-01 -5.443035986709253926e+00
-9.921381876693053936e-01 1.241311750833792998e-01 -1.591439413505601336e-02 4.832998462827816155e+01 -1.246319551680226539e-01 -9.915593275738834311e-01 3.573479609882355273e-02 1.126022584140909011e+01 -1.134426371618996697e-02 3.743729789458550422e-02 9.992345852736931322e-01 -5.509299244519224814e+00
-9.924047746374720091e-01 1.219009036659489675e-01 -1.652068286038349890e-02 4.815600481149004963e+01 -1.224104142603509582e-01 -9.918806624322662469e-01 3.447378675947939536e-02 1.110517566766622899e+01 -1.218416010062280640e-02 3.623425421274483610e-02 9.992690453848195320e-01 -5.542693191729495261e+00
-9.921761460930014209e-01 1.237180823039886884e-01 -1.674309514583881622e-02 4.800496420139012343e+01 -1.242246233019394380e-01 -9.916830060091175181e-01 3.366093519514481991e-02 1.113961301331172393e+01 -1.243937657321994572e-02 3.547748164320541076e-02 9.992930552179003501e-01 -5.528427758791652380e+00
-9.923267732124869678e-01 1.225637024563302757e-01 -1.630073636035686904e-02 4.781761374796854369e+01 -1.230117102318435407e-01 -9.919480076627644749e-01 3.012091033998841663e-02 1.115194151883482121e+01 -1.247775266346783270e-02 3.189496722162923209e-02 9.994133362900459172e-01 -5.511515927262240488e+00
-9.921763942156192062e-01 1.235204180603290958e-01 -1.813033600058281195e-02 4.762202064708435501e+01 -1.240437015581241087e-01 -9.917822980462804860e-01 3.132145248544884741e-02 1.107125788942085087e+01 -1.411250739774985372e-02 3.332535977661328641e-02 9.993449141966489480e-01 -5.525193536436648678e+00
-9.923322960853639962e-01 1.222866253308987211e-01 -1.796094126514834882e-02 4.734594745440810470e+01 -1.228204382851921100e-01 -9.918983306699313829e-01 3.244751999208921045e-02 1.102735439394188077e+01 -1.384752993797187109e-02 3.440469269422574694e-02 9.993120448764905017e-01 -5.538549999093901555e+00
-9.921530490080696651e-01 1.229216019250993219e-01 -2.286060200780222484e-02 4.727553245392161330e+01 -1.236333961304047213e-01 -9.917830350119638538e-01 3.288152708924718670e-02 1.101580875485452893e+01 -1.863090725794486202e-02 3.544984122144816119e-02 9.991977772453859430e-01 -5.453711756186935489e+00
-9.923279340709167951e-01 1.223357738936746153e-01 -1.786699998271686768e-02 4.705971055119636759e+01 -1.228747926822967296e-01 -9.918712428908182943e-01 3.306392066144294567e-02 1.096575607019600618e+01 -1.367686315751092535e-02 3.500565600098531210e-02 9.992935241770114496e-01 -5.546507809299073166e+00
-9.919860734823282566e-01 1.249697502806038918e-01 -1.860622293528009161e-02 4.679637212468934848e+01 -1.255250272457034966e-01 -9.915588234473324825e-01 3.247410012160095727e-02 1.098184497594639986e+01 -1.439088433972129585e-02 3.454940171038958785e-02 9.992993752071372970e-01 -5.593121658255164164e+00
-9.922489303953190287e-01 1.230427154817527180e-01 -1.739397298555162702e-02 4.668688490019741977e+01 -1.235590580825448870e-01 -9.918007586986572477e-01 3.262536146194280895e-02 1.092538656624027027e+01 -1.323704253600288192e-02 3.452166293278140230e-02 9.993162840128522184e-01 -5.602854937555968640e+00
-9.919848321970101690e-01 1.244875155234922981e-01 -2.165528041511770307e-02 4.658911100210154643e+01 -1.251463139269375913e-01 -9.916116045596308215e-01 3.232376545476365465e-02 1.095582355735868774e+01 -1.744972210579599781e-02 3.477476357162543469e-02 9.992428248513811617e-01 -5.481631378944029187e+00
-9.920864039141907842e-01 1.237734559436858423e-01 -2.108788212138148696e-02 4.641409023637307740e+01 -1.244123807526889142e-01 -9.917047839001869036e-01 3.229831427383492853e-02 1.096263680668418061e+01 -1.691527960326941540e-02 3.466631208017240812e-02 9.992557831319783812e-01 -5.522878545649214210e+00
-9.919497980975675588e-01 1.243136518950175712e-01 -2.411874803384371838e-02 4.632117033791817562e+01 -1.250720219910663178e-01 -9.915987167646054257e-01 3.299960948033676261e-02 1.094933611677799234e+01 -1.981381763471816784e-02 3.575053654580450518e-02 9.991643066920601335e-01 -5.539775912162911986e+00
-9.920088838724556712e-01 1.241698483496451039e-01 -2.236566741574808059e-02 4.613088845619809319e+01 -1.248813775102412121e-01 -9.915935682157239750e-01 3.386498227305127784e-02 1.093215880730484280e+01 -1.797264224509958347e-02 3.638741862286461182e-02 9.991761305679265348e-01 -5.567514087868048023e+00
-9.916298194889907602e-01 1.268877483083517554e-01 -2.387049286186402469e-02 4.596414767120993616e+01 -1.276406787698420309e-01 -9.912638651333840478e-01 3.322358806629129024e-02 1.092123762682657429e+01 -1.944629073643425188e-02 3.599234654841200476e-02 9.991628459698314035e-01 -5.482549393363926882e+00
-9.919490733609737099e-01 1.245827950447262744e-01 -2.271922175493266971e-02 4.585194394719323441e+01 -1.253302776741718749e-01 -9.914925924788158262e-01 3.513915988968163706e-02 1.085045031369670276e+01 -1.814820532231922051e-02 3.770366346233958166e-02 9.991241546500102544e-01 -5.491875011418700936e+00
-9.916712927137518729e-01 1.269165904487274399e-01 -2.191406571832188802e-02 4.565843642139741121e+01 -1.276238793182820075e-01 -9.912177754162483367e-01 3.463332393255427050e-02 1.083398772050381353e+01 -1.732606808221438463e-02 3.714163119377821703e-02 9.991598003307958775e-01 -5.513966435789718901e+00
-9.917403090426710754e-01 1.264216119688799933e-01 -2.165029900804709209e-02 4.561682741936419205e+01 -1.271318287696509286e-01 -9.912551304577936762e-01 3.536614843020281784e-02 1.085343445498889992e+01 -1.698992447399504460e-02 3.782647708012108756e-02 9.991398801459558943e-01 -5.529434581600011001e+00
-9.917555832257363146e-01 1.264652656606725101e-01 -2.067364800794278465e-02 4.538628356783093665e+01 -1.270845334613392996e-01 -9.913742774825089477e-01 3.204002654412465428e-02 1.094374643945959136e+01 -1.644337238812425619e-02 3.440317612386974838e-02 9.992727540452083224e-01 -5.565754878149290263e+00
-9.916997686596555894e-01 1.268284202547615702e-01 -2.112156850396981755e-02 4.542637843802415176e+01 -1.274392671353584416e-01 -9.913728994962422991e-01 3.064322659931493359e-02 1.091240414548666848e+01 -1.705291858858926091e-02 3.308059794042119556e-02 9.993071960150767818e-01 -5.556243642728465382e+00
-9.916256365958870944e-01 1.274707013703661185e-01 -2.073203168890170450e-02 4.529222752123929041e+01 -1.280810520712708234e-01 -9.912664436922202782e-01 3.140193799903928662e-02 1.092400738960895623e+01 -1.654814026164571489e-02 3.379434718893134515e-02 9.992917998022173842e-01 -5.616977487894597054e+00
-9.915011449982529257e-01 1.283935275967982292e-01 -2.099003426401074845e-02 4.517606521126577235e+01 -1.290123183257306239e-01 -9.911455869308789524e-01 3.140457335587352322e-02 1.093263312198560655e+01 -1.677203587446916833e-02 3.384564342266676434e-02 9.992863309552129092e-01 -5.596725736899972325e+00
