-0.992984767592921 0.10137919102239956 -0.0608564783411852 130.61741942895668 -0.10395795000928613 -0.9937439764092623 0.040812424335982554 9.165662597299706 -0.05633822821418853 0.04685263042730319 0.9973118043339 -1.0422030071474067
-0.9933198403054162 0.0987120161882618 -0.05976313843569205 129.5142605805654 -0.1013515767093694 -0.993926574312729 0.04286983523980176 8.424009342794996 -0.05516840358538546 0.04864054620387686 0.9972916045524679 -1.1769677946302692
-0.9938632036569782 0.09893142331641247 -0.04948237966471131 132.34412640701197 -0.10403239338774846 -0.9879980279428512 0.11418037443912789 10.294199149880937 -0.03759246656859024 0.11862744312186543 0.9922269580069213 -2.018477857831059
-0.9960365686176949 0.0775977826750579 -0.043471118000412465 127.41876629300111 -0.08070115487145563 -0.9939215506314611 0.074881738713557 8.499172954696315 -0.03739622412362806 0.07809311950656443 0.9962444414434843 -2.626287168535687
-0.9940637337169969 0.09332379876939195 -0.05592818512952264 125.51354072642953 -0.0959255761254836 -0.9943346516965874 0.04579174904309515 7.958294263084884 -0.051337872507789574 0.05088486040741286 0.9973841555928702 -1.6701387288383374
-0.9784520767626862 0.20260335897265008 -0.03979211494498224 122.14239432924 -0.20389666274477655 -0.9784804578985072 0.03165666489491083 19.22178862923029 -0.0325220602105358 0.03908800895064425 0.9987063848579034 -2.779351178677758
-0.9955489982871402 0.08387902238667166 -0.04297093916742335 124.29166190681272 -0.08732590970117582 -0.9924725769130261 0.08586250386796375 9.128729527805982 -0.03544541584374896 0.08923280606968596 0.9953798917079867 -2.9732865989579853
-0.9946665561244231 0.0933009719216088 -0.04397011219077092 122.37319079577644 -0.09665658872324119 -0.9919635580692927 0.0816443710178072 8.553583171574886 -0.03599924976957334 0.08545892639736485 0.9956911297762244 -3.0378224160229443
-0.9964035624859432 0.07463755912361128 -0.04011452895640297 120.49001574000162 -0.07776679129461576 -0.993499758517279 0.0831297539864795 8.049502438450508 -0.033649172903123595 0.08595036122194225 0.9957310221986457 -3.0141963644820806
-0.9976193259765704 0.0544818374835261 -0.042277769838114716 118.651796992151 -0.05796949019607755 -0.9945897902331312 0.08620143485133148 7.550612183432281 -0.037352625670397877 0.0884470380987407 0.9953802804994164 -2.8253109849332976
-0.9903154668543764 0.13551950012072958 -0.03016191631900902 115.30047452380906 -0.13685523345692824 -0.9894369279726528 0.04780387682495409 19.031687309274712 -0.023364956333297805 0.05146873469469966 0.9984012460751857 -3.772874345867706
-0.9901907771785751 0.13679004402228198 -0.028472945876348087 114.00453834050742 -0.13835560955397952 -0.9883621085095541 0.06323027571898694 18.86156222222396 -0.019492308622684522 0.06654942763791868 0.9975927142805477 -4.20984663875177
-0.9946763589574757 0.08812143338711449 -0.05341866629658996 117.5792128276886 -0.09165107214759931 -0.9934883424089733 0.06768304419621493 6.841990640277017 -0.04710649536212329 0.07221860200302604 0.9962757909431679 -2.701531236105384
-0.9947917995924369 0.08747897943052907 -0.052313512799712074 116.61794077675475 -0.0908204048728231 -0.9937221793474028 0.06532904661633046 6.650540842167286 -0.04627017962348147 0.06973993426190651 0.9964915514176553 -2.699801607875859
-0.9962511509002392 0.08110208133900668 -0.0301014407037052 111.86732662409759 -0.08193679887528445 -0.9962548384457048 0.027616260854760606 10.415510121939187 -0.027748969711130573 0.02997914735291211 0.9991652743185014 -3.7995079432784484
-0.9998365526831002 -0.01055722367997665 -0.01467695291802349 109.48429584818517 0.010206646504390937 -0.9996656025051651 0.02375936731334912 6.284217220757442 -0.014922877936957409 0.023605681438314385 0.9996099636947958 -4.233183659721758
-0.9998479828771581 -0.008052209085935298 -0.015465221153360723 108.87335810340144 0.007809690150906843 -0.999846585582927 0.01567845776579288 6.11380229473901 -0.015589094785547644 0.015555295786429734 0.9997574770396895 -4.286775889649124
-0.9915000369673942 0.1281045775589369 -0.022735300792151122 107.47605501300208 -0.12896240201619788 -0.9907827392175312 0.041451930411254355 17.782335116013616 -0.017215561561446012 0.044031589535844996 0.9988817965921096 -4.4350824593358
-0.995801015392861 0.07178612042278368 -0.05680748768604158 106.97567365712575 -0.07457700754295091 -0.9960285663038272 0.0486350187898045 9.631424919780326 -0.05309056119964094 0.05266733353219593 0.9971998517298946 -2.3904370177449383
-0.991932122739013 0.12204632999732291 -0.034283483088213454 105.73850706545375 -0.12348530761094734 -0.9913896460349694 0.043565451207223445 17.623714628603153 -0.02867128672915076 0.04744747694918667 0.9984621646554539 -3.6230542793645717
-0.9974229088902086 0.04842168663133437 -0.05294224291410569 101.98979427901982 -0.051565080988962265 -0.9968827167710913 0.05971508541140589 7.512398352980117 -0.04988570179521433 0.06229116523927462 0.9968105273769644 -3.0735209798573373
-0.9971969850740265 0.04093630433428865 -0.06262900244079324 102.67787785105747 -0.04382638793622207 -0.9980029629435584 0.04548992939492725 8.285909656771423 -0.06064174040825445 0.04810722340088026 0.9969996360966885 -2.2233024749128103
-0.9933177179071537 0.11307225304631278 -0.023120918726693945 102.62851833283008 -0.11411682334560086 -0.99218800532556 0.050401515032878534 16.71239541078372 -0.017241285371017545 0.05270320368944384 0.9984613715110042 -4.298595799216128
-0.9925478875334317 0.12093159346133683 -0.014974667135932913 101.41636112554018 -0.12150531377863152 -0.9915023676971991 0.04647056675362436 17.030838071412823 -0.009227658234187672 0.047943764492873096 0.9988074117515189 -4.7177866332661385
-0.9925097152077837 0.12100284256815345 -0.016815983723708985 100.43154169193413 -0.12160419008665287 -0.9917260866344568 0.04113137539735575 16.917132680137907 -0.011699836389404755 0.04286818376296583 0.9990122284783752 -4.618045952679198
-0.992866723233149 0.1181318686059115 -0.016140988691956064 99.35486055633459 -0.11870722259344788 -0.9920746594119059 0.04118817132269557 16.780400714736757 -0.01114743021633313 0.0428104166346644 0.9990210223149172 -4.611352172755461
-0.9931774159041765 0.11168963596806757 -0.03352679160365291 98.75410095467674 -0.11286262179330797 -0.9929795427483321 0.03540700898495755 16.562600391119684 -0.0293368222521657 0.03894936328928199 0.9988104414549899 -3.6174652189124887
-0.9928823183621802 0.11477067267898057 -0.03181814854073482 98.38357001131664 -0.1159995820881509 -0.992446754835866 0.03991911536009818 16.61711763040544 -0.0269962745415095 0.04332587573924546 0.9986961848591956 -3.8845977725265937
-0.9934630682446158 0.11281584452473713 -0.017427485710067123 96.42265366849128 -0.11350331708216306 -0.9924981369312073 0.0454361662053248 16.11805553144026 -0.012170827636216667 0.04711723052410863 0.9988152169157205 -4.671638660757231
-0.9936740303639878 0.11064645172834066 -0.019216766120488553 95.45541108467263 -0.11135094266744437 -0.9929520660959293 0.040585243659544724 16.091601489008116 -0.014590714419562462 0.04246830766302022 0.9989912681785439 -4.5171250263452345
-0.9925843039752065 0.11837371973492625 -0.027641671045293283 94.7616175084539 -0.11951086046301392 -0.9918603604070889 0.04393381026621623 16.637146162282782 -0.022216069261898355 0.04691149037532951 0.9986519705769986 -4.05018094243495
-0.9931724959045686 0.11581178345077596 -0.014000863996503812 93.32404892506021 -0.116297155309446 -0.9923624290483091 0.04113126645599009 16.16174794580993 -0.009130446080488248 0.04247870322047919 0.9990556514664665 -4.761924843832401
-0.9934286448455345 0.11340311345177807 -0.015468078737117471 92.42368311699828 -0.11395915739988106 -0.9926090439266914 0.04172045493104116 15.840329301692636 -0.010622525362828233 0.04320902422396012 0.9990095806249987 -4.7567673809707305
-0.9934702966649505 0.11286173562136305 -0.016703241511803364 91.34572509045486 -0.11346295538503454 -0.9926963827526386 0.04098840598417187 15.76974959183909 -0.011955224789284144 0.04261596299935761 0.9990199959449672 -4.761882056378862
-0.9927547743340563 0.11736211832501917 -0.025769967388631767 90.6576224064037 -0.11835123262606886 -0.9921263814347039 0.040966193344973985 16.008312690828898 -0.02075918526429501 0.0437192914346929 0.9988281532794423 -4.377835424639323
-0.9932685376712778 0.11371168274615986 -0.022074086151128568 89.64862878906477 -0.11448417525518122 -0.9927123017958861 0.03762525055412118 15.510483323262143 -0.017634786318872425 0.03989911114493096 0.9990480845491582 -4.594524693541991
-0.99322212375642 0.11381250969589318 -0.023590793066730963 88.7811780067635 -0.11460032008652776 -0.9927851327497749 0.03527671791826253 15.443651669972239 -0.01940565682631531 0.03774112912647506 0.9990991080245274 -4.573472491598651
-0.9934706124141405 0.1116887901747163 -0.023275661511257414 87.96529364432823 -0.11255013100882054 -0.9928511728779427 0.03973684090108991 15.346516948722172 -0.018671108145353905 0.04209706241781774 0.998939050721523 -4.662418031399823
-0.9934395527337694 0.11189394070754909 -0.023613578658727985 86.97620981346113 -0.1127587019421995 -0.9928498103037215 0.03917562145237362 15.393938223548707 -0.019061222427936685 0.041581248331481566 0.9989532869893143 -4.561326766536336
-0.9930625283704506 0.11526378749127371 -0.023260998251610845 86.01714373630676 -0.11606090925647851 -0.9925727673059406 0.03645774191023425 15.407842474242246 -0.01888597598894701 0.038904509967349635 0.9990644418730706 -4.789197348738813
-0.9930783792748834 0.11203594649244356 -0.035260166056341295 85.29673622874915 -0.11364048151494908 -0.9923919388068974 0.047371729461156344 15.320825396897254 -0.02968456800814102 0.051050822565672886 0.9982547971021949 -4.2085911069462245
-0.9930387456651797 0.11483279040469781 -0.02621983706294015 84.19516243590095 -0.11582785329884626 -0.9924534496763558 0.04024995187190086 15.380359004996883 -0.02139995345596166 0.04300674916080196 0.9988455643985772 -4.76733734378163
-0.9930297522853185 0.11487886204367204 -0.026358264960253317 83.29698097087984 -0.11595963396036162 -0.9922794260869278 0.043987542058838425 15.323534162777468 -0.021101525251589818 0.046737432750949486 0.9986843034772874 -4.7646081894459265
-0.9935016266257473 0.1110825687905856 -0.024802838605352928 82.49792682036065 -0.11217618571999953 -0.9925181324514923 0.04821058091659104 14.746954662560618 -0.019261911880979317 0.05067957839098244 0.9985291979130132 -4.699709764268881
-0.9934407279227697 0.11217415880234936 -0.0221918498838195 81.66642032506454 -0.11291722301497824 -0.9929637403785736 0.035675075893123256 15.018037567959365 -0.018033880638036088 0.03794691542641058 0.999117015548609 -4.82696792865371
-0.9933927751437164 0.11255211729200135 -0.02242354087456275 80.82507086956397 -0.11334809527128008 -0.9928238434758049 0.038118566661220966 14.971165805134742 -0.01797230064956345 0.04040837436746032 0.9990216012130769 -4.894209767807761
-0.9930238747888794 0.11202060809684786 -0.036809882652587285 79.99348482781534 -0.11366307183885123 -0.9924515309316474 0.046050676993785324 14.949824654922844 -0.03137339955185921 0.049913346041340415 0.9982606712114451 -4.264254950072098
-0.993406286590093 0.11240306303083215 -0.02257213292026012 79.21191673988028 -0.11323761102683888 -0.9927657060261049 0.03991862206319917 14.836035601818988 -0.017921864083223323 0.042211424517266484 0.9989479478070962 -4.8689403735149925
-0.993249279808256 0.11228610130784314 -0.029115281442333066 78.21130716671887 -0.11334715096415446 -0.9928365602310092 0.037788728967394526 14.791508192728562 -0.02466356682823616 0.040833762032741895 0.9988615080928694 -4.540542984731291
-0.993676447279575 0.10902279737302405 -0.02685419473397588 77.30344299146941 -0.11016379584301728 -0.9928721023076476 0.04548545420965119 14.476827373910886 -0.021703829323582807 0.048156184568146056 0.9986039884161003 -4.717550163112847
-0.9935372945027544 0.1104971269874404 -0.025962075411502316 76.68861802958159 -0.11157282847001654 -0.9927607132819678 0.044471003036582496 14.505596478886355 -0.02086021043401112 0.047080262227402914 0.9986732701585925 -4.882343238542906
